symbol,date,open,high,low,close,volume
1101,2010-12-31,32.5,32.9,32.35,32.8,12603384
1101,2010-12-30,32.25,32.6,32.25,32.45,8724348
1101,2010-12-29,32.25,32.45,32,32.45,8461511
1101,2010-12-28,32.4,32.45,32.1,32.25,7479614
1101,2010-12-27,32.5,32.7,32.15,32.4,14742445
1101,2010-12-24,32.85,33,32.65,32.75,19078347
1101,2010-12-23,32.8,33.75,32.65,33.4,17393851
1101,2010-12-22,32.85,32.95,32.6,32.8,5757242
1101,2010-12-21,32.65,32.8,32.45,32.8,4758624
1101,2010-12-20,32.95,32.95,32.45,32.65,5773504
1101,2010-12-17,32.6,33.05,32.6,33,7757403
1101,2010-12-16,33,33,32.5,32.7,8840796
1101,2010-12-15,32.7,33,32.4,33,6890080
1101,2010-12-14,33,33.15,32.55,32.7,10613659
1101,2010-12-13,33.1,33.35,33,33,7810870
1101,2010-12-10,33.05,33.3,33,33.15,6527648
1101,2010-12-09,33.5,33.55,32.95,33.15,14351247
1101,2010-12-08,33,34.05,32.8,33.55,36509744
1101,2010-12-07,32,33.3,31.95,33,29847098
1101,2010-12-06,32.05,32.1,31.65,32,17183173
1101,2010-12-03,32.4,32.4,31.4,32.05,10424074
1101,2010-12-02,32.6,32.65,31.95,32.3,12027566
1101,2010-12-01,31.6,32.2,31.35,32.2,15487481
1101,2010-11-30,31.3,31.5,31,31.35,12092258
1101,2010-11-29,31.4,31.4,30.95,31,7523816
1101,2010-11-26,31.15,31.2,30.9,30.9,9467373
1101,2010-11-25,30.7,31.45,30.5,31.45,11981431
1101,2010-11-24,31.45,31.6,30.6,30.95,15182308
1101,2010-11-23,32.1,32.2,31.5,31.65,11265618
1101,2010-11-22,32.2,32.4,32.05,32.15,5327986
1101,2010-11-19,32.4,32.45,31.75,31.9,10061308
1101,2010-11-18,32.2,32.4,32,32.15,4297407
1101,2010-11-17,32,32.35,32,32.2,4467508
1101,2010-11-16,32.3,32.4,31.6,32.4,15884922
1101,2010-11-15,33.15,33.15,32,32.25,11404637
1101,2010-11-12,33.5,33.6,32.85,33.2,16228164
1101,2010-11-11,34.2,34.3,33.65,33.8,5800652
1101,2010-11-10,34.3,34.5,34.05,34.2,6737348
1101,2010-11-09,34.4,34.5,34,34.1,3742638
1101,2010-11-08,34,34.45,33.9,34.3,11396787
1101,2010-11-05,34.25,34.3,33.6,33.9,7945162
1101,2010-11-04,34.2,34.4,33.95,34.1,10330408
1101,2010-11-03,33.6,34.2,33.6,34.1,16767522
1101,2010-11-02,33.2,33.5,33,33.45,7059751
1101,2010-11-01,32.6,33.15,32.6,33,8824628
1101,2010-10-29,32.7,32.7,32.3,32.6,9170022
1101,2010-10-28,33.05,33.4,32.6,32.75,11777288
1101,2010-10-27,33.5,33.55,32.65,33.05,10164992
1101,2010-10-26,33.15,33.5,32.8,33.5,9470671
1101,2010-10-25,33.3,33.65,33,33.25,7764872
1101,2010-10-22,33.15,33.3,32.6,33.3,9197148
1101,2010-10-21,32.55,33.1,32.35,33,7509955
1101,2010-10-20,32.55,32.95,32.5,32.5,10527755
1101,2010-10-19,33.3,33.3,32.5,32.6,8329991
1101,2010-10-18,33.75,33.85,32.95,33.3,7461776
1101,2010-10-15,34.5,34.5,33.65,33.75,5477944
1101,2010-10-14,34,34.5,33.85,34.2,15901409
1101,2010-10-13,33.55,33.9,33.35,33.5,14396464
1101,2010-10-12,33.95,34,33.4,33.45,9986694
1101,2010-10-11,34.45,34.8,33.7,33.8,14702170
1101,2010-10-08,34.5,34.75,33.75,34.35,26121904
1101,2010-10-06,33.4,34.1,33.3,34.05,21720861
1101,2010-10-05,33.2,33.3,32.85,33.25,8116165
1101,2010-10-04,33.4,33.75,33.25,33.3,9317895
1101,2010-10-01,33.3,33.55,32.9,33.45,6744851
1101,2010-09-30,33.1,33.4,32.75,33.4,8112620
1101,2010-09-29,34,34.1,33.15,33.15,19405743
1101,2010-09-28,33.3,33.95,33,33.95,22357455
1101,2010-09-27,32.35,33.6,32.2,33.35,20868888
1101,2010-09-24,32.4,32.6,32,32.3,12721578
1101,2010-09-23,33.3,33.3,32.35,32.4,9680392
1101,2010-09-21,33.6,33.8,32.8,33.3,11867624
1101,2010-09-20,32.85,33.65,32.85,33.4,17349533
1101,2010-09-17,32.9,32.95,32.45,32.6,8411993
1101,2010-09-16,32.9,33,32.4,32.85,8519189
1101,2010-09-15,33,33,32.3,32.9,12663524
1101,2010-09-14,33,33,32.5,33,16762707
1101,2010-09-13,32.5,32.95,32.5,32.8,20627744
1101,2010-09-10,31.6,32.15,31.6,32,26224482
1101,2010-09-09,31.55,31.55,30.9,31.25,8489140
1101,2010-09-08,31.2,31.2,30.8,31.15,8009303
1101,2010-09-07,32,32,31.2,31.3,11190065
1101,2010-09-06,32,32.2,31.8,31.8,24101120
1101,2010-09-03,31,31.8,31,31.8,42379773
1101,2010-09-02,30.5,31.1,30.5,30.95,36967477
1101,2010-09-01,29.5,30.1,29.5,30,14719848
1101,2010-08-31,29.3,29.55,29,29.45,9146064
1101,2010-08-30,30.1,30.15,29.3,29.55,8017935
1101,2010-08-27,29.8,29.8,29.45,29.7,6373232
1101,2010-08-26,29.3,29.6,29,29.4,11012115
1101,2010-08-25,30,30,29.15,29.3,16633081
1101,2010-08-24,30.3,30.6,30,30,31056387
1101,2010-08-23,29,30.4,29,30.1,32908620
1101,2010-08-20,28.65,28.95,28.5,28.8,11283421
1101,2010-08-19,29,29.1,28.65,28.75,10507388
1101,2010-08-18,29.1,29.25,28.85,28.9,13738394
1101,2010-08-17,29.35,29.35,28.8,28.9,18908948
1101,2010-08-16,30,30,29,29.35,23331621
1101,2010-08-13,30,30.1,29.35,29.9,20452652
1101,2010-08-12,30.05,30.25,29.75,30.1,9775184
1101,2010-08-11,30.55,30.7,30.3,30.4,15686284
1101,2010-08-10,30.6,31.1,30.45,30.45,25114480
1101,2010-08-09,30.4,30.5,30.25,30.25,27172191
1101,2010-08-06,28.9,29.85,28.75,29.8,28347710
1101,2010-08-05,29.8,29.95,29,29.3,15647529
1101,2010-08-04,30.3,30.35,29.7,29.9,14875988
1101,2010-08-03,30.4,30.4,29.85,30.3,17473981
1101,2010-08-02,29.9,30.5,29.85,30,28072615
1101,2010-07-30,29.4,30.25,29.4,29.8,40835800
1101,2010-07-29,28.8,29.5,28.5,29.35,30016229
1101,2010-07-28,28.25,28.75,28.2,28.65,11294210
1101,2010-07-27,28.65,28.8,28.35,28.35,4387908
1101,2010-07-26,28.8,28.8,28.3,28.75,10817949
1101,2010-07-23,28.35,28.7,28.1,28.5,15278961
1101,2010-07-22,27.6,28.25,27.5,28.1,20024275
1101,2010-07-21,27.6,27.65,27.2,27.35,5571624
1101,2010-07-20,27.3,27.65,26.9,27.5,8749544
1101,2010-07-19,27,27.3,26.75,27.3,10980714
1101,2010-07-16,27.55,27.85,26.9,27.25,24687191
1101,2010-07-15,27.75,27.75,27.5,27.5,9757863
1101,2010-07-14,27.3,27.75,27.3,27.75,26138257
1101,2010-07-13,29.05,29.15,28.85,28.85,17442566
1101,2010-07-12,29.1,29.2,29,29.05,11184768
1101,2010-07-09,28.55,29,28.55,28.95,12721227
1101,2010-07-08,28.8,28.95,28.45,28.55,7518118
1101,2010-07-07,29,29,28.5,28.55,7776964
1101,2010-07-06,28,29.05,28,29,18487221
1101,2010-07-05,27.6,28.3,27.25,28.2,8407351
1101,2010-07-02,27.2,27.65,27.1,27.4,6501446
1101,2010-07-01,27.2,27.2,26.9,27,5756507
1101,2010-06-30,27.1,27.3,27,27.3,8545795
1101,2010-06-29,27.95,28.25,27.6,27.6,10087372
1101,2010-06-28,27.75,27.9,27.6,27.6,5385204
1101,2010-06-25,27.8,27.8,27.6,27.7,6053109
1101,2010-06-24,28,28.1,27.8,28.1,4582524
1101,2010-06-23,28.4,28.4,27.9,28.1,6579572
1101,2010-06-22,28.3,28.5,28.2,28.4,8011098
1101,2010-06-21,28.4,28.6,28.1,28.35,15464716
1101,2010-06-18,27.9,28,27.5,27.8,14157775
1101,2010-06-17,27.6,27.8,27.6,27.7,8958472
1101,2010-06-15,27.4,27.65,27.3,27.6,9317091
1101,2010-06-14,27.45,27.5,27.25,27.4,6931616
1101,2010-06-11,27.2,27.45,27.15,27.3,7792145
1101,2010-06-10,27,27.05,26.45,27,5372165
1101,2010-06-09,27.15,27.15,26.75,26.8,6432619
1101,2010-06-08,26.5,27,26.5,26.85,3119275
1101,2010-06-07,26.2,26.85,26.2,26.65,5787260
1101,2010-06-04,27.2,27.3,27,27.05,3570478
1101,2010-06-03,27.4,27.4,27.15,27.25,6524172
1101,2010-06-02,27.15,27.35,26.85,27,6674940
1101,2010-06-01,27.3,27.45,27.05,27.35,7443634
1101,2010-05-31,27.3,27.35,27,27.35,7793189
1101,2010-05-28,27.2,27.35,26.8,27,9957458
1101,2010-05-27,26.4,27.1,26,26.85,11668680
1101,2010-05-26,25.8,26.3,25.6,25.85,14319420
1101,2010-05-25,26.1,26.35,25.5,25.5,11379894
1101,2010-05-24,26,26.8,26,26.6,7058706
1101,2010-05-21,26.05,26.15,25.6,25.95,12082072
1101,2010-05-20,27.1,27.2,26.45,26.75,12173885
1101,2010-05-19,26.35,27.1,26.15,27.1,10801843
1101,2010-05-18,26.4,26.55,26.25,26.45,5774336
1101,2010-05-17,26.65,26.7,26.1,26.3,7254155
1101,2010-05-14,26.8,26.9,26.65,26.9,3616723
1101,2010-05-13,26.7,27,26.5,26.9,9865013
1101,2010-05-12,26.4,26.6,26.2,26.2,6188234
1101,2010-05-11,26.8,27.05,26.2,26.2,15132665
1101,2010-05-10,25.5,27.1,25.5,26.6,24236136
1101,2010-05-07,24.6,25.4,24.6,25.4,16235034
1101,2010-05-06,26.3,26.4,25.5,25.55,26053082
1101,2010-05-05,26.9,26.9,25.7,26.3,45489920
1101,2010-05-04,28.35,28.45,27.55,27.6,22281524
1101,2010-05-03,28.3,28.45,27.85,28.3,12674436
1101,2010-04-30,28.55,28.65,28.2,28.3,10857648
1101,2010-04-29,28.4,28.4,28,28.3,8999468
1101,2010-04-28,27.9,28.35,27.9,28.2,15041500
1101,2010-04-27,28.8,28.8,28.35,28.5,12111871
1101,2010-04-26,28.2,28.85,28.2,28.8,18881125
1101,2010-04-23,28.1,28.2,27.8,27.8,26596335
1101,2010-04-22,28.35,28.35,28,28.1,20435458
1101,2010-04-21,28.65,28.9,28.25,28.45,24253103
1101,2010-04-20,29,29.1,28.55,28.6,18981693
1101,2010-04-19,29.8,29.85,28.7,28.8,21500792
1101,2010-04-16,30.5,30.55,30,30.05,17742463
1101,2010-04-15,30.05,30.4,30,30.4,21394223
1101,2010-04-14,29.9,30,29.65,29.85,7504602
1101,2010-04-13,29.8,30,29.65,29.8,6642936
1101,2010-04-12,30,30.15,29.7,29.8,15545089
1101,2010-04-09,29.6,29.8,29.55,29.65,5577009
1101,2010-04-08,30,30.15,29.5,29.6,17859799
1101,2010-04-07,30.05,30.2,29.7,30,11783435
1101,2010-04-06,30.2,30.25,30,30.05,11966045
1101,2010-04-02,30.15,30.25,29.95,30.15,12010822
1101,2010-04-01,30,30.15,29.9,29.95,27121106
1101,2010-03-31,30.1,30.1,29.7,29.95,10006471
1101,2010-03-30,30.2,30.2,29.8,30.05,13087035
1101,2010-03-29,29.5,30,29.45,30,19959169
1101,2010-03-26,29.5,29.65,29.2,29.45,14773274
1101,2010-03-25,29.55,29.7,29.25,29.55,10903360
1101,2010-03-24,29.5,29.8,29.35,29.45,13999109
1101,2010-03-23,29.45,29.5,29.05,29.05,11517725
1101,2010-03-22,30,30,29.25,29.3,10530542
1101,2010-03-19,29.65,29.85,29.4,29.85,12061798
1101,2010-03-18,29.6,29.65,29.35,29.45,21374410
1101,2010-03-17,29.6,29.7,29.15,29.4,15761793
1101,2010-03-16,29.65,29.65,29,29.2,6699579
1101,2010-03-15,29.6,30.2,29.2,29.2,10648508
1101,2010-03-12,29.65,29.7,29.35,29.45,7435707
1101,2010-03-11,29.85,29.9,29.65,29.65,7834368
1101,2010-03-10,29.7,29.75,29.5,29.7,10633596
1101,2010-03-09,29.75,29.9,29.6,29.7,7269524
1101,2010-03-08,30,30.2,29.7,29.75,14489768
1101,2010-03-05,30.35,30.6,29.65,29.95,13334823
1101,2010-03-04,30.8,31.1,29.85,30.05,13107318
1101,2010-03-03,30.4,30.75,30.3,30.4,9634259
1101,2010-03-02,30.55,30.55,30,30.25,8728721
1101,2010-03-01,29.85,30.5,29.6,30.1,9812629
1101,2010-02-26,29.25,29.75,29.25,29.6,7703498
1101,2010-02-25,30.4,30.4,29.2,29.4,14123054
1101,2010-02-24,30,30.55,29.85,30.4,9157957
1101,2010-02-23,30,30.25,29.8,30.1,9170246
1101,2010-02-22,29.75,30.25,29.75,29.8,11914110
1101,2010-02-10,29.15,29.85,28.8,29.4,17477393
1101,2010-02-09,28.15,29.2,28.15,28.8,8739774
1101,2010-02-08,28.35,28.5,28.1,28.3,6550837
1101,2010-02-06,28.6,28.7,27.65,28.45,5607301
1101,2010-02-05,29.1,29.2,28.55,28.55,12712021
1101,2010-02-04,29.85,30.05,29.6,29.95,3824236
1101,2010-02-03,30.05,30.3,29.45,29.85,8396596
1101,2010-02-02,30,30.2,29.3,29.55,13557228
1101,2010-02-01,30.05,30.35,29.45,29.5,23299500
1101,2010-01-29,30.1,30.1,29.2,29.85,22533171
1101,2010-01-28,30.2,30.95,30.2,30.5,11390136
1101,2010-01-27,30.7,30.7,29.9,30.05,20990196
1101,2010-01-26,32,32.2,30,30.4,31714807
1101,2010-01-25,31.5,32.05,30.95,32,21548104
1101,2010-01-22,33.55,33.65,31.55,31.8,52089477
1101,2010-01-21,34,34.15,33.9,33.9,6215956
1101,2010-01-20,34.45,34.5,34,34,6324748
1101,2010-01-19,34.35,34.75,34.05,34.35,9450472
1101,2010-01-18,34.2,34.4,34.1,34.2,5327992
1101,2010-01-15,34.3,34.45,34.15,34.45,7254008
1101,2010-01-14,34.5,34.5,34.1,34.2,8192369
1101,2010-01-13,34,34.25,33.9,34,23801821
1101,2010-01-12,34.75,35.25,34.3,34.55,15970864
1101,2010-01-11,35.4,35.8,34.7,34.75,18206405
1101,2010-01-08,35.55,35.8,35.15,35.4,10671139
1101,2010-01-07,36.35,36.4,35.5,35.55,14531020
1101,2010-01-06,35.5,36.4,35.4,36.25,36026739
1101,2010-01-05,34.6,35.8,34.5,35.5,48059367
1101,2010-01-04,34,34.4,33.9,34.3,8299290
1101,2011-12-30,35,35.25,34.8,35,7643101
1101,2011-12-29,34.7,35,34.5,35,4839383
1101,2011-12-28,34.9,35.05,34.65,34.95,6157926
1101,2011-12-27,34.65,35.1,34.5,35,7012907
1101,2011-12-26,35,35.25,34.65,34.95,8245003
1101,2011-12-23,35.4,35.5,34.85,35,15414231
1101,2011-12-22,35.1,35.1,33.85,35,17258726
1101,2011-12-21,34.35,35.1,34,35,15992578
1101,2011-12-20,32.8,33.2,32.3,33,12756838
1101,2011-12-19,33.3,33.4,31.95,32.8,12568726
1101,2011-12-16,33,33.45,32.4,33,9002444
1101,2011-12-15,32.55,32.6,31.85,32.4,11837196
1101,2011-12-14,32.65,33.1,32.35,32.7,13887168
1101,2011-12-13,32.8,33.4,32.65,33.25,8891243
1101,2011-12-12,33.5,33.55,32.6,33.5,12892783
1101,2011-12-09,34,34,32.2,33,17976723
1101,2011-12-08,34.8,35.2,33.8,34.6,10496638
1101,2011-12-07,35.5,35.5,35.1,35.5,9910233
1101,2011-12-06,35.1,35.6,34.2,34.85,11572404
1101,2011-12-05,34.85,35.15,34.6,35,7654840
1101,2011-12-02,34.5,34.75,33.8,34.75,10690764
1101,2011-12-01,34,34.8,33.5,34.5,19708842
1101,2011-11-30,33.2,33.2,32,32.55,16473133
1101,2011-11-29,33.2,33.5,32.8,33.4,8591780
1101,2011-11-28,32.5,33.05,32.5,32.7,8937339
1101,2011-11-25,33.1,33.3,31.7,32.1,13328714
1101,2011-11-24,31.8,32.8,31.75,32.7,13825076
1101,2011-11-23,32.55,32.7,31.7,31.75,11432020
1101,2011-11-22,31.4,32.6,31,32.45,17645787
1101,2011-11-21,32.6,32.6,31.4,31.4,24662325
1101,2011-11-18,33,33.4,32.9,33,26340836
1101,2011-11-17,34,34.2,33.5,33.7,22140177
1101,2011-11-16,36.35,36.45,34.85,34.95,13537146
1101,2011-11-15,35.6,36.25,35.5,36.25,5228756
1101,2011-11-14,36.3,36.35,35.8,35.9,9167296
1101,2011-11-11,35.8,35.9,35.1,35.4,14973550
1101,2011-11-10,36,36,34.95,35.3,27952105
1101,2011-11-09,36.85,37.4,36.85,36.85,10229107
1101,2011-11-08,37.7,38.05,36.7,36.75,12795236
1101,2011-11-07,37.3,38,37.1,37.75,12551702
1101,2011-11-04,36.5,37.35,36.5,37.2,23171886
1101,2011-11-03,36.5,36.5,35.5,35.8,15757420
1101,2011-11-02,36.1,36.5,35.4,36.35,23607370
1101,2011-11-01,37.85,37.85,36.85,37,21607700
1101,2011-10-31,37.95,38.15,37.5,37.85,12492613
1101,2011-10-28,39.05,39.3,37.5,37.85,30409437
1101,2011-10-27,36.5,38.75,36.1,38.25,48684052
1101,2011-10-26,35.35,36.45,35.35,36.45,15949826
1101,2011-10-25,36.45,36.45,35.65,36,8741045
1101,2011-10-24,35.8,36.15,35.4,36.1,17221962
1101,2011-10-21,34.65,35.25,34.4,34.7,8934287
1101,2011-10-20,35,35.4,34.4,34.5,13048369
1101,2011-10-19,35.2,35.3,34.3,34.75,10227639
1101,2011-10-18,34.9,35.15,34.55,34.85,10216401
1101,2011-10-17,35.05,35.95,34.75,35.5,13715853
1101,2011-10-14,35.9,35.9,34.65,34.65,20512890
1101,2011-10-13,36.55,37.2,35.15,36.1,19182642
1101,2011-10-12,35.75,36.95,35.25,36.55,16213960
1101,2011-10-11,36.2,36.7,35.7,36.7,23804779
1101,2011-10-07,34.1,35.2,33.6,34.8,30095988
1101,2011-10-06,32.75,33.4,32.6,33.15,20100740
1101,2011-10-05,32.2,32.3,31.2,31.65,10688725
1101,2011-10-04,30,31.95,29.9,31.9,25422633
1101,2011-10-03,32.4,32.4,31,31,24739522
1101,2011-09-30,33.5,33.9,32.75,32.9,15047057
1101,2011-09-29,31.8,33.5,31.35,32.7,17935350
1101,2011-09-28,32.3,32.65,31.75,32,22708270
1101,2011-09-27,30.25,31.25,30.2,31.25,25384975
1101,2011-09-26,30.35,30.45,29,29.25,28521846
1101,2011-09-23,30.6,30.9,30,30.35,48718052
1101,2011-09-22,33.5,33.5,32.2,32.25,26398590
1101,2011-09-21,34.2,34.4,33.5,34.3,18299573
1101,2011-09-20,34.95,35.3,33.5,34.2,18647945
1101,2011-09-19,35.25,35.45,34.5,34.95,10876272
1101,2011-09-16,34.5,36.05,34.35,35.25,25586750
1101,2011-09-15,34.5,34.5,33.3,33.7,23182178
1101,2011-09-14,35.1,35.5,32.8,33.3,39863733
1101,2011-09-13,36.5,36.5,34.9,34.9,26002880
1101,2011-09-09,36.65,37.6,36.45,37.5,15607800
1101,2011-09-08,35.8,37.05,35.5,36.65,27578730
1101,2011-09-07,35.8,36.5,34.25,35.25,43107626
1101,2011-09-06,38.5,38.55,36.25,36.25,33722028
1101,2011-09-05,39,39.3,38.4,38.95,13817444
1101,2011-09-02,40,40,38.5,39.15,13918956
1101,2011-09-01,39.7,40.25,39.25,40,24111910
1101,2011-08-31,37.3,38.85,37.3,38.75,16702638
1101,2011-08-30,37.55,38.4,36.6,37.95,20526417
1101,2011-08-29,35.7,37.35,35.35,37.35,19498857
1101,2011-08-26,36.8,37.3,34.1,35.25,43692993
1101,2011-08-25,38.5,38.85,35.75,36.45,53017252
1101,2011-08-24,40.2,40.2,37.85,38.35,30423961
1101,2011-08-23,39.1,40.2,38.3,40.2,19903423
1101,2011-08-22,41,41.9,39.1,39.1,34525937
1101,2011-08-19,44,44,42,42,29628805
1101,2011-08-18,45,45.2,44.15,45.15,17436251
1101,2011-08-17,45.5,45.5,44.3,44.65,17175576
1101,2011-08-16,44.7,45.3,44.1,45.25,19729792
1101,2011-08-15,43,44.7,43,43.95,11356266
1101,2011-08-12,44.5,44.85,42.65,42.65,23244554
1101,2011-08-11,44.55,46.45,43.55,44.25,30242084
1101,2011-08-10,45,46.15,44.1,45.55,33883260
1101,2011-08-09,40.1,44.3,40.1,43.15,35775032
1101,2011-08-08,43,43.6,40.3,42,30750917
1101,2011-08-05,42,43.8,41.9,43.1,25328525
1101,2011-08-04,46.3,46.3,44.8,44.85,8358400
1101,2011-08-03,46.2,46.45,45.4,45.75,13393859
1101,2011-08-02,46.1,47.3,46,47,14177795
1101,2011-08-01,46,46.5,45.45,46,12415549
1101,2011-07-29,45.8,46.5,45.55,45.6,20176856
1101,2011-07-28,44,45.45,43.8,45.45,15873895
1101,2011-07-27,45,45.5,44,44.65,33696818
1101,2011-07-26,46.6,46.7,44.3,45.95,27023001
1101,2011-07-25,48.5,48.5,47.8,48.3,18907929
1101,2011-07-22,46.4,49.45,46.4,48.4,23309339
1101,2011-07-21,45.5,46.35,45.45,46.3,9916289
1101,2011-07-20,44.8,45.3,44.75,45.25,11097948
1101,2011-07-19,45.45,45.45,44.25,44.6,10378035
1101,2011-07-18,45.3,45.75,44.9,45.45,14112432
1101,2011-07-15,45.5,45.8,45,45.55,9220907
1101,2011-07-14,44.8,45.95,44,45.5,23912631
1101,2011-07-13,43.1,45,42.75,44.7,21957874
1101,2011-07-12,45,45.05,43.1,43.3,26139699
1101,2011-07-11,45.55,45.55,44.85,45.2,12202173
1101,2011-07-08,46.4,46.4,45.3,45.4,14153681
1101,2011-07-07,44.75,46.15,44.75,45.95,16210839
1101,2011-07-06,45.15,45.5,44.8,45.25,14383954
1101,2011-07-05,44.8,45.6,44.45,45.45,14714210
1101,2011-07-04,44.6,44.85,43.75,44.8,16486363
1101,2011-07-01,43,44.6,42.95,44.4,25900454
1101,2011-06-30,42.1,42.8,42.1,42.8,18280958
1101,2011-06-29,41.5,42.2,41,42.15,26094827
1101,2011-06-28,40.7,42,40.4,40.8,31616438
1101,2011-06-27,39.4,40.45,39.35,40.15,17617006
1101,2011-06-24,40.05,40.45,39.35,39.5,19346315
1101,2011-06-23,40,40.85,39.8,39.9,18859624
1101,2011-06-22,40.2,40.45,39.6,40,16103037
1101,2011-06-21,40.45,40.8,39.9,40,13702991
1101,2011-06-20,40.9,41.45,40.1,40.25,10058824
1101,2011-06-17,41.25,41.45,40.4,40.5,10639534
1101,2011-06-16,41,41.5,40.8,41.05,10725968
1101,2011-06-15,40.55,41.8,40.5,41.25,26208013
1101,2011-06-14,40,40.75,39.8,40.5,8519416
1101,2011-06-13,39.6,40.3,39.4,39.85,7630649
1101,2011-06-10,40.6,40.75,39.8,39.8,10379761
1101,2011-06-09,40.95,41.15,39.95,40.05,13558602
1101,2011-06-08,41.7,42.1,41.05,41.25,9874411
1101,2011-06-07,41.6,42.1,41.55,42.1,8034523
1101,2011-06-03,41.95,42,41.4,41.6,5936990
1101,2011-06-02,41,41.85,41,41.75,10376058
1101,2011-06-01,41.1,41.85,41.1,41.4,16419752
1101,2011-05-31,42,42,41.05,41.7,21409858
1101,2011-05-30,39.8,42.05,39.5,41.6,42536229
1101,2011-05-27,39.4,39.7,39,39.3,13494507
1101,2011-05-26,39.85,39.85,39.1,39.4,11122866
1101,2011-05-25,38.2,39.1,37.95,39,12528077
1101,2011-05-24,38,38.3,37.75,38.2,15415531
1101,2011-05-23,38.1,38.45,37.5,37.95,14627515
1101,2011-05-20,38.85,38.85,38.1,38.65,11603345
1101,2011-05-19,38.8,39.3,38.4,38.6,28773766
1101,2011-05-18,39.6,39.6,38.55,38.8,22933113
1101,2011-05-17,40,40,39.15,39.4,12114247
1101,2011-05-16,39.6,40.3,39.35,39.75,15237281
1101,2011-05-13,40,40.8,39.55,39.6,16595900
1101,2011-05-12,39.6,39.85,39.35,39.7,9649090
1101,2011-05-11,40,40.4,39.6,39.65,18428425
1101,2011-05-10,39.85,39.9,39.2,39.6,12526209
1101,2011-05-09,38.7,40.2,38.5,39.85,38783598
1101,2011-05-06,39,39.35,38.1,38.7,33834476
1101,2011-05-05,40.7,40.7,39.85,39.85,28159109
1101,2011-05-04,40.2,40.85,39.1,40.85,22337228
1101,2011-05-03,41.8,42.1,39.9,40.05,33917299
1101,2011-04-29,41.5,41.95,40.65,41.95,25265628
1101,2011-04-28,42.8,42.9,41.2,41.55,28118723
1101,2011-04-27,41,42.9,40.75,42.6,40080222
1101,2011-04-26,40,40.95,39.75,40.35,19642366
1101,2011-04-25,39.8,40.4,39.8,40,10346675
1101,2011-04-22,40.4,40.4,39.3,39.65,15726041
1101,2011-04-21,41.1,41.4,39.9,40.35,33416838
1101,2011-04-20,38.1,40.15,38,40.15,47709928
1101,2011-04-19,36.8,37.65,36.6,37.55,19409627
1101,2011-04-18,37.3,37.6,37,37.3,18609708
1101,2011-04-15,38,38,37.2,37.25,18504146
1101,2011-04-14,37,38.3,36.9,37.7,29646622
1101,2011-04-13,36.65,36.9,36.2,36.9,21700636
1101,2011-04-12,37.5,37.5,36.1,36.65,24845013
1101,2011-04-11,37.6,37.6,36.85,37.6,15316220
1101,2011-04-08,36.4,37.8,36.4,37.35,38282701
1101,2011-04-07,36.5,36.55,35.7,36.4,24395920
1101,2011-04-06,37,37,35.95,36.45,33306759
1101,2011-04-01,35.5,36.4,35.45,36.3,23967580
1101,2011-03-31,36.1,36.2,35.3,35.5,24910351
1101,2011-03-30,35.8,36.1,35.5,36,38511058
1101,2011-03-29,34.5,35.75,34.4,35.5,49634213
1101,2011-03-28,33.8,34.35,33.55,34,31432452
1101,2011-03-25,33.6,33.85,33.5,33.5,20344906
1101,2011-03-24,33.9,34.1,33.25,33.35,23068891
1101,2011-03-23,32.5,33.9,32.45,33.45,42969114
1101,2011-03-22,32.5,32.5,32.1,32.45,12466082
1101,2011-03-21,32.2,32.5,31.8,32.2,10807794
1101,2011-03-18,31.7,32.2,31.35,32.1,18572160
1101,2011-03-17,30.6,31.65,30.55,31.45,9294537
1101,2011-03-16,30.9,31.45,30.9,31.1,17057918
1101,2011-03-15,31.8,31.95,29.7,30.9,15740510
1101,2011-03-14,33,33,31.55,31.75,24011361
1101,2011-03-11,30.8,31.2,30.8,30.95,4322488
1101,2011-03-10,31.6,31.6,31.25,31.4,4332116
1101,2011-03-09,31.6,31.65,31.3,31.6,7870791
1101,2011-03-08,31.1,31.65,31.1,31.45,13293637
1101,2011-03-07,31.3,31.35,30.8,31.2,7550566
1101,2011-03-04,31.1,31.4,31,31.35,18247391
1101,2011-03-03,29.8,31.25,29.8,31,17872920
1101,2011-03-02,29.45,30.3,29.4,29.65,15894314
1101,2011-03-01,29.4,29.6,29.35,29.45,15334511
1101,2011-02-25,29.65,29.65,29.35,29.4,7750979
1101,2011-02-24,29.95,29.95,29.3,29.35,13888668
1101,2011-02-23,29.8,30.1,29.55,29.55,12136271
1101,2011-02-22,30.1,30.2,29.8,30,15701722
1101,2011-02-21,30.4,30.85,30.05,30.6,14919085
1101,2011-02-18,30.4,30.45,30.2,30.25,10940781
1101,2011-02-17,30.2,30.2,29.8,30.05,9048892
1101,2011-02-16,30,30.3,29.9,30.2,15232366
1101,2011-02-15,29.6,30.4,29.3,30.2,21827091
1101,2011-02-14,29.9,29.9,29.6,29.8,16381041
1101,2011-02-11,30.25,30.25,29.7,29.7,16834620
1101,2011-02-10,30.1,30.25,29.7,29.85,22195172
1101,2011-02-09,30.2,30.4,29.95,30.1,20918272
1101,2011-02-08,31.5,31.5,30,30.15,34420197
1101,2011-01-28,31.5,31.75,31.25,31.35,12368325
1101,2011-01-27,31.75,31.9,31.45,31.45,12523905
1101,2011-01-26,31.7,31.8,31.45,31.55,6101671
1101,2011-01-25,31.6,31.85,31.4,31.5,8162569
1101,2011-01-24,31.9,31.9,31.3,31.7,5421333
1101,2011-01-21,31.3,31.7,31.1,31.7,9728554
1101,2011-01-20,31.75,31.8,31.5,31.55,7638702
1101,2011-01-19,31.35,31.9,31.2,31.75,16822915
1101,2011-01-18,31.5,31.5,31.05,31.35,14104801
1101,2011-01-17,32.2,32.5,31.6,31.7,17558839
1101,2011-01-14,32.8,32.9,32.55,32.75,10458451
1101,2011-01-13,33,33.2,32.6,32.85,11982350
1101,2011-01-12,33,33.2,32.7,32.9,14908900
1101,2011-01-11,32.5,32.75,32.15,32.7,9330674
1101,2011-01-10,32.2,32.45,32.05,32.45,8911315
1101,2011-01-07,32.2,32.5,32,32.1,9802416
1101,2011-01-06,32.5,32.6,32.15,32.4,7436026
1101,2011-01-05,33.5,33.6,32.25,32.4,17142308
1101,2011-01-04,33.6,33.65,33,33.15,10168829
1101,2011-01-03,32.95,33.4,32.8,33.4,17962811
1101,2012-12-28,39,39,38.55,38.9,4811175
1101,2012-12-27,38.75,38.95,38.25,38.85,6232931
1101,2012-12-26,38,38.9,38,38.7,8237451
1101,2012-12-25,37.5,38.2,37.35,38,4650255
1101,2012-12-24,36.95,37.5,36.85,37.5,4695706
1101,2012-12-22,37.5,37.5,36.7,36.7,4553184
1101,2012-12-21,38.5,38.5,37.3,37.5,10211037
1101,2012-12-20,38.6,38.9,38.3,38.5,7310583
1101,2012-12-19,38.85,38.9,38.25,38.5,7670556
1101,2012-12-18,38.9,39,37.8,38.75,8464024
1101,2012-12-17,39,39.15,38.8,38.85,4500603
1101,2012-12-14,39,39.2,38.9,39.05,6775543
1101,2012-12-13,39,39.1,38.75,39.05,7773351
1101,2012-12-12,39.5,39.65,38.7,39,12212486
1101,2012-12-11,38.7,39.05,38.25,38.9,12621732
1101,2012-12-10,39.35,39.65,38.7,39,12611113
1101,2012-12-07,38.2,39.75,38.15,39.4,25472120
1101,2012-12-06,38.2,38.2,37.7,37.9,7822779
1101,2012-12-05,37.7,38.25,37.4,38.2,10650752
1101,2012-12-04,37.7,37.7,37.3,37.7,6881361
1101,2012-12-03,38.2,38.3,37.75,38,6588536
1101,2012-11-30,37.45,38.05,37.35,38.05,18374139
1101,2012-11-29,36.2,37.4,36.15,37.3,17915900
1101,2012-11-28,36.4,36.5,35.8,36,11294951
1101,2012-11-27,36.4,36.7,36.25,36.4,9152473
1101,2012-11-26,37,37.15,36.4,36.8,9035182
1101,2012-11-23,36.2,36.8,36.1,36.8,9921846
1101,2012-11-22,36.8,37,35.9,36.15,7487216
1101,2012-11-21,37,37.1,36.6,36.8,4975232
1101,2012-11-20,36.8,37,36.55,36.8,5881143
1101,2012-11-19,36.4,36.75,36.2,36.6,4915313
1101,2012-11-16,36.35,36.9,36.3,36.4,3968163
1101,2012-11-15,36.65,36.7,36.1,36.35,5123226
1101,2012-11-14,37.35,37.35,36.25,36.8,9737492
1101,2012-11-13,38,38,36.8,36.95,8388642
1101,2012-11-12,37.65,38,37.55,37.65,4125198
1101,2012-11-09,37.9,37.9,37.35,37.65,7916607
1101,2012-11-08,38.5,38.5,37.65,38,7762059
1101,2012-11-07,38.55,38.65,38.25,38.5,11660751
1101,2012-11-06,38.5,38.5,37.85,38.35,12152844
1101,2012-11-05,37.35,38.35,37.3,38.1,17054647
1101,2012-11-02,37.4,37.9,36.7,37.35,12344320
1101,2012-11-01,37,37.15,36.3,36.6,8491812
1101,2012-10-31,37.75,37.8,37.2,37.45,5217197
1101,2012-10-30,37.3,38.05,37.25,37.4,11286495
1101,2012-10-29,36.45,37.15,36.4,36.95,5780901
1101,2012-10-26,38,38,36.4,36.45,11437763
1101,2012-10-25,37.65,38.05,37.4,37.95,12949517
1101,2012-10-24,37.4,37.9,37.05,37.65,12304025
1101,2012-10-23,37.9,37.9,37.35,37.6,7883581
1101,2012-10-22,37.3,37.8,37.15,37.8,11076636
1101,2012-10-19,37,37.8,37,37.6,31210140
1101,2012-10-18,36.9,36.9,36.65,36.8,6101237
1101,2012-10-17,36.8,36.9,36.6,36.9,9181447
1101,2012-10-16,36.3,36.7,36,36.65,10624664
1101,2012-10-15,35.2,36.2,35.2,36.2,8757974
1101,2012-10-12,36.2,36.2,34.85,35.4,8192935
1101,2012-10-11,36.2,36.55,35.85,35.95,7548744
1101,2012-10-09,36.5,36.9,36.5,36.7,11084990
1101,2012-10-08,36.6,37,36.15,36.3,12033903
1101,2012-10-05,36.2,36.3,36,36.3,6007692
1101,2012-10-04,35.8,36.2,35.35,36.2,6375079
1101,2012-10-03,35.8,35.9,35.55,35.6,2234146
1101,2012-10-02,36,36.05,35.65,35.75,6129453
1101,2012-10-01,36.3,36.5,35.9,35.95,6189179
1101,2012-09-28,36.1,36.4,35.65,36.3,9051757
1101,2012-09-27,36,36.1,35.6,36.05,7385881
1101,2012-09-26,35.8,35.9,35.6,35.8,3267192
1101,2012-09-25,36.2,36.3,35.75,36,7628620
1101,2012-09-24,35.9,36.45,35.4,36.3,6132763
1101,2012-09-21,35.7,35.95,35.4,35.9,9411219
1101,2012-09-20,35.8,36,35.25,35.25,10997218
1101,2012-09-19,35.6,36,35.45,35.95,10296459
1101,2012-09-18,36.7,36.7,35.75,35.9,9515210
1101,2012-09-17,37,37,36.55,36.7,9908834
1101,2012-09-14,35.75,36.95,35.75,36.7,24895322
1101,2012-09-13,35.3,35.45,35.15,35.4,5727118
1101,2012-09-12,35.1,35.5,35,35.15,10710936
1101,2012-09-11,35.2,35.3,34.6,34.9,7388344
1101,2012-09-10,33.9,35.6,33.85,35.1,34066706
1101,2012-09-07,32.9,34.15,32.45,33.75,25045390
1101,2012-09-06,32.7,32.75,32.45,32.5,4641061
1101,2012-09-05,33,33,32.5,32.55,8299058
1101,2012-09-04,32.7,33.2,32.5,33.05,12114752
1101,2012-09-03,32.5,32.9,32.35,32.55,5443407
1101,2012-08-31,32.6,32.8,32.45,32.55,6808672
1101,2012-08-30,33.1,33.15,32.5,32.6,11096669
1101,2012-08-29,33.5,33.55,33,33.05,8847661
1101,2012-08-28,33.7,33.8,33.45,33.45,5039017
1101,2012-08-27,33.9,34.2,33.8,33.85,3117807
1101,2012-08-24,34,34.05,33.85,33.9,5049425
1101,2012-08-23,33.9,34.2,33.9,34,5637682
1101,2012-08-22,34.1,34.2,33.9,34.15,7051567
1101,2012-08-21,34.7,34.85,34.3,34.45,7118392
1101,2012-08-20,34.8,34.8,34.2,34.35,5046684
1101,2012-08-17,34.85,35,34.4,34.8,9586055
1101,2012-08-16,35.6,35.6,34.95,35,8931565
1101,2012-08-15,35.5,35.6,34.9,35.4,6732773
1101,2012-08-14,36,36.25,35.25,35.3,6850774
1101,2012-08-13,36.45,36.45,35.8,36,9120586
1101,2012-08-10,36,36.2,35.8,35.8,12924915
1101,2012-08-09,35.7,35.9,35.45,35.8,11170498
1101,2012-08-08,35.7,36,35.3,35.5,7937031
1101,2012-08-07,35.2,35.85,35.2,35.7,5833302
1101,2012-08-06,36,36.45,35.65,35.7,8124215
1101,2012-08-03,35.8,35.9,35.5,35.8,4694182
1101,2012-08-01,35,35.75,34.85,35.75,7731076
1101,2012-07-31,35,35.2,34.85,34.9,6521071
1101,2012-07-30,35,35.3,34.85,35.1,8597089
1101,2012-07-27,34.1,34.85,34.05,34.85,7962338
1101,2012-07-26,33.7,34,33.65,33.65,7169848
1101,2012-07-25,35.6,36,35.35,35.4,15527387
1101,2012-07-24,36.05,36.25,36,36.15,7365714
1101,2012-07-23,36.9,36.9,36.2,36.4,4741121
1101,2012-07-20,36.9,37,36.6,37,6998471
1101,2012-07-19,36.45,36.9,36.1,36.85,10420509
1101,2012-07-18,36,36.25,35.85,36.05,7248828
1101,2012-07-17,35.9,36.4,35.9,36.25,8680505
1101,2012-07-16,36.25,36.4,36,36.25,5997584
1101,2012-07-13,36.2,36.6,36.15,36.25,7976263
1101,2012-07-12,36.9,36.9,36.1,36.2,6252890
1101,2012-07-11,35.55,36.9,35.55,36.9,14409293
1101,2012-07-10,36.1,36.25,35.75,36,7577871
1101,2012-07-09,35.8,36.4,35.8,36.3,6223631
1101,2012-07-06,36,36.3,35.8,36.3,8956752
1101,2012-07-05,35.7,35.9,35.4,35.9,8502914
1101,2012-07-04,36.25,36.3,36.05,36.2,7013417
1101,2012-07-03,35.6,36.25,35.4,36.15,14937161
1101,2012-07-02,34.1,35.7,34.1,35.1,9260980
1101,2012-06-29,34.9,35.35,34.9,35.35,7372756
1101,2012-06-28,35,35.3,34.85,35.2,7589802
1101,2012-06-27,34.65,35.1,34.3,34.9,4139222
1101,2012-06-26,34,34.65,34,34.65,6303302
1101,2012-06-25,35.1,35.1,34.15,34.25,4165091
1101,2012-06-22,34.75,34.9,34.5,34.6,3567534
1101,2012-06-21,35.4,35.5,35,35,2960340
1101,2012-06-20,35.5,35.7,35.1,35.45,6183411
1101,2012-06-19,35.35,35.4,34.95,35.3,4543903
1101,2012-06-18,35,35.6,35,35.35,8734964
1101,2012-06-15,34,34.6,34,34.6,8413918
1101,2012-06-14,33.85,34.5,33.85,34,6023911
1101,2012-06-13,34.55,34.6,34,34,6984948
1101,2012-06-12,33.9,34.45,33.75,34.4,8241000
1101,2012-06-11,34.5,34.95,34.15,34.45,8290287
1101,2012-06-08,34.5,34.6,33.9,34.5,6174288
1101,2012-06-07,34.6,34.65,34.3,34.5,4563706
1101,2012-06-06,33.55,34.2,33.35,34.15,6313652
1101,2012-06-05,33.35,33.6,33.05,33.2,6673900
1101,2012-06-04,32.9,33.8,32.8,33.15,7350338
1101,2012-06-01,33.6,34.1,33.3,33.65,6551999
1101,2012-05-31,34,34.7,33.75,33.75,18873137
1101,2012-05-30,34,34.7,33.25,34.65,14758245
1101,2012-05-29,32.95,34.45,32.75,34.2,9138590
1101,2012-05-28,32.35,32.75,32.35,32.55,4002190
1101,2012-05-25,32.55,32.95,32.5,32.5,3865901
1101,2012-05-24,32.7,32.75,32.4,32.7,6782289
1101,2012-05-23,32.3,33,31.9,32.9,6145223
1101,2012-05-22,32.75,32.75,32.5,32.7,3691310
1101,2012-05-21,32,32.5,31.9,32.45,3627820
1101,2012-05-18,32.15,32.15,31.6,32,14894306
1101,2012-05-17,32.8,32.8,32.35,32.65,8509451
1101,2012-05-16,32.75,32.75,32.3,32.3,13820255
1101,2012-05-15,34,34,32.75,32.75,25065908
1101,2012-05-14,34.3,34.45,34,34,6151107
1101,2012-05-11,35.05,35.05,34.3,34.45,8371346
1101,2012-05-10,34.95,35.15,34.65,35.05,8205202
1101,2012-05-09,34.8,35.1,34.6,35,5439901
1101,2012-05-08,35.65,35.65,35,35.05,5312423
1101,2012-05-07,35.7,35.7,35.05,35.35,6669322
1101,2012-05-04,34.85,36,34.85,35.95,10135016
1101,2012-05-03,35.55,35.9,35.45,35.65,7243671
1101,2012-05-02,34.85,35.6,34.85,35.55,12505123
1101,2012-04-30,34.15,34.85,33.8,34.85,5861262
1101,2012-04-27,34.3,34.5,33.75,33.85,9551879
1101,2012-04-26,34.85,34.85,34,34.3,7327894
1101,2012-04-25,34.8,34.8,34.5,34.5,8463645
1101,2012-04-24,34.85,35.2,34.85,34.9,5658552
1101,2012-04-23,35.5,35.5,35,35.1,3934855
1101,2012-04-20,36.1,36.1,35.3,35.4,4507171
1101,2012-04-19,35.8,36.1,35.6,36,8541001
1101,2012-04-18,35.8,35.8,35.2,35.8,8149318
1101,2012-04-17,35.75,35.8,35.1,35.1,6841441
1101,2012-04-16,35.6,35.75,35.25,35.6,3067578
1101,2012-04-13,35.4,35.8,35,35.8,9458071
1101,2012-04-12,35.1,35.25,34.65,35.2,10229919
1101,2012-04-11,34.75,35.15,34.6,34.85,14270920
1101,2012-04-10,34.65,35.25,34.65,34.85,8338836
1101,2012-04-09,34.1,35.2,34,34.5,10376551
1101,2012-04-06,34.35,34.8,34.1,34.5,7955744
1101,2012-04-05,33.75,34.55,33.75,34.25,25191111
1101,2012-04-03,34.3,34.6,33.95,34.4,12344876
1101,2012-04-02,34.5,34.55,33.9,34.2,15055260
1101,2012-03-30,34.4,34.55,34,34.55,6666636
1101,2012-03-29,34.6,34.6,33.95,34.4,10831296
1101,2012-03-28,34.75,34.8,34.2,34.6,7629255
1101,2012-03-27,34,34.25,33.8,34.2,22006838
1101,2012-03-26,35.2,35.2,33.75,34,29633739
1101,2012-03-23,35.5,35.5,35.1,35.25,12190714
1101,2012-03-22,35.5,35.5,35.15,35.45,16128528
1101,2012-03-21,35.1,35.4,35,35.15,10428100
1101,2012-03-20,35.9,35.9,35.1,35.1,7331027
1101,2012-03-19,36,36.1,35.2,35.5,5763892
1101,2012-03-16,35.5,36,35.15,36,10096074
1101,2012-03-15,35,35.3,35,35.15,11447438
1101,2012-03-14,35.5,35.75,34.95,35.25,15128552
1101,2012-03-13,35.25,35.55,35.2,35.25,9740108
1101,2012-03-12,35.9,35.9,35.1,35.1,9196045
1101,2012-03-09,35.95,35.95,35.55,35.85,8376278
1101,2012-03-08,35.85,35.85,35.5,35.8,6068111
1101,2012-03-07,35,35.8,35,35.55,8110775
1101,2012-03-06,36.4,36.65,35,35.55,20153727
1101,2012-03-05,37.1,37.3,36.5,36.65,9494733
1101,2012-03-03,37.2,37.2,36.75,37,4582102
1101,2012-03-02,37.5,37.5,37.1,37.2,11218008
1101,2012-03-01,37.9,37.9,37.25,37.25,10077822
1101,2012-02-29,37.6,37.9,37.4,37.75,13576117
1101,2012-02-24,37.6,37.6,37,37.2,16893236
1101,2012-02-23,37.7,37.7,37.1,37.6,14218547
1101,2012-02-22,37.65,37.8,37.3,37.75,14256589
1101,2012-02-21,38,38,37.3,37.6,13769202
1101,2012-02-20,37.8,38.15,37.6,37.85,27495541
1101,2012-02-17,37.2,37.75,36.9,37.15,15812377
1101,2012-02-16,37,37.2,36.7,36.9,30929769
1101,2012-02-15,36.5,37.05,36.4,36.95,13878590
1101,2012-02-14,37.85,37.85,36.45,36.7,20790774
1101,2012-02-13,37.7,38.15,37.65,37.95,32478264
1101,2012-02-10,36.55,37.35,36.4,37.25,42478816
1101,2012-02-09,36.2,36.8,35.65,36.35,42842571
1101,2012-02-08,36.3,36.5,35.95,36.15,20824438
1101,2012-02-07,36.2,36.8,36.1,36.1,16681835
1101,2012-02-06,36.9,36.9,36.2,36.4,10934322
1101,2012-02-04,36.9,37.3,36.6,36.95,12912134
1101,2012-02-03,36.95,36.95,36.3,36.5,15368109
1101,2012-02-02,36.5,37.1,36.3,37,9729316
1101,2012-02-01,36.95,37.05,36.15,36.3,10801709
1101,2012-01-31,37.1,37.35,36.55,36.9,15149921
1101,2012-01-30,37.1,37.75,37.1,37.35,21980230
1101,2012-01-18,36.3,36.3,35.35,36.25,11304235
1101,2012-01-17,35.55,36,35.3,36,6316805
1101,2012-01-16,36.3,36.4,35.05,35.35,8621845
1101,2012-01-13,36.5,36.75,36.1,36.2,13384026
1101,2012-01-12,36,36.3,35.7,36.2,19847816
1101,2012-01-11,35.8,36.2,35.65,36,17062410
1101,2012-01-10,34.7,35.5,34.6,35.5,14655412
1101,2012-01-09,34.9,34.95,34.3,34.45,16054893
1101,2012-01-06,35.6,35.65,34.95,34.95,16463826
1101,2012-01-05,35.8,35.8,35,35.6,15263996
1101,2012-01-04,35.8,35.8,35.45,35.6,7270291
1101,2012-01-03,34.95,35.4,34.9,35.4,13231764
1101,2012-01-02,35,35.05,34.6,34.7,7028883
1101,2013-12-31,46.75,46.75,45.95,46.25,5813398
1101,2013-12-30,46,46.6,45.75,46.6,10441609
1101,2013-12-27,45.6,46.1,45.55,45.7,6303721
1101,2013-12-26,45.5,45.85,45.35,45.65,3703885
1101,2013-12-25,45.4,45.6,45.15,45.5,4510725
1101,2013-12-24,45.8,45.85,45.35,45.4,5734455
1101,2013-12-23,45.65,46.45,45.65,45.85,8836751
1101,2013-12-20,45.45,46,45.2,45.65,8380053
1101,2013-12-19,45,45.75,45,45.45,7440883
1101,2013-12-18,45.45,45.45,44.5,44.95,7343127
1101,2013-12-17,45.05,45.65,44.8,44.8,6424053
1101,2013-12-16,45.6,45.7,44.95,44.95,8686915
1101,2013-12-13,46.4,46.4,45.5,45.9,7799294
1101,2013-12-12,45.5,46.6,45.1,46.4,16715840
1101,2013-12-11,45,45.5,44.8,45.3,8856314
1101,2013-12-10,45,45,44.5,45,6858671
1101,2013-12-09,45.45,45.6,44.65,44.8,9631208
1101,2013-12-06,45.6,45.9,44.35,44.35,14838110
1101,2013-12-05,46.5,46.5,45.9,46.05,9895773
1101,2013-12-04,46.55,46.55,46.05,46.05,7237442
1101,2013-12-03,46.35,46.95,46.05,46.55,13539850
1101,2013-12-02,46.85,46.85,46.05,46.35,7723457
1101,2013-11-29,46,46.95,46,46.85,13394156
1101,2013-11-28,45.7,46.5,45.7,46,13911827
1101,2013-11-27,44.45,45.6,44.2,45,25558682
1101,2013-11-26,43.3,45.6,43.3,43.6,34027049
1101,2013-11-25,43,44,42.9,43.65,16221581
1101,2013-11-22,42.2,42.95,42.05,42.6,10607797
1101,2013-11-21,42.8,42.8,42.1,42.1,10137269
1101,2013-11-20,43.2,43.45,42.55,42.55,14540360
1101,2013-11-19,43.4,44.25,43.1,43.9,17855956
1101,2013-11-18,42.65,43.45,42.6,43,9815251
1101,2013-11-15,41.5,42.45,41.2,42.45,9962814
1101,2013-11-14,40.45,41,40.45,41,4750364
1101,2013-11-13,42,42,40.3,41,7295504
1101,2013-11-12,40.75,41.7,40.6,41.6,8876399
1101,2013-11-11,40.3,41,40.3,41,5197915
1101,2013-11-08,40.25,41.05,40.25,41.05,4901938
1101,2013-11-07,40.8,41.05,40.45,41.05,6379983
1101,2013-11-06,41,41.35,40.5,40.8,7084687
1101,2013-11-05,41.05,41.5,41,41,5277424
1101,2013-11-04,42.3,42.3,41.2,41.55,5334195
1101,2013-11-01,43.15,43.15,42.25,42.4,4966300
1101,2013-10-31,42,42.75,42,42.75,6419670
1101,2013-10-30,42,42.75,42,42.75,5021639
1101,2013-10-29,41.9,42.65,41.9,42.5,3594176
1101,2013-10-28,42.1,42.65,41.7,42.65,4369534
1101,2013-10-25,42.05,42.45,41.9,42.1,4883843
1101,2013-10-24,42.5,42.85,42.45,42.8,3934304
1101,2013-10-23,43.45,43.55,42.85,42.9,4474795
1101,2013-10-22,43.2,43.55,42.95,43.2,4820853
1101,2013-10-21,43.05,43.65,43.05,43.2,2718533
1101,2013-10-18,44.2,44.2,43,43.65,4974499
1101,2013-10-17,44.2,44.25,43.7,43.95,3045074
1101,2013-10-16,43.9,44,43.55,43.85,3510927
1101,2013-10-15,43.4,43.9,43.2,43.9,7333223
1101,2013-10-14,43,44.25,43,43.2,7250797
1101,2013-10-11,43.7,43.95,42.95,43,6825610
1101,2013-10-09,43,43.4,42.95,43.2,8319816
1101,2013-10-08,43,43.6,42.9,43.6,9391185
1101,2013-10-07,42.95,42.95,42.5,42.75,7943078
1101,2013-10-04,42.2,43,42.2,43,8928803
1101,2013-10-03,42.5,43,42.5,42.6,8042480
1101,2013-10-02,41.7,42.8,41.5,42.3,10578300
1101,2013-10-01,43,43,41.6,41.7,8695887
1101,2013-09-30,43,43.25,41.9,42.8,15088762
1101,2013-09-27,41.8,43.15,41.8,43,21627105
1101,2013-09-26,41.7,41.75,41.05,41.7,11204628
1101,2013-09-25,41.8,41.8,41.05,41.7,11014344
1101,2013-09-24,41.9,42,41.2,41.5,8974942
1101,2013-09-23,40.8,42.05,40.8,41.9,16665285
1101,2013-09-18,41,41.1,40.65,40.65,8651107
1101,2013-09-17,41,41,40.5,40.8,9948759
1101,2013-09-16,39.8,41.25,39.8,41.15,13230201
1101,2013-09-14,40,40.15,39.4,39.4,4174936
1101,2013-09-13,40.25,40.5,40,40.2,7614540
1101,2013-09-12,40.4,40.75,40.25,40.7,13013277
1101,2013-09-11,39.8,40,39.7,40,11308402
1101,2013-09-10,39.25,40,39.25,40,11407858
1101,2013-09-09,39.35,39.8,39.3,39.75,6661112
1101,2013-09-06,39.7,39.8,39.5,39.75,7628096
1101,2013-09-05,39.65,39.75,39.55,39.7,8306793
1101,2013-09-04,39.3,39.5,38.85,39.5,7967742
1101,2013-09-03,39.5,39.6,38.9,39.2,5948121
1101,2013-09-02,39.6,39.6,39.15,39.45,8574145
1101,2013-08-30,38.95,39.5,38.75,39.5,18860728
1101,2013-08-29,38.45,38.9,38.45,38.8,4780331
1101,2013-08-28,37.8,38.6,37.75,38.45,6319359
1101,2013-08-27,38.5,38.75,38.05,38.05,5560748
1101,2013-08-26,39,39,38.4,38.95,3794091
1101,2013-08-23,39,39,38.5,38.75,4397759
1101,2013-08-22,37.8,39,37.5,39,14710395
1101,2013-08-20,38.6,38.8,38,38.3,6194027
1101,2013-08-19,39.05,39.1,38.6,38.8,8374913
1101,2013-08-16,38.5,39.1,38.4,38.95,12283063
1101,2013-08-15,38.6,38.9,37.7,38.7,8784794
1101,2013-08-14,38.9,39,38.2,38.6,9217180
1101,2013-08-13,38.5,38.9,38.1,38.9,16350701
1101,2013-08-12,37,38.45,36.9,38.35,18766416
1101,2013-08-09,37.35,37.4,36.55,36.55,7029888
1101,2013-08-08,36.9,37.2,36.45,37,6445031
1101,2013-08-07,36.25,37,36.1,36.9,7512473
1101,2013-08-06,36.95,36.95,36.25,36.4,7152454
1101,2013-08-05,37.2,37.2,36.7,36.95,4120384
1101,2013-08-02,37.4,37.4,36.9,37.2,4495286
1101,2013-08-01,37.15,37.2,36.8,37,4249801
1101,2013-07-31,37,37.25,36.6,36.65,7132029
1101,2013-07-30,37.05,37.2,36.6,37.15,7016083
1101,2013-07-29,36.9,37.1,36.35,36.35,5091719
1101,2013-07-26,37.25,37.25,36.35,36.75,7875865
1101,2013-07-25,36.8,37.25,36.7,36.8,13881036
1101,2013-07-24,39.1,39.1,38.5,38.5,11318172
1101,2013-07-23,38.95,39.15,38.7,39.1,15088170
1101,2013-07-22,38.75,38.85,38.6,38.8,8680865
1101,2013-07-19,38.25,38.75,38.2,38.6,8816815
1101,2013-07-18,38.2,38.5,38.15,38.35,8283877
1101,2013-07-17,38.1,38.3,37.95,38.25,7234273
1101,2013-07-16,38,38.1,37.7,38.1,5416397
1101,2013-07-15,37.5,38,37.5,38,7230371
1101,2013-07-12,37.4,37.85,37.4,37.85,9253000
1101,2013-07-11,37.2,37.4,37,37.2,8959694
1101,2013-07-10,36.3,37.1,36.3,36.95,9349878
1101,2013-07-09,36.25,36.5,36.15,36.3,5764695
1101,2013-07-08,36.4,36.5,35.85,36.15,4556525
1101,2013-07-05,36.5,36.8,36.3,36.4,6422180
1101,2013-07-04,35.8,36.5,35.8,36.3,4313383
1101,2013-07-03,35.4,36.55,35.2,36.05,13263882
1101,2013-07-02,37,37.2,35.55,35.6,15477243
1101,2013-07-01,36.8,37.2,36.3,37,7705426
1101,2013-06-28,35.85,36.95,35.4,36.9,12837205
1101,2013-06-27,35.2,35.55,34.95,35.5,9861656
1101,2013-06-26,34.5,34.8,33.9,34.8,17522324
1101,2013-06-25,34.5,34.5,33.75,33.75,19432733
1101,2013-06-24,35.15,35.3,34.6,34.6,18930650
1101,2013-06-21,36.5,37.1,35.15,35.15,26341776
1101,2013-06-20,37.5,37.55,37.2,37.3,10653560
1101,2013-06-19,37.55,37.8,37.5,37.55,8338361
1101,2013-06-18,37.8,37.8,37.4,37.55,9071268
1101,2013-06-17,37.65,38.8,37.3,37.8,4817906
1101,2013-06-14,37.35,37.65,37.2,37.4,6859302
1101,2013-06-13,38.1,38.2,37.35,37.35,12478768
1101,2013-06-11,38.45,38.45,38,38.1,6595317
1101,2013-06-10,38.2,38.5,38,38.45,5202873
1101,2013-06-07,37.5,37.9,37.4,37.85,4251504
1101,2013-06-06,37.3,37.75,37.3,37.5,5964152
1101,2013-06-05,38,38.05,37.3,37.6,10855417
1101,2013-06-04,38.7,38.7,38.05,38.1,6235855
1101,2013-06-03,38.6,38.7,38.25,38.4,8492897
1101,2013-05-31,38.9,39.5,38.5,39.45,14588634
1101,2013-05-30,39.7,39.7,38.7,38.75,6262159
1101,2013-05-29,39.3,39.85,39.3,39.85,3925004
1101,2013-05-28,39.5,39.5,39.1,39.3,2663026
1101,2013-05-27,39.15,39.3,39,39.3,3711078
1101,2013-05-24,39.6,39.65,38.9,39.15,4938976
1101,2013-05-23,39.6,39.65,39.3,39.35,6392388
1101,2013-05-22,39.75,39.8,39.5,39.7,3408179
1101,2013-05-21,39.4,39.6,39.25,39.5,3780715
1101,2013-05-20,39.5,39.8,39.2,39.25,4009207
1101,2013-05-17,39.85,39.9,39.45,39.5,6870204
1101,2013-05-16,39.45,39.8,39.05,39.7,8781561
1101,2013-05-15,39.1,39.45,38.85,39.45,4913246
1101,2013-05-14,38.7,39.15,38.7,39.1,4135666
1101,2013-05-13,39.1,39.15,38.65,38.65,1908910
1101,2013-05-10,39.1,39.2,38.95,39.2,3247960
1101,2013-05-09,38.7,39.15,38.7,39.15,8582130
1101,2013-05-08,38.3,38.85,38.3,38.7,8218638
1101,2013-05-07,38.55,38.6,38.25,38.4,3594122
1101,2013-05-06,38.65,38.7,38.45,38.45,3800977
1101,2013-05-03,38.5,38.8,38,38.3,7901345
1101,2013-05-02,39.05,39.05,38.5,38.5,6069136
1101,2013-04-30,38.9,39.25,38.8,39.2,4661788
1101,2013-04-29,38.9,39,38.7,38.7,2968865
1101,2013-04-26,38.6,39.2,38.6,38.9,3155822
1101,2013-04-25,39.3,39.3,38.7,39,4284671
1101,2013-04-24,39.15,39.3,38.9,39.3,4731532
1101,2013-04-23,39.4,39.5,38.7,38.75,3338850
1101,2013-04-22,39.55,40.1,39.25,39.35,11089205
1101,2013-04-19,38.05,38.6,38,38.4,5254299
1101,2013-04-18,38.2,38.6,37.85,38.05,7896843
1101,2013-04-17,38.45,38.45,38,38.4,7063206
1101,2013-04-16,37.7,38.5,37.7,38.45,5424230
1101,2013-04-15,38,38.4,38,38.4,5802736
1101,2013-04-12,38,38.4,37.75,38,6048169
1101,2013-04-11,37.75,38.15,37.35,38,6110238
1101,2013-04-10,38,38.25,37.5,37.75,6664799
1101,2013-04-09,37.5,38.05,37.4,37.75,6662303
1101,2013-04-08,37.9,38.05,37.5,37.5,7518154
1101,2013-04-03,38,38.4,37.85,38.4,4703491
1101,2013-04-02,37.45,38.1,37.2,37.85,5184772
1101,2013-04-01,37.5,37.65,37.45,37.55,3385120
1101,2013-03-29,37.5,37.55,36.9,37.5,3556536
1101,2013-03-28,37.4,37.4,36.8,36.8,4673770
1101,2013-03-27,36.65,37.1,36.65,37.1,6166657
1101,2013-03-26,36.5,37.15,36.45,36.85,5990336
1101,2013-03-25,36.5,36.65,36.4,36.45,4245623
1101,2013-03-22,36.4,36.6,36.4,36.45,7471752
1101,2013-03-21,36.5,36.9,36.35,36.5,9104464
1101,2013-03-20,36.75,36.9,36.35,36.5,9292012
1101,2013-03-19,36.5,37.05,36.25,36.75,7144924
1101,2013-03-18,36.65,36.65,36.05,36.2,11454314
1101,2013-03-15,37.6,37.7,36.65,36.65,10128955
1101,2013-03-14,38.15,38.15,37.3,37.4,11637149
1101,2013-03-13,38.5,38.65,38.15,38.5,3309613
1101,2013-03-12,38.2,38.4,37.85,38.15,4543336
1101,2013-03-11,38.8,38.85,38.2,38.3,5671625
1101,2013-03-08,38.3,39.05,38.3,38.95,4710117
1101,2013-03-07,38.4,38.5,38.3,38.3,4782486
1101,2013-03-06,38.6,38.75,38.4,38.6,6429125
1101,2013-03-05,38.5,38.7,38.05,38.6,6487640
1101,2013-03-04,38.85,38.85,38.1,38.6,11140334
1101,2013-03-01,38.35,38.9,38.15,38.85,8099416
1101,2013-02-27,37.9,38.4,37.7,38.05,8088396
1101,2013-02-26,38,38.2,37.8,37.85,6240627
1101,2013-02-25,38.45,38.6,38.2,38.2,8422869
1101,2013-02-23,38.5,38.5,37.95,38.45,4043682
1101,2013-02-22,37.9,38.55,37.2,38.25,13082886
1101,2013-02-21,38.35,38.45,37.4,37.4,20419289
1101,2013-02-20,38.95,39,38.1,38.25,19701162
1101,2013-02-19,39.45,39.45,38.7,38.95,9125588
1101,2013-02-18,40.5,40.8,38.8,38.95,12920368
1101,2013-02-06,40.2,40.2,39.15,39.15,9161149
1101,2013-02-05,40.45,40.45,39.65,39.75,12299585
1101,2013-02-04,40.05,40.6,39.9,40.45,11539633
1101,2013-02-01,40.15,40.2,39.85,40.05,6416577
1101,2013-01-31,39.8,40,39.75,39.9,7139650
1101,2013-01-30,39.6,39.8,39.2,39.8,8017680
1101,2013-01-29,39.4,39.6,39.3,39.6,6611802
1101,2013-01-28,39.1,39.55,38.9,39.25,7214023
1101,2013-01-25,38.9,39.25,38.65,39.1,8601843
1101,2013-01-24,38.8,39.15,38.5,39,5816670
1101,2013-01-23,38.8,39.05,38.7,38.95,3720603
1101,2013-01-22,38.85,39.1,38.45,39,4343619
1101,2013-01-21,38.3,38.95,38.2,38.85,5561944
1101,2013-01-18,38.5,39,38,38.75,16762108
1101,2013-01-17,39.2,39.2,37.5,37.8,9392585
1101,2013-01-16,39.3,39.3,38.65,38.95,4870378
1101,2013-01-15,39.4,39.4,38.75,39,6009521
1101,2013-01-14,39.2,39.5,38.2,39.5,11525113
1101,2013-01-11,39.65,39.95,39.4,39.65,7716292
1101,2013-01-10,39,39.65,38.8,39.65,15592427
1101,2013-01-09,38.8,39,38.5,38.55,5776333
1101,2013-01-08,38.9,39.1,38.2,38.5,6454905
1101,2013-01-07,39.1,39.1,38.65,38.9,5067416
1101,2013-01-04,39.4,39.45,38.6,39,8682170
1101,2013-01-03,39.5,39.5,38.75,38.85,9710784
1101,2013-01-02,38.95,39.1,38.65,39,6374614
1101,2014-12-31,43.45,43.6,43,43.4,6291182
1101,2014-12-30,43.5,43.85,43.2,43.55,3357578
1101,2014-12-29,43,43.9,43,43.4,7228871
1101,2014-12-27,43,43,42.9,42.95,1245869
1101,2014-12-26,43.1,43.1,42.9,43,5465845
1101,2014-12-25,43,43.15,42.75,43.15,4366832
1101,2014-12-24,43,43.1,42.7,42.95,6636330
1101,2014-12-23,42.85,42.9,42.6,42.9,5534577
1101,2014-12-22,42.1,42.7,42.1,42.45,10178682
1101,2014-12-19,42.5,42.6,41.9,42.3,11834946
1101,2014-12-18,41.85,42.25,41.75,42,14297740
1101,2014-12-17,43.3,43.3,41.55,41.55,19989232
1101,2014-12-16,43.4,44.1,43.4,43.4,10378256
1101,2014-12-15,44.05,44.05,43.25,43.45,11473441
1101,2014-12-12,44.5,44.55,44.15,44.2,10610835
1101,2014-12-11,45,45,44.5,44.5,11720132
1101,2014-12-10,45.05,45.2,44.6,44.85,8471237
1101,2014-12-09,45.7,45.7,45.05,45.25,6296487
1101,2014-12-08,45.75,45.75,45.3,45.6,2316077
1101,2014-12-05,45.5,45.6,45.1,45.35,2737144
1101,2014-12-04,45,45.7,45,45.15,7435299
1101,2014-12-03,45.45,45.45,44.9,45.2,6329521
1101,2014-12-02,45.15,45.5,44.9,45.35,5517898
1101,2014-12-01,45,45.6,44.9,45.2,5308487
1101,2014-11-28,45.35,45.7,45.3,45.45,4139472
1101,2014-11-27,45.35,45.8,45.3,45.35,3894128
1101,2014-11-26,45.8,45.8,45.3,45.3,5327681
1101,2014-11-25,46.15,46.2,45.5,45.5,5408562
1101,2014-11-24,45.6,46.4,45.55,46.15,8462944
1101,2014-11-21,45.95,46,45.25,45.3,8145721
1101,2014-11-20,45.4,46.05,45.05,46,5258075
1101,2014-11-19,45.5,45.6,44.8,44.8,10007259
1101,2014-11-18,44.6,45.2,44.5,44.95,8446336
1101,2014-11-17,45.4,45.4,44.4,44.6,5596639
1101,2014-11-14,45.5,45.5,45,45,7020382
1101,2014-11-13,45.7,45.7,45.4,45.65,4101687
1101,2014-11-12,45.4,45.9,45.4,45.65,6571859
1101,2014-11-11,46.6,46.85,45.95,45.95,6021024
1101,2014-11-10,45.6,46.65,45.55,46.2,5583586
1101,2014-11-07,46.05,46.3,45.6,45.65,6423625
1101,2014-11-06,46.4,46.65,46,46.05,4266324
1101,2014-11-05,46.65,46.65,46.1,46.3,3456118
1101,2014-11-04,46.95,47.2,46.3,46.3,3989968
1101,2014-11-03,46.9,46.95,46.3,46.8,2826755
1101,2014-10-31,46.6,46.9,46.1,46.45,3737620
1101,2014-10-30,46.55,46.65,46.2,46.45,5094695
1101,2014-10-29,47.2,47.2,46.2,46.75,4864155
1101,2014-10-28,46.2,47.25,46.2,47.1,7571595
1101,2014-10-27,45.9,46,45.7,45.85,2728200
1101,2014-10-24,46,46.05,45.5,45.75,2492525
1101,2014-10-23,45.55,45.85,45.5,45.75,2951832
1101,2014-10-22,45.8,45.95,45.5,45.55,4032854
1101,2014-10-21,45.8,45.9,45.4,45.4,2765048
1101,2014-10-20,45.55,45.95,45.5,45.55,1821523
1101,2014-10-17,45.7,45.7,45,45.25,8128119
1101,2014-10-16,45.5,45.95,45,45.5,5632851
1101,2014-10-15,45.35,46.15,44.6,45.5,9272329
1101,2014-10-14,44.8,45.4,44.8,45.15,3348053
1101,2014-10-13,45,45.4,44.8,44.8,4828127
1101,2014-10-09,45.5,46.15,45.4,46,6783681
1101,2014-10-08,44.75,45.6,44.5,45.35,6417131
1101,2014-10-07,44.8,45,44.35,44.75,5823823
1101,2014-10-06,45.25,45.25,44.5,44.8,5088008
1101,2014-10-03,44.8,45.3,44.4,45.1,4027202
1101,2014-10-02,44.55,44.7,44.1,44.7,6821593
1101,2014-10-01,45.5,45.5,44.7,44.8,6935048
1101,2014-09-30,45.1,45.6,44.8,45.3,6356453
1101,2014-09-29,45.8,45.8,44.95,45,8710255
1101,2014-09-26,45.4,45.6,45.1,45.3,8267454
1101,2014-09-25,47,47,45.6,45.85,6367436
1101,2014-09-24,45.45,46.8,45.35,46.7,10221791
1101,2014-09-23,45.95,46,45.45,45.45,6296553
1101,2014-09-22,46.8,46.8,45.6,45.8,7691234
1101,2014-09-19,46.9,47.45,46.5,46.95,6958307
1101,2014-09-18,47.5,47.5,46.65,46.7,6052601
1101,2014-09-17,47,47.45,46.8,47.3,8762139
1101,2014-09-16,47,47.1,46.3,46.3,3934104
1101,2014-09-15,46.3,47,46.2,46.75,6526609
1101,2014-09-12,47.5,47.5,46.1,46.1,7045004
1101,2014-09-11,47.1,47.5,46.55,47.15,4319087
1101,2014-09-10,47.5,47.5,46.35,47.1,7442311
1101,2014-09-09,47.5,47.7,47.4,47.65,4984394
1101,2014-09-05,47.55,47.9,47.25,47.3,5878611
1101,2014-09-04,47.7,47.9,47.35,47.9,3383810
1101,2014-09-03,47.2,47.95,47.2,47.75,6575211
1101,2014-09-02,48.4,48.4,47,47.1,6887280
1101,2014-09-01,47.5,48.5,47.5,48.5,6054804
1101,2014-08-29,47.8,48.1,47.5,47.5,5881146
1101,2014-08-28,48.15,48.3,47.75,48.2,5300773
1101,2014-08-27,48.4,48.6,48,48.3,8404219
1101,2014-08-26,48.15,48.45,47.9,48.4,5255478
1101,2014-08-25,49.55,49.55,48.1,48.3,11137634
1101,2014-08-22,47.7,49.55,47.6,49.55,25596261
1101,2014-08-21,47.2,47.5,46.8,47.5,14538470
1101,2014-08-20,46.4,47,46.05,47,11028397
1101,2014-08-19,46,46.35,45.85,46.3,12410142
1101,2014-08-18,45.95,46.2,45.55,45.6,8459463
1101,2014-08-15,46.1,46.1,45.55,45.95,6059124
1101,2014-08-14,45.75,45.95,44.9,45.95,9013208
1101,2014-08-13,45,45.5,45,45.5,7214179
1101,2014-08-12,45.2,45.2,44.4,45,4468526
1101,2014-08-11,44.9,45.2,44.8,44.9,6094665
1101,2014-08-08,44.6,44.8,44.1,44.8,6494774
1101,2014-08-07,44.75,44.75,44.2,44.6,8293609
1101,2014-08-06,44.3,44.75,43.85,44.2,8088990
1101,2014-08-05,45.55,45.6,44.25,44.3,11884593
1101,2014-08-04,45,45.55,44.5,45.55,10532832
1101,2014-08-01,44.7,45,44.4,44.45,6425030
1101,2014-07-31,45.75,45.75,44.5,44.85,8821753
1101,2014-07-30,45.9,46,45.2,45.7,17744326
1101,2014-07-29,44.3,45.5,44.2,45.5,17122279
1101,2014-07-28,44,44.3,44,44.05,7068378
1101,2014-07-25,44,44.25,43.65,44,5741629
1101,2014-07-24,44,44.2,43.65,44,7529139
1101,2014-07-22,44.2,44.25,43.8,44,5007323
1101,2014-07-21,44.1,44.3,44,44.2,4318538
1101,2014-07-18,43.7,44,43.6,43.8,4474316
1101,2014-07-17,44,44,43.5,43.7,22401730
1101,2014-07-16,45.5,46.3,45.4,46.2,25983074
1101,2014-07-15,45.5,45.5,45.1,45.3,15298579
1101,2014-07-14,45.5,45.6,45.05,45.2,9870209
1101,2014-07-11,45.5,45.7,45.2,45.5,10916466
1101,2014-07-10,45.8,46.1,45.4,45.7,14377668
1101,2014-07-09,45.5,45.8,45.5,45.7,8093770
1101,2014-07-08,45.6,45.8,45.5,45.7,5261722
1101,2014-07-07,45.7,45.85,45.4,45.7,6218922
1101,2014-07-04,45.4,45.85,45.3,45.7,11659859
1101,2014-07-03,45.4,45.65,45.2,45.4,12388664
1101,2014-07-02,46.2,46.3,45.1,45.4,12026274
1101,2014-07-01,45.2,46.4,45.05,46.2,12513182
1101,2014-06-30,44.75,45.2,44.65,45.2,4902610
1101,2014-06-27,44.65,44.8,44.6,44.75,4172044
1101,2014-06-26,44.5,44.8,44.25,44.65,7980649
1101,2014-06-25,45.05,45.1,44.5,44.65,6401103
1101,2014-06-24,44.7,45,44.55,45,3667372
1101,2014-06-23,44.8,44.9,44.4,44.4,7586061
1101,2014-06-20,45,45.15,44.7,44.8,8081600
1101,2014-06-19,45,45.2,44.85,45,6808107
1101,2014-06-18,44.85,45.1,44.45,45.05,13820245
1101,2014-06-17,45,45.15,44.55,44.7,11510259
1101,2014-06-16,44.85,45.05,44.7,44.75,5936566
1101,2014-06-13,45,45.35,44.8,44.85,8631442
1101,2014-06-12,45.55,45.8,45.35,45.45,3991204
1101,2014-06-11,45.95,45.95,45.55,45.8,6671456
1101,2014-06-10,45.8,46.25,45.4,46.15,12204462
1101,2014-06-09,46.05,46.35,45.2,46.3,10536964
1101,2014-06-06,45.3,46,45.2,46,9518929
1101,2014-06-05,44.5,45.15,44.2,45,10851865
1101,2014-06-04,44.15,44.95,44.15,44.5,8138135
1101,2014-06-03,44.6,45,44.15,44.35,10685411
1101,2014-05-30,44.5,45.1,44.5,44.6,10819527
1101,2014-05-29,44.55,45.1,44.55,44.75,9349404
1101,2014-05-28,45.1,45.3,44.6,44.7,12714465
1101,2014-05-27,44.3,45.15,44.1,45.1,8807187
1101,2014-05-26,44.2,44.45,43.9,44.15,14089252
1101,2014-05-23,43.9,44.75,43.9,44.2,17160647
1101,2014-05-22,44,44.45,43.85,44.1,18875575
1101,2014-05-21,44.1,44.55,43.9,44,14602407
1101,2014-05-20,44.05,45,43.8,44.4,15457338
1101,2014-05-19,45.7,45.7,44.35,44.5,15482451
1101,2014-05-16,45.2,45.9,45.05,45.9,12477626
1101,2014-05-15,44.3,45.4,44.15,45.3,10433288
1101,2014-05-14,44.1,44.35,43.9,44.3,17985999
1101,2014-05-13,44.2,44.55,43.85,44,21023607
1101,2014-05-12,44.9,45,44,44.2,13660874
1101,2014-05-09,45.5,45.7,44.75,45.3,13257992
1101,2014-05-08,46.1,46.2,45.5,45.7,12525632
1101,2014-05-07,46.6,46.65,46,46,14905709
1101,2014-05-06,46.85,47.05,46.65,46.8,5972831
1101,2014-05-05,47.45,47.6,46.8,46.95,4908523
1101,2014-05-02,47.9,48.15,47.25,47.45,5317623
1101,2014-04-30,47.85,48.2,47.8,47.9,7160924
1101,2014-04-29,47.6,48.1,47.25,47.85,7042923
1101,2014-04-28,46.5,47.8,46.35,47.6,10620120
1101,2014-04-25,48,48.15,46.45,46.5,9426358
1101,2014-04-24,48.5,48.5,48.1,48.15,5582042
1101,2014-04-23,48.8,49.45,48.5,48.55,6556449
1101,2014-04-22,49.1,49.1,48.6,48.75,3718712
1101,2014-04-21,48.9,49.2,48.6,49.1,2337181
1101,2014-04-18,48.7,49,48.5,49,2147628
1101,2014-04-17,48.5,48.8,48.2,48.45,5137076
1101,2014-04-16,48.55,49.8,48.2,48.4,8723967
1101,2014-04-15,49,49.5,48.55,48.55,10468248
1101,2014-04-14,49,49.15,47.95,48.3,9768596
1101,2014-04-11,49.5,49.55,48.9,49.5,9700134
1101,2014-04-10,48.2,49.5,48.05,49.5,18284909
1101,2014-04-09,47,47.8,47,47.8,6199830
1101,2014-04-08,47.15,47.55,46.9,46.9,11662998
1101,2014-04-07,47.2,47.35,46.7,47.3,16274945
1101,2014-04-03,47.5,48.45,47.1,47.2,12692698
1101,2014-04-02,47.75,48,47.05,47.05,9294713
1101,2014-04-01,47,47.8,47,47.8,6854026
1101,2014-03-31,47.3,47.4,47,47,6549840
1101,2014-03-28,47,47.25,46.9,47.2,7780213
1101,2014-03-27,46.7,47.6,46.7,47,4790027
1101,2014-03-26,47.95,47.95,47.05,47.45,5764309
1101,2014-03-25,46.1,47.7,46.1,47.6,8130738
1101,2014-03-24,45.95,46.55,45.8,46,6314239
1101,2014-03-21,46.9,46.9,45.95,45.95,7074189
1101,2014-03-20,46.55,46.7,46.1,46.7,6950785
1101,2014-03-19,47.2,47.3,46.7,46.7,4068713
1101,2014-03-18,47.1,47.4,47,47,4350589
1101,2014-03-17,47.45,47.45,46.7,47.4,3992434
1101,2014-03-14,46.65,47.2,46.5,47,4325746
1101,2014-03-13,47.5,47.5,46.65,47.1,3741476
1101,2014-03-12,46.7,47.25,46.4,47.25,5264436
1101,2014-03-11,47.55,47.6,46.45,46.55,7815901
1101,2014-03-10,46.75,47.75,46.75,47.5,7518435
1101,2014-03-07,47.3,47.9,46.75,47,5716679
1101,2014-03-06,47.9,48,47.1,47.15,5832281
1101,2014-03-05,46.9,47.65,46.9,47.6,6826678
1101,2014-03-04,47.05,47.45,46.5,46.5,8515430
1101,2014-03-03,48.1,48.1,46.95,47.65,11869684
1101,2014-02-27,47.45,48.35,47.35,48.3,7740097
1101,2014-02-26,47.15,48,47.1,47.55,8941562
1101,2014-02-25,46.75,48.45,46.75,47.8,11784461
1101,2014-02-24,46.95,46.95,46.6,46.65,5576727
1101,2014-02-21,46,46.95,45.85,46.95,12460559
1101,2014-02-20,45.9,46.1,45.55,45.85,6057377
1101,2014-02-19,46.15,46.2,45.4,45.8,5216504
1101,2014-02-18,45.5,46.2,45.5,46.05,4791323
1101,2014-02-17,45,46.1,45,46,10502736
1101,2014-02-14,45.65,45.75,45.35,45.75,13305704
1101,2014-02-13,44.4,45.55,44.4,45.45,7165448
1101,2014-02-12,45,45.5,44.8,45.3,8054847
1101,2014-02-11,44,45.1,43.8,44.65,7177142
1101,2014-02-10,43.8,44.7,43.75,44.3,10091884
1101,2014-02-07,43.45,44.05,43.45,43.6,10692918
1101,2014-02-06,42.95,43.7,42.65,43.4,12017608
1101,2014-02-05,42.5,42.9,41.35,42.6,20203829
1101,2014-01-27,44.5,44.7,44,44.3,13768249
1101,2014-01-24,45.35,45.35,44.25,45.35,9706544
1101,2014-01-23,45.2,45.55,44.7,45.45,13175597
1101,2014-01-22,44.95,45.25,44.9,45.2,10623591
1101,2014-01-21,44.45,44.95,44.2,44.9,10737933
1101,2014-01-20,44,44.45,43.85,44.15,7249236
1101,2014-01-17,44,44.15,43.7,43.8,15951249
1101,2014-01-16,45.1,45.75,43.9,44,16224498
1101,2014-01-15,44,45.85,44,44.75,15911183
1101,2014-01-14,43.5,44.15,43.4,44.1,8378495
1101,2014-01-13,44.35,44.4,43.3,43.8,10387168
1101,2014-01-10,42.9,43.8,42.7,43.8,12090549
1101,2014-01-09,44,44.25,42.55,42.9,21508405
1101,2014-01-08,44.2,44.45,43.65,43.9,18636200
1101,2014-01-07,43.8,44.2,43.75,44.15,11592618
1101,2014-01-06,44.95,44.95,43.6,43.6,11744181
1101,2014-01-03,45.1,45.1,44.5,44.55,9962033
1101,2014-01-02,45.95,46.05,45.25,45.4,8173405
1101,2015-12-31,27.55,27.65,27,27.3,9133718
1101,2015-12-30,27.95,27.95,27.1,27.2,6290433
1101,2015-12-29,28,28.05,27.65,27.65,3533758
1101,2015-12-28,28,28.1,27.75,27.95,4861219
1101,2015-12-25,28.2,28.2,27.65,27.7,4334150
1101,2015-12-24,27.6,28.2,27.6,27.95,10322972
1101,2015-12-23,27.65,27.65,27.3,27.4,6483828
1101,2015-12-22,27.95,27.95,27.25,27.25,6365191
1101,2015-12-21,27,27.75,27,27.75,6015967
1101,2015-12-18,27.95,27.95,27.3,27.3,7395070
1101,2015-12-17,27.6,27.85,27.45,27.75,7326276
1101,2015-12-16,27.5,27.8,27.35,27.4,9595151
1101,2015-12-15,27.45,27.85,27.3,27.4,8847662
1101,2015-12-14,27.65,27.65,26.9,27.15,11209355
1101,2015-12-11,29.05,29.3,27.85,27.85,15517755
1101,2015-12-10,29.3,29.45,28.7,29.1,9768787
1101,2015-12-09,30,30.1,29.5,29.55,6997076
1101,2015-12-08,30.5,30.5,29.9,30.15,5295966
1101,2015-12-07,30.6,31.15,30.35,30.35,4831399
1101,2015-12-04,30.05,30.5,29.85,30.2,7464986
1101,2015-12-03,30.1,30.5,30,30.45,4228089
1101,2015-12-02,30.5,30.9,30.1,30.5,6250113
1101,2015-12-01,30,30.5,29.6,30.5,9225640
1101,2015-11-30,30.05,30.15,29,29.45,22290445
1101,2015-11-27,31.5,31.55,30.9,31,4790244
1101,2015-11-26,30.6,31.9,30.6,31.35,6397952
1101,2015-11-25,31.1,31.45,30.4,30.5,7373386
1101,2015-11-24,31.9,31.9,31.3,31.3,6954934
1101,2015-11-23,31.5,31.75,31.4,31.6,8280024
1101,2015-11-20,32,32.05,31.45,31.45,9545464
1101,2015-11-19,32.85,33,31.4,32,16251119
1101,2015-11-18,33.3,33.6,32.55,32.55,5563312
1101,2015-11-17,33.8,33.85,33.3,33.3,4241174
1101,2015-11-16,33.7,33.75,33.3,33.3,4498529
1101,2015-11-13,34.25,34.6,33.8,33.8,7021209
1101,2015-11-12,34.5,34.8,34.25,34.25,3917918
1101,2015-11-11,35.9,35.9,34.5,34.5,7992076
1101,2015-11-10,36.2,36.2,35.4,35.4,5216748
1101,2015-11-09,36.3,36.6,36,36.25,3271922
1101,2015-11-06,36.9,37,36,36.3,7737484
1101,2015-11-05,37.45,37.5,36.95,37,4948754
1101,2015-11-04,37.4,37.9,36.9,37.1,6353163
1101,2015-11-03,36.55,37.3,36.55,36.9,3915764
1101,2015-11-02,36.8,36.8,36.25,36.35,1809952
1101,2015-10-30,36.15,36.65,36.15,36.2,3164208
1101,2015-10-29,37.1,37.15,36.15,36.15,6971533
1101,2015-10-28,37.1,37.5,37,37.4,5090694
1101,2015-10-27,37.3,37.4,36.55,37.2,5062693
1101,2015-10-26,37.2,37.4,36.85,37.3,4552838
1101,2015-10-23,37.2,37.25,36.65,36.7,4694672
1101,2015-10-22,36.85,37,36.5,36.5,2701424
1101,2015-10-21,37.25,37.4,36.7,36.95,1970669
1101,2015-10-20,38,38,36.75,37.15,10306717
1101,2015-10-19,37.55,38,37.4,38,11348029
1101,2015-10-16,37.4,37.4,36.8,37.05,6192152
1101,2015-10-15,36.7,36.95,36.25,36.9,4867925
1101,2015-10-14,36.25,36.45,36.1,36.25,2646613
1101,2015-10-13,37.35,37.35,36.25,36.7,6670323
1101,2015-10-12,36.5,37.5,36.3,37.5,8313955
1101,2015-10-08,36.55,36.55,35.7,36.25,6218015
1101,2015-10-07,35.3,36.55,34.8,36.55,9492016
1101,2015-10-06,34.7,35.35,34.6,35.25,5847812
1101,2015-10-05,34.35,34.75,34.25,34.5,4295530
1101,2015-10-02,34.15,34.2,33.8,34,2903963
1101,2015-10-01,33.3,34.2,32.7,34.1,6822001
1101,2015-09-30,32.35,33.35,32.35,33.35,8996101
1101,2015-09-25,33.5,33.55,32.75,32.9,2639561
1101,2015-09-24,34.45,34.45,33.2,33.2,5757816
1101,2015-09-23,34.6,34.6,33.65,34.45,5307606
1101,2015-09-22,34.6,35,34.5,34.75,2492895
1101,2015-09-21,34.75,34.85,34.2,34.55,2887969
1101,2015-09-18,35.55,35.55,35.05,35.2,4903965
1101,2015-09-17,35.85,35.85,35.5,35.55,5705492
1101,2015-09-16,35.9,35.9,35.4,35.5,4622924
1101,2015-09-15,35.8,35.9,35.4,35.6,3246732
1101,2015-09-14,35.65,35.65,35.15,35.45,3003552
1101,2015-09-11,35.1,35.5,35,35.25,3127823
1101,2015-09-10,35.35,35.65,34.8,35.65,4670250
1101,2015-09-09,34.4,35.55,34.1,35.45,10422525
1101,2015-09-08,33.5,33.95,33.3,33.5,4944033
1101,2015-09-07,33.25,33.95,33.25,33.5,3899475
1101,2015-09-04,33.7,34.25,33.7,33.9,6149275
1101,2015-09-03,34,34.1,33.75,33.95,7425013
1101,2015-09-02,34,34.25,33.6,34,6069720
1101,2015-09-01,34.8,34.85,34.05,34.35,5800278
1101,2015-08-31,35,35.05,34,34.85,7483645
1101,2015-08-28,33.75,35.1,33.2,34.85,8058333
1101,2015-08-27,32.05,32.9,32.05,32.6,7204885
1101,2015-08-26,32,32.25,31.8,32.05,7211499
1101,2015-08-25,32,32.1,31.35,32,13759738
1101,2015-08-24,31.4,32.3,30.05,32,13308126
1101,2015-08-21,33.15,33.2,32.3,32.3,6977497
1101,2015-08-20,33.8,33.95,33,33.4,6846184
1101,2015-08-19,33.65,34.1,33.6,33.75,5566201
1101,2015-08-18,33.55,34,33.45,33.8,5148481
1101,2015-08-17,33.5,33.8,33.45,33.5,4636216
1101,2015-08-14,33.85,33.85,33.2,33.5,6624292
1101,2015-08-13,33.85,34.1,33.4,33.9,8642293
1101,2015-08-12,33.7,34.15,33.6,34,6448070
1101,2015-08-11,34.45,34.6,34.1,34.1,8918031
1101,2015-08-10,34.55,34.6,34.25,34.45,7492868
1101,2015-08-07,32.35,34.05,32.3,33.75,7162951
1101,2015-08-06,34.3,34.3,33.2,33.25,17861852
1101,2015-08-05,34.35,34.45,33.9,34.35,8821448
1101,2015-08-04,34.1,34.35,33.95,34.35,9703021
1101,2015-08-03,34.1,34.1,33.45,33.95,7717109
1101,2015-07-31,34.8,34.8,33.9,34.2,8533235
1101,2015-07-30,34.5,35,34.45,34.8,7187199
1101,2015-07-29,35.1,35.15,34.5,34.65,8554452
1101,2015-07-28,35.65,35.75,34.8,35.1,11223070
1101,2015-07-27,36.5,36.5,35.85,36,8298354
1101,2015-07-24,37.3,37.35,36.8,36.8,6719516
1101,2015-07-23,36.75,37.5,36.7,37.35,8084827
1101,2015-07-22,39.2,39.35,38.9,39.1,9464516
1101,2015-07-21,39.55,39.8,39.15,39.45,9084431
1101,2015-07-20,40,40.2,39.6,39.6,8210918
1101,2015-07-17,39.6,39.8,39.5,39.8,7207120
1101,2015-07-16,40,40.1,39.55,39.8,8851538
1101,2015-07-15,39.6,40.6,39.6,40.3,9596116
1101,2015-07-14,39.1,40.25,39.05,40.15,9800369
1101,2015-07-13,37.8,39.4,37.7,39.05,7643110
1101,2015-07-09,37.85,37.9,37.4,37.7,8449762
1101,2015-07-08,38.8,39.05,37.95,37.95,10950176
1101,2015-07-07,39.55,39.9,39,39,5426037
1101,2015-07-06,39.95,40,39.5,39.55,15532466
1101,2015-07-03,39.8,40.1,39.45,40.1,4223833
1101,2015-07-02,40.15,40.3,39.8,40,6523227
1101,2015-07-01,38.8,40.2,38.8,40,5737223
1101,2015-06-30,38.7,39.5,38.7,38.95,8871377
1101,2015-06-29,39.2,39.2,38.85,38.85,4578945
1101,2015-06-26,39.1,39.5,39.1,39.45,5401128
1101,2015-06-25,38.9,39.4,38.9,39.1,8751768
1101,2015-06-24,38.9,38.9,38.55,38.9,10742457
1101,2015-06-23,38.5,38.65,38.25,38.55,6097478
1101,2015-06-22,37.9,38.7,37.9,38,6705995
1101,2015-06-18,37.85,38.15,37.85,37.9,8670998
1101,2015-06-17,38.65,38.65,37.8,37.85,10579473
1101,2015-06-16,38.15,38.4,37.85,38,5280533
1101,2015-06-15,37.8,38.7,37.75,38,6132475
1101,2015-06-12,38.1,38.55,37.95,38,11147400
1101,2015-06-11,38.8,38.95,37.8,38.15,11023500
1101,2015-06-10,39,39.05,38.7,38.8,6296533
1101,2015-06-09,39.65,39.65,38.85,38.85,5116694
1101,2015-06-08,39,40.35,38.95,39.9,8288108
1101,2015-06-05,38.75,39.1,38.55,38.95,8041456
1101,2015-06-04,40,40,37.65,38.8,13609614
1101,2015-06-03,40.4,40.55,40,40.15,6614311
1101,2015-06-02,41.1,41.1,40.3,40.4,8592307
1101,2015-06-01,41.7,42.1,41.05,41.1,6324085
1101,2015-05-29,41.9,42.1,41.7,41.7,8623986
1101,2015-05-28,42,42.2,41.9,41.9,7248668
1101,2015-05-27,42.15,42.15,41.9,42,2750058
1101,2015-05-26,41.9,42.2,41.9,42,3936561
1101,2015-05-25,41.75,41.95,41.6,41.9,6126569
1101,2015-05-22,41.7,41.9,41.65,41.75,7811339
1101,2015-05-21,42.4,42.4,41.55,41.7,8405163
1101,2015-05-20,42.7,42.7,42.25,42.55,6384362
1101,2015-05-19,43,43.1,42.5,42.6,5442397
1101,2015-05-18,42.1,43,41.8,43,6782122
1101,2015-05-15,42.7,42.95,42.35,42.5,4962439
1101,2015-05-14,43,43,42.5,42.7,4202683
1101,2015-05-13,42.85,43.35,42.85,43.2,4723786
1101,2015-05-12,43,43.05,42.6,42.85,4602944
1101,2015-05-11,42.6,43,42.6,42.65,4064617
1101,2015-05-08,42.5,43.05,42.5,42.55,4382797
1101,2015-05-07,43.15,43.2,42.35,42.4,7360122
1101,2015-05-06,43.3,43.45,43.15,43.15,2957119
1101,2015-05-05,43.6,43.8,43.3,43.3,3266378
1101,2015-05-04,43.8,43.9,43.4,43.4,2284017
1101,2015-04-30,43.5,43.9,43.5,43.6,7069706
1101,2015-04-29,43.5,44.1,43.5,43.6,8970009
1101,2015-04-28,44.7,44.9,43.6,43.95,14593811
1101,2015-04-27,44.95,45.05,44.7,44.7,9098417
1101,2015-04-24,45.3,45.4,44.9,44.95,14753147
1101,2015-04-23,43.8,45.25,43.75,45.1,16591872
1101,2015-04-22,43.75,43.8,43.4,43.75,6269963
1101,2015-04-21,43.5,43.75,43.4,43.75,5250754
1101,2015-04-20,43.45,43.5,42.95,43.4,5733111
1101,2015-04-17,43.3,43.85,43.3,43.6,6913107
1101,2015-04-16,43.5,43.75,43.3,43.75,7964933
1101,2015-04-15,43.4,43.5,43.05,43.5,9829278
1101,2015-04-14,43.3,43.8,43.2,43.7,4157194
1101,2015-04-13,43.75,43.75,43.15,43.65,4942067
1101,2015-04-10,44.2,44.25,43.75,43.75,7442170
1101,2015-04-09,44.15,44.35,43.8,44,13230150
1101,2015-04-08,44.35,44.35,43.55,43.8,7567497
1101,2015-04-07,43.4,44.15,43.4,44,9560429
1101,2015-04-02,43.7,44.25,43.2,43.25,6751947
1101,2015-04-01,44,44.35,43.15,43.55,11745577
1101,2015-03-31,43.2,44.2,43,44.1,17432697
1101,2015-03-30,42.75,42.95,42.5,42.75,7783429
1101,2015-03-27,42,42.25,41.9,42,5476175
1101,2015-03-26,41.8,42.2,41.75,42.2,5452727
1101,2015-03-25,41.9,42.15,41.75,42,6739824
1101,2015-03-24,42.3,42.5,41.8,42,5899170
1101,2015-03-23,42.25,42.55,42.25,42.5,3714785
1101,2015-03-20,42.3,42.6,42.1,42.25,13162845
1101,2015-03-19,42.55,43.2,42.35,43.05,9321786
1101,2015-03-18,41.9,42.6,41.85,42.3,5660897
1101,2015-03-17,41.8,42.35,41.8,41.85,4360207
1101,2015-03-16,42,42.35,41.75,41.75,5677197
1101,2015-03-13,42.15,42.6,42.05,42.25,5770369
1101,2015-03-12,41.5,42.25,41.4,42,8015132
1101,2015-03-11,41.65,41.95,41.5,41.5,10202869
1101,2015-03-10,42.6,42.6,42.1,42.1,6967102
1101,2015-03-09,43,43,42.2,42.6,8534692
1101,2015-03-06,43.2,43.55,42.9,43.35,4663289
1101,2015-03-05,43.6,43.6,43,43,4544261
1101,2015-03-04,43.2,43.6,43.05,43.6,6063022
1101,2015-03-03,42.95,43.25,42.75,43.25,6727209
1101,2015-03-02,43.3,43.3,42.55,42.65,5941698
1101,2015-02-26,43,43.2,42.85,42.95,8012126
1101,2015-02-25,42.95,43.2,42.6,42.75,7138982
1101,2015-02-24,42.4,42.9,42.35,42.85,11986840
1101,2015-02-13,41.9,42.3,41.85,42.15,4652496
1101,2015-02-12,41.55,42.25,41.55,42.25,5098154
1101,2015-02-11,42,42.3,41.55,41.55,7575834
1101,2015-02-10,42,42.55,41.9,42.2,7027711
1101,2015-02-09,42.5,42.5,42.1,42.2,3201832
1101,2015-02-06,42.2,42.55,42.05,42.55,3120480
1101,2015-02-05,42.25,42.35,42.15,42.2,5067369
1101,2015-02-04,42,42.6,42,42.25,6580244
1101,2015-02-03,42.95,42.95,42.5,42.5,5587123
1101,2015-02-02,42.6,42.8,42.3,42.75,3475137
1101,2015-01-30,42.45,42.9,42.3,42.6,10361097
1101,2015-01-29,42.7,42.75,42.1,42.1,8902479
1101,2015-01-28,42.5,42.95,42.5,42.95,5952553
1101,2015-01-27,42.65,42.7,42.5,42.7,5134639
1101,2015-01-26,42.25,42.5,42.05,42.5,4801173
1101,2015-01-23,42.3,42.3,42.05,42.25,6099711
1101,2015-01-22,41.6,42.15,41.55,42,7736900
1101,2015-01-21,42,42.1,41.5,41.6,9839094
1101,2015-01-20,41.7,42,41.35,41.8,9046317
1101,2015-01-19,41.7,42.25,41.55,41.7,9378707
1101,2015-01-16,41.45,41.65,41,41.45,13346241
1101,2015-01-15,41.3,41.7,41.15,41.45,7820632
1101,2015-01-14,41.3,41.7,40.9,41.3,10408761
1101,2015-01-13,40.7,41.4,40.5,41.3,9078712
1101,2015-01-12,41.6,41.7,40.6,40.75,14743805
1101,2015-01-09,42.3,42.6,41.8,41.8,10494129
1101,2015-01-08,42.25,42.65,42.1,42.25,8697776
1101,2015-01-07,42.25,42.55,41.85,42.1,8719024
1101,2015-01-06,42.5,42.6,42.1,42.25,7654419
1101,2015-01-05,43.4,43.4,42.8,43,2842933
1101,2016-12-30,34.5,35.15,34.3,35.15,6121039
1101,2016-12-29,34.5,34.5,34.2,34.2,5504753
1101,2016-12-28,34.2,34.5,34.15,34.5,6390960
1101,2016-12-27,34.3,34.3,34.05,34.1,2949091
1101,2016-12-26,34.4,34.85,34,34.25,4685948
1101,2016-12-23,34.9,34.95,34.35,34.35,6936379
1101,2016-12-22,35.9,35.9,35,35,6915998
1101,2016-12-21,36.4,36.4,35.85,35.9,4138637
1101,2016-12-20,36.2,36.3,36.05,36.25,3422971
1101,2016-12-19,36.6,36.6,35.9,36,5428506
1101,2016-12-16,37.05,37.2,36.55,36.65,7874722
1101,2016-12-15,37.5,37.7,36.9,37.05,5066706
1101,2016-12-14,37.85,37.85,37.6,37.7,3848724
1101,2016-12-13,37.9,37.9,37.45,37.85,4751396
1101,2016-12-12,38,38.3,37.6,37.9,5851578
1101,2016-12-09,38,38,37.55,37.95,6367803
1101,2016-12-08,37.1,38,37.05,38,9247238
1101,2016-12-07,37.1,37.2,36.75,37.05,5071268
1101,2016-12-06,37.25,37.3,36.7,36.95,4705907
1101,2016-12-05,37.1,37.1,36.55,36.7,3645304
1101,2016-12-02,36.7,37.25,36.7,37.1,3992950
1101,2016-12-01,37.3,37.35,36.9,37.1,4980345
1101,2016-11-30,36.9,37.05,36.55,36.85,12602006
1101,2016-11-29,37,37,36.5,36.6,3452766
1101,2016-11-28,36.75,37.1,36.55,37,2444939
1101,2016-11-25,36.5,36.75,36.5,36.75,2083440
1101,2016-11-24,37,37.05,36.55,36.75,3141512
1101,2016-11-23,37.15,37.15,36.75,37.15,4159779
1101,2016-11-22,36.7,37.2,36.6,37.1,5901102
1101,2016-11-21,36,36.8,35.8,36.8,7152516
1101,2016-11-18,36.1,36.15,35.6,35.85,6818114
1101,2016-11-17,36.55,36.55,35.95,36.2,9308073
1101,2016-11-16,37.2,37.25,36.55,36.55,6265248
1101,2016-11-15,37.1,37.4,36.7,36.7,5197016
1101,2016-11-14,37.4,37.75,36.85,37.05,6577921
1101,2016-11-11,37.5,37.85,37.1,37.5,10715274
1101,2016-11-10,36.9,38.2,36.9,38.15,14729334
1101,2016-11-09,37.8,37.95,36.05,36.3,7408671
1101,2016-11-08,37.3,37.65,37.05,37.5,4437476
1101,2016-11-07,36.05,37.1,36.05,37.1,6360580
1101,2016-11-04,35.85,36.05,35.55,36.05,4813332
1101,2016-11-03,35.9,36.15,35.85,35.9,4459764
1101,2016-11-02,37,37.05,36.2,36.25,6470202
1101,2016-11-01,37.25,37.7,37.2,37.35,3585384
1101,2016-10-31,37.45,37.95,36.9,37.85,7114399
1101,2016-10-28,37.45,37.8,37.2,37.8,3975660
1101,2016-10-27,37.35,37.55,37.05,37.55,4635559
1101,2016-10-26,36.95,37.8,36.95,37.55,4659407
1101,2016-10-25,37.5,37.8,37.2,37.45,8676694
1101,2016-10-24,36.75,37.15,36.75,37,4323590
1101,2016-10-21,37,37.1,36.7,36.7,7010339
1101,2016-10-20,37.35,37.5,36.6,36.9,6836904
1101,2016-10-19,36.4,37.35,36.4,37.35,11106706
1101,2016-10-18,35.85,36.45,35.75,36.4,5283911
1101,2016-10-17,36.05,36.1,35.15,36.05,4102988
1101,2016-10-14,35.1,35.9,35.1,35.85,4112120
1101,2016-10-13,36.05,36.05,35,35,9132910
1101,2016-10-12,35.9,36.8,35.85,36.05,3841588
1101,2016-10-11,36.85,36.85,35.8,36.05,4305098
1101,2016-10-07,36.6,36.7,36.35,36.65,4489520
1101,2016-10-06,36.4,36.65,36.05,36.6,2626905
1101,2016-10-05,35.6,36.4,35.6,36.4,4091742
1101,2016-10-04,36.2,36.2,35.65,35.95,6605167
1101,2016-10-03,35.8,36.2,35.75,35.75,2589194
1101,2016-09-30,36.25,36.3,35.6,35.65,5946051
1101,2016-09-29,36.65,36.7,36.1,36.6,6068304
1101,2016-09-26,35.8,36.45,35.7,36.05,3144998
1101,2016-09-23,35.85,36.2,35.3,35.8,4971524
1101,2016-09-22,36.6,36.6,35.5,35.8,6644601
1101,2016-09-21,34.5,36.3,34.35,36.3,12187219
1101,2016-09-20,34.5,34.55,34.15,34.5,5395132
1101,2016-09-19,34,34.6,33.9,34.6,6309088
1101,2016-09-14,34.2,35.05,33.95,33.95,10428547
1101,2016-09-13,34.7,35,34.1,34.4,7558437
1101,2016-09-12,35.05,35.1,34.6,34.7,7312683
1101,2016-09-10,35.1,35.8,34.95,35.5,3061363
1101,2016-09-09,36.05,36.2,35.6,35.75,4270873
1101,2016-09-08,37.5,37.55,36.45,36.5,7013084
1101,2016-09-07,37.5,37.7,37.15,37.5,8430859
1101,2016-09-06,36.45,37.5,36.3,37.5,8538341
1101,2016-09-05,36.1,36.5,36.1,36.4,6589141
1101,2016-09-02,35.4,35.75,35.2,35.75,5829071
1101,2016-09-01,36.1,36.25,35.05,35.25,10901935
1101,2016-08-31,36.25,36.5,36.1,36.25,8052267
1101,2016-08-30,37.05,37.05,36.1,36.25,9750445
1101,2016-08-29,37.6,37.95,36.6,36.8,7655978
1101,2016-08-26,37.8,37.8,37.45,37.6,3825844
1101,2016-08-25,37.6,37.9,37.55,37.8,7072822
1101,2016-08-24,37.55,37.95,37.2,37.55,5183714
1101,2016-08-23,37.6,37.6,37.05,37.55,7511834
1101,2016-08-22,36.75,37.8,36.6,37.6,17290465
1101,2016-08-19,36,38,36,36.75,17933143
1101,2016-08-18,34.2,35.1,34.15,35.1,6584104
1101,2016-08-17,34.8,34.8,34.15,34.2,4520553
1101,2016-08-16,35,35,34.6,34.85,5267757
1101,2016-08-15,34.95,35,34.75,35,3067235
1101,2016-08-12,35,35,34.7,35,4513594
1101,2016-08-11,34.65,35,34.6,35,5413571
1101,2016-08-10,35,35.1,34.6,35.05,5563376
1101,2016-08-09,34.85,35.05,34.8,35,4720704
1101,2016-08-08,35,35.1,34.65,35,4043087
1101,2016-08-05,34.5,35.15,34.35,34.9,5666704
1101,2016-08-04,34.9,34.9,34.1,34.5,4434113
1101,2016-08-03,33.7,34.95,33.3,34.9,6428564
1101,2016-08-02,33.9,34.4,33.85,34.4,4293001
1101,2016-08-01,34,34,33.6,33.9,4262763
1101,2016-07-29,34.1,34.1,33.8,33.9,4320349
1101,2016-07-28,33.95,34.1,33.65,34.1,5224710
1101,2016-07-27,34,34.05,33.75,34.05,2911286
1101,2016-07-26,34.1,34.1,33.6,33.75,4199417
1101,2016-07-25,33.9,34.15,33.45,34.1,10395954
1101,2016-07-22,35.45,35.95,34.65,34.85,12495110
1101,2016-07-21,35.45,35.65,35.35,35.5,12280999
1101,2016-07-20,35.6,36,35.25,35.3,10448434
1101,2016-07-19,35.55,35.75,35.4,35.6,10196350
1101,2016-07-18,35.3,35.5,35.05,35.5,8945221
1101,2016-07-15,35,35.5,34.85,35.25,10945807
1101,2016-07-14,35,35.1,34.8,35.05,6410562
1101,2016-07-13,34.95,35.1,34.7,35,10472583
1101,2016-07-12,35.1,35.1,34.5,34.8,8345835
1101,2016-07-11,34.7,35.1,34.3,35.1,20745207
1101,2016-07-07,33.1,34.15,33.1,34.1,10125131
1101,2016-07-06,33.95,33.95,32.8,33.1,10258417
1101,2016-07-05,33.7,34.35,33.55,33.95,13226714
1101,2016-07-04,32.7,33.65,32.65,33.65,12407965
1101,2016-07-01,32.5,32.7,32.2,32.65,10537924
1101,2016-06-30,31.55,32.05,31.35,32.05,7812886
1101,2016-06-29,31.8,31.95,31.45,31.5,4891161
1101,2016-06-28,31,31.9,30.85,31.85,2785373
1101,2016-06-27,31.05,31.65,31.05,31.5,2219826
1101,2016-06-24,32.3,32.4,31.2,31.5,8351458
1101,2016-06-23,32.7,32.7,31.9,31.95,3766262
1101,2016-06-22,32.5,32.75,32.1,32.75,5687278
1101,2016-06-21,32.2,32.5,32.15,32.5,6919844
1101,2016-06-20,32.2,32.4,31.9,32.2,4382406
1101,2016-06-17,30.95,31.9,30.95,31.9,9654795
1101,2016-06-16,32,32,30.6,30.65,10466081
1101,2016-06-15,31.3,32.55,31.3,32.2,8364820
1101,2016-06-14,31.45,31.75,31.15,31.3,4053170
1101,2016-06-13,31.6,31.95,31.2,31.5,6848307
1101,2016-06-08,31.3,31.65,31.15,31.6,5833268
1101,2016-06-07,30.4,31.45,30.4,31.3,8770491
1101,2016-06-06,30.95,30.95,29.9,29.95,4256085
1101,2016-06-04,30.7,30.9,30.5,30.6,1669790
1101,2016-06-03,30.1,30.7,30.05,30.7,4050057
1101,2016-06-02,29.9,30.1,29.8,30,5759975
1101,2016-06-01,30,30.2,29.65,29.9,4660171
1101,2016-05-31,29.7,30.05,29.2,30.05,19882895
1101,2016-05-30,29.3,29.85,29.2,29.65,3290573
1101,2016-05-27,29.4,29.45,29.2,29.45,3583194
1101,2016-05-26,29.25,29.4,28.85,29.3,4266685
1101,2016-05-25,29.5,29.5,28.9,29.25,5094740
1101,2016-05-24,29,29.15,28.8,28.9,4966406
1101,2016-05-23,28.3,29.2,27.6,28.8,8061643
1101,2016-05-20,27.8,28.45,27.7,28.3,7791850
1101,2016-05-19,28.4,28.45,27.55,27.7,11062502
1101,2016-05-18,28.5,28.8,28.25,28.5,7216600
1101,2016-05-17,28.65,29.15,28.4,29,7754507
1101,2016-05-16,28.6,28.75,28.3,28.6,5113153
1101,2016-05-13,29.4,29.55,28.8,29,6331183
1101,2016-05-12,29.5,29.8,29.45,29.7,3242925
1101,2016-05-11,30.4,30.55,29.6,29.65,6439671
1101,2016-05-10,29.8,30.4,29.7,30.2,6695646
1101,2016-05-09,30.3,30.7,30,30,5539471
1101,2016-05-06,30.5,31,30.15,30.7,6430243
1101,2016-05-05,30.4,31.1,30.4,30.8,9546128
1101,2016-05-04,32,32.35,30.45,31,12164122
1101,2016-05-03,33,33,32.4,32.65,5007366
1101,2016-04-29,32.8,33.1,32.45,32.9,6002725
1101,2016-04-28,33.45,33.6,32.8,33.25,6301468
1101,2016-04-27,32.75,33.3,32.7,33,4844395
1101,2016-04-26,33.25,33.5,32.75,32.95,3850041
1101,2016-04-25,33,33.5,33,33.2,2871499
1101,2016-04-22,33.5,33.55,33,33.1,3896026
1101,2016-04-21,33.2,33.5,32.85,33.5,6886014
1101,2016-04-20,34.15,34.2,32.6,32.85,7401150
1101,2016-04-19,34,34.1,33.4,33.5,6091233
1101,2016-04-18,33.95,35,33.25,33.95,9634724
1101,2016-04-15,33.1,33.85,32.5,33.55,12931841
1101,2016-04-14,31.7,33.25,31.7,33,25875557
1101,2016-04-13,30.6,31.6,30.55,31.6,13086226
1101,2016-04-12,30.2,30.6,29.9,30.5,5679663
1101,2016-04-11,29.4,30.2,29.4,30.2,5677983
1101,2016-04-08,29.75,30.2,29.45,30.2,9656406
1101,2016-04-07,30,30.3,29.3,29.85,7114308
1101,2016-04-06,30.4,30.5,30,30,7673379
1101,2016-04-01,30.85,31.05,30.4,30.8,5973561
1101,2016-03-31,31.3,31.5,31,31.5,8967429
1101,2016-03-30,30.85,31.45,30.85,31.25,5571784
1101,2016-03-29,31,31.3,30.35,30.7,4509946
1101,2016-03-28,31.2,31.4,30.9,31.35,3285004
1101,2016-03-25,31,31.5,30.95,31.3,4173806
1101,2016-03-24,31.6,31.6,30.85,30.85,12414840
1101,2016-03-23,31.85,32,31.4,31.6,4875505
1101,2016-03-22,31.75,32.1,31.25,32.1,5614200
1101,2016-03-21,31.75,31.95,31.1,31.65,4783923
1101,2016-03-18,31.05,31.6,31.05,31.6,17233849
1101,2016-03-17,30.7,30.85,30.4,30.85,7100772
1101,2016-03-16,30.2,30.4,29.95,30.4,5770212
1101,2016-03-15,30.7,30.7,29.95,30.1,6872822
1101,2016-03-14,30.85,30.85,30.4,30.7,6404386
1101,2016-03-11,30.6,30.65,30.3,30.4,4142929
1101,2016-03-10,30,30.7,30,30.7,8444242
1101,2016-03-09,30.45,30.45,29.9,29.95,6986002
1101,2016-03-08,30.6,30.75,30.1,30.6,11296082
1101,2016-03-07,29.75,30.45,29.75,30.45,10646670
1101,2016-03-04,30.4,30.45,29.65,29.75,10628429
1101,2016-03-03,29.95,30.4,29.75,30.4,8345280
1101,2016-03-02,29.9,30.25,29.8,29.95,6946679
1101,2016-03-01,29.9,30,29.35,29.85,16744279
1101,2016-02-26,29.8,30.3,29.7,30,7803412
1101,2016-02-25,29.3,29.6,29.25,29.5,5468195
1101,2016-02-24,29.3,29.5,29.05,29.2,7527146
1101,2016-02-23,29.4,29.45,28.95,29.3,4597205
1101,2016-02-22,29.3,29.8,29.1,29.3,4990988
1101,2016-02-19,29,29.1,28.6,29.1,6014685
1101,2016-02-18,28.35,29.05,28.15,29.05,9042899
1101,2016-02-17,28.3,28.3,27.65,28.15,5705677
1101,2016-02-16,27.3,28.25,27.3,28.25,9610907
1101,2016-02-15,26.8,27.35,26.6,27.05,5715396
1101,2016-02-03,26.75,26.85,26.25,26.6,6229080
1101,2016-02-02,27.1,27.1,26.85,26.85,6132945
1101,2016-02-01,27.2,27.25,26.65,27.25,5883078
1101,2016-01-30,26.8,27.3,26.7,27.3,4457746
1101,2016-01-29,25.85,26.8,25.8,26.6,7902753
1101,2016-01-28,25.5,26,25.5,25.85,5532164
1101,2016-01-27,25.6,25.75,25.5,25.5,3831138
1101,2016-01-26,25.65,25.75,25.45,25.5,3984798
1101,2016-01-25,25.85,26,25.75,25.85,6261270
1101,2016-01-22,26,26.15,25.6,25.65,6341786
1101,2016-01-21,26.25,26.3,25.85,25.85,4485935
1101,2016-01-20,26.2,26.25,25.85,26.1,9593481
1101,2016-01-19,26.55,26.6,26.3,26.5,3365090
1101,2016-01-18,26.5,26.9,26.25,26.6,7044076
1101,2016-01-15,26.65,26.9,26.15,26.9,10040814
1101,2016-01-14,26.2,26.75,26,26.75,7947189
1101,2016-01-13,26.2,26.75,26.2,26.75,6281863
1101,2016-01-12,26.2,26.25,26,26.1,5331895
1101,2016-01-11,26.5,26.55,25.75,26,11756679
1101,2016-01-08,27.25,27.3,26.7,27,11915555
1101,2016-01-07,26.3,27.6,26.25,27.35,20289500
1101,2016-01-06,26.45,26.55,26,26.05,5154746
1101,2016-01-05,26.15,26.7,26.1,26.4,5382070
1101,2016-01-04,27.3,27.3,26.15,26.15,10437306
1101,2017-12-29,36.2,36.8,36.1,36.45,13039478
1101,2017-12-28,36.1,36.25,36,36.2,7612103
1101,2017-12-27,36.1,36.45,36,36.2,8808450
1101,2017-12-26,36.1,36.5,35.95,36.4,18802178
1101,2017-12-25,35.3,36.25,35.1,36.15,15153859
1101,2017-12-22,34.55,35.3,34.5,35.15,25247556
1101,2017-12-21,34.5,34.7,34.45,34.55,6137501
1101,2017-12-20,34.45,34.7,34.35,34.55,12409979
1101,2017-12-19,34.15,34.6,34,34.45,9853266
1101,2017-12-18,34.05,34.1,33.85,34.1,4315751
1101,2017-12-15,34.1,34.1,33.65,34,10035129
1101,2017-12-14,34.1,34.2,34.05,34.1,3018536
1101,2017-12-13,33.9,34.1,33.8,34.1,2613981
1101,2017-12-12,34.1,34.1,33.7,33.9,3099372
1101,2017-12-11,33.9,34.1,33.7,34.1,2431644
1101,2017-12-08,33.95,34.05,33.7,33.8,3200243
1101,2017-12-07,34,34.15,33.85,33.9,13793636
1101,2017-12-06,33.9,34.65,33.8,33.8,22611757
1101,2017-12-05,33.9,33.95,33.6,33.95,9422890
1101,2017-12-04,33.6,33.95,33.55,33.95,6593409
1101,2017-12-01,33.9,33.9,33.55,33.7,7123033
1101,2017-11-30,33.9,33.95,33.55,33.55,26474022
1101,2017-11-29,33.65,34,33.65,33.9,8504909
1101,2017-11-28,34.2,34.25,33.6,33.6,12572523
1101,2017-11-27,34.6,34.6,34.25,34.4,12051257
1101,2017-11-24,34.4,34.75,34.35,34.55,26124974
1101,2017-11-23,34.5,34.85,34.35,34.5,7662588
1101,2017-11-22,34.35,34.7,34.3,34.7,6629869
1101,2017-11-21,34.25,34.55,34.25,34.35,4933093
1101,2017-11-20,34.5,34.8,34.2,34.2,5643344
1101,2017-11-17,34.5,34.75,34.5,34.65,7145532
1101,2017-11-16,34.8,34.85,34.25,34.3,8848867
1101,2017-11-15,33.95,34.95,33.95,34.7,22812777
1101,2017-11-14,33.65,33.75,33.55,33.65,2527525
1101,2017-11-13,33.6,33.7,33.5,33.65,5119785
1101,2017-11-10,33.5,33.7,33.35,33.55,4460138
1101,2017-11-09,33.6,33.65,33.45,33.5,4348717
1101,2017-11-08,33.5,33.6,33.4,33.5,2979585
1101,2017-11-07,33.65,33.7,33.4,33.4,3346840
1101,2017-11-06,33.65,33.75,33.5,33.7,3349093
1101,2017-11-03,33.6,33.7,33.6,33.7,1352829
1101,2017-11-02,33.6,33.8,33.6,33.6,2410203
1101,2017-11-01,33.65,33.65,33.5,33.6,2575942
1101,2017-10-31,33.4,33.75,33.4,33.5,4424791
1101,2017-10-30,33.5,33.55,33.45,33.45,2933919
1101,2017-10-27,33.5,33.65,33.4,33.45,3308600
1101,2017-10-26,33.55,33.65,33.45,33.45,2953836
1101,2017-10-25,33.5,33.6,33.5,33.5,3160308
1101,2017-10-24,33.65,33.75,33.5,33.55,4539778
1101,2017-10-23,33.7,33.9,33.7,33.8,4129404
1101,2017-10-20,33.7,33.9,33.55,33.9,5544845
1101,2017-10-19,33.75,33.85,33.7,33.75,5175271
1101,2017-10-18,33.95,33.95,33.75,33.8,4344694
1101,2017-10-17,33.9,33.9,33.75,33.9,2370225
1101,2017-10-16,33.85,34,33.7,33.85,3491566
1101,2017-10-13,33.85,33.95,33.7,33.75,3944986
1101,2017-10-12,33.9,34.05,33.8,33.9,4256541
1101,2017-10-11,33.95,34.2,33.9,34,9503497
1101,2017-10-06,33.8,33.85,33.7,33.75,2930778
1101,2017-10-05,33.65,33.8,33.65,33.8,3818480
1101,2017-10-03,33.7,33.75,33.65,33.7,2411654
1101,2017-10-02,33.8,33.85,33.65,33.65,3803348
1101,2017-09-30,33.8,33.85,33.75,33.8,761927
1101,2017-09-29,33.8,33.85,33.7,33.8,4506319
1101,2017-09-28,33.9,33.95,33.65,33.8,7011313
1101,2017-09-27,33.9,34.1,33.9,33.95,4358892
1101,2017-09-26,33.9,34.05,33.9,34,7144222
1101,2017-09-25,33.9,34.1,33.85,34.05,6548901
1101,2017-09-22,33.85,33.95,33.8,33.9,6641307
1101,2017-09-21,33.85,33.9,33.75,33.8,6009712
1101,2017-09-20,33.9,34.1,33.85,33.9,10624922
1101,2017-09-19,34.05,34.15,33.8,33.95,13942921
1101,2017-09-18,34,34.5,33.85,34.3,12690100
1101,2017-09-15,33.6,33.85,33.6,33.8,10337792
1101,2017-09-14,33.75,33.9,33.65,33.7,5554074
1101,2017-09-13,33.85,33.9,33.75,33.75,4557103
1101,2017-09-12,33.9,33.95,33.8,33.85,5221796
1101,2017-09-11,34,34,33.85,33.95,4425075
1101,2017-09-08,33.85,34.1,33.8,34.05,4167136
1101,2017-09-07,34.1,34.15,33.8,33.8,8073415
1101,2017-09-06,34.15,34.2,34.1,34.1,4335726
1101,2017-09-05,34.4,34.45,34.15,34.25,6737186
1101,2017-09-04,34.5,34.6,34.4,34.45,3281172
1101,2017-09-01,34.7,34.75,34.5,34.65,4098028
1101,2017-08-31,34.7,34.9,34.6,34.85,6698883
1101,2017-08-30,34.7,34.8,34.6,34.75,5243700
1101,2017-08-29,34.7,34.75,34.55,34.7,3364181
1101,2017-08-28,34.9,34.95,34.7,34.8,3578010
1101,2017-08-25,34.65,34.95,34.55,34.85,4441308
1101,2017-08-24,34.4,34.75,34.25,34.7,4320255
1101,2017-08-23,34.25,34.75,34.15,34.45,9287189
1101,2017-08-22,34.25,34.3,34.1,34.25,4707021
1101,2017-08-21,34.25,34.25,34.1,34.1,2353769
1101,2017-08-18,34.15,34.3,34.05,34.25,7295818
1101,2017-08-17,34.3,34.35,34.05,34.25,4394516
1101,2017-08-16,34.2,34.45,34.1,34.35,5435656
1101,2017-08-15,34.5,34.6,34.2,34.25,6330534
1101,2017-08-14,34.15,34.65,34.15,34.55,7005135
1101,2017-08-11,34.1,34.2,34,34.1,9189920
1101,2017-08-10,34.7,34.75,34.3,34.4,5734084
1101,2017-08-09,35,35,34.55,34.75,6535493
1101,2017-08-08,34.8,35.1,34.8,35.1,5382862
1101,2017-08-07,34.8,35.15,34.8,35,7885793
1101,2017-08-04,34.85,35.1,34.8,34.8,6443201
1101,2017-08-03,34.9,35.05,34.8,34.9,6781925
1101,2017-08-02,35.05,35.2,34.95,35.1,4709223
1101,2017-08-01,34.9,35.25,34.9,35,6311828
1101,2017-07-31,35.05,35.25,34.95,35,8912100
1101,2017-07-28,35,35.3,34.9,35.2,11896409
1101,2017-07-27,34.5,35.3,34.5,35.2,17033807
1101,2017-07-26,34.5,34.65,34.35,34.5,8839786
1101,2017-07-25,34.65,34.8,34.5,34.55,9072709
1101,2017-07-24,36.1,36.1,35.8,36,7869225
1101,2017-07-21,36.2,36.25,36.05,36.1,5270107
1101,2017-07-20,36,36.25,35.95,36.2,6439713
1101,2017-07-19,35.8,36.2,35.7,36.15,8661882
1101,2017-07-18,35.65,36.05,35.25,35.9,6824714
1101,2017-07-17,35.4,35.85,35.35,35.8,7368518
1101,2017-07-14,35,35.6,34.95,35.5,6123690
1101,2017-07-13,35.25,35.55,35.05,35.1,5349086
1101,2017-07-12,35.25,35.3,34.9,34.95,4054442
1101,2017-07-11,34.85,35.45,34.85,35.15,3119995
1101,2017-07-10,35,35.25,34.75,35,3189525
1101,2017-07-07,35.35,35.4,35.05,35.2,3060802
1101,2017-07-06,35.6,35.65,35.3,35.45,3186913
1101,2017-07-05,35.45,35.6,35.3,35.6,5218415
1101,2017-07-04,35.35,35.7,35.3,35.45,7472066
1101,2017-07-03,35.25,35.5,35.2,35.45,5449350
1101,2017-06-30,35.1,35.25,34.95,35.2,3950426
1101,2017-06-29,35.15,35.15,34.9,35.1,3932424
1101,2017-06-28,34.85,35.1,34.65,35.1,3812803
1101,2017-06-27,35,35.2,34.75,34.75,4452320
1101,2017-06-26,34.9,35,34.8,35,4250651
1101,2017-06-23,34.85,34.95,34.7,34.9,2651236
1101,2017-06-22,34.7,34.95,34.7,34.9,3543319
1101,2017-06-21,34.5,34.8,34.2,34.8,5779413
1101,2017-06-20,33.9,34.55,33.85,34.45,4460341
1101,2017-06-19,33.65,33.9,33.6,33.9,4634274
1101,2017-06-16,33.9,33.9,33.5,33.85,8693799
1101,2017-06-15,34.25,34.25,33.5,34,5056038
1101,2017-06-14,34.2,34.3,34,34.25,2578897
1101,2017-06-13,34.4,34.45,34.2,34.2,1897782
1101,2017-06-12,34.6,34.6,34.1,34.1,3753270
1101,2017-06-09,34.35,34.6,34.3,34.6,3501078
1101,2017-06-08,34.35,34.5,34.1,34.35,3366124
1101,2017-06-07,34.4,34.45,34.1,34.35,6623228
1101,2017-06-06,34.4,34.55,34.4,34.4,4886609
1101,2017-06-05,34.8,34.85,34.5,34.55,5060038
1101,2017-06-03,34.7,34.8,34.65,34.7,871390
1101,2017-06-02,34.4,34.7,34.4,34.6,3285469
1101,2017-06-01,34.4,34.6,34.35,34.35,4071885
1101,2017-05-31,34.65,34.8,34.4,34.4,7036320
1101,2017-05-26,34.7,34.85,34.55,34.65,4343213
1101,2017-05-25,34.35,34.95,34.35,34.8,6944169
1101,2017-05-24,34.3,34.5,34.15,34.5,3225075
1101,2017-05-23,34.4,34.45,34.25,34.3,2627601
1101,2017-05-22,34.85,34.85,34.4,34.6,1706760
1101,2017-05-19,34.6,34.65,34.5,34.5,2194288
1101,2017-05-18,34.55,34.8,34.35,34.75,1686798
1101,2017-05-17,34.9,34.95,34.65,34.8,4574274
1101,2017-05-16,34.8,35.1,34.7,35.1,8943070
1101,2017-05-15,34.05,34.65,34.05,34.6,3063621
1101,2017-05-12,34.6,34.7,34,34.05,7520457
1101,2017-05-11,34.8,35,34.15,34.55,6688904
1101,2017-05-10,34.65,34.75,34.5,34.75,3403788
1101,2017-05-09,34.5,34.8,34.45,34.65,3878940
1101,2017-05-08,34.75,34.8,34.5,34.55,6498921
1101,2017-05-05,35.05,35.1,34.7,34.7,5445755
1101,2017-05-04,35.2,35.25,35,35.25,4880035
1101,2017-05-03,35.1,35.3,35,35.2,3418299
1101,2017-05-02,35.4,35.4,35.15,35.2,5256521
1101,2017-04-28,35.3,35.3,35.05,35.1,6574387
1101,2017-04-27,35.55,35.65,35.1,35.3,8224979
1101,2017-04-26,35.65,35.85,35.5,35.65,9700088
1101,2017-04-25,36.2,36.2,35.45,35.55,11861031
1101,2017-04-24,35.8,37.3,35.75,36.25,10227016
1101,2017-04-21,36.45,37.1,35.35,35.6,15672983
1101,2017-04-18,36.6,36.65,36.25,36.45,3836886
1101,2017-04-17,36.65,36.7,36.35,36.5,2460829
1101,2017-04-14,36.6,36.75,36.4,36.5,2230761
1101,2017-04-13,36.9,37.05,36.75,36.75,2235480
1101,2017-04-12,37.25,37.5,36.7,36.85,4321948
1101,2017-04-11,37,37.3,36.9,36.9,3063366
1101,2017-04-10,37.15,37.15,36.85,37,978271
1101,2017-04-07,36.95,37.25,36.5,37.15,3786727
1101,2017-04-06,37.2,37.45,37.1,37.3,5074098
1101,2017-04-05,36.4,37.2,36.4,37.05,7385595
1101,2017-03-31,37.1,37.2,36.3,36.3,8810234
1101,2017-03-30,37.65,37.65,36.85,36.85,6234143
1101,2017-03-29,37.4,37.7,37.25,37.7,3799461
1101,2017-03-28,37.8,37.8,36.9,37.15,12332096
1101,2017-03-27,37.85,37.85,37.55,37.75,5657656
1101,2017-03-24,38,38.1,37.8,38,3687099
1101,2017-03-23,38.15,38.25,37.7,38,3378905
1101,2017-03-22,37.95,38,37.75,37.9,5061425
1101,2017-03-21,38,38.4,37.85,38.4,6767923
1101,2017-03-20,38,38.2,37.9,38.15,2710369
1101,2017-03-17,38.15,38.4,37.95,38.2,9158312
1101,2017-03-16,38.2,38.5,37.9,38,4475521
1101,2017-03-15,37.7,38.4,37.55,38.2,6959294
1101,2017-03-14,37.6,37.9,37.45,37.8,4845441
1101,2017-03-13,37.2,37.95,37.2,37.6,5014808
1101,2017-03-10,37.3,37.3,36.85,37,5336924
1101,2017-03-09,38,38,37.5,37.5,9446829
1101,2017-03-08,38.2,38.45,38.15,38.15,6351161
1101,2017-03-07,37.8,38.25,37.8,38.2,2600079
1101,2017-03-06,37.9,38.1,37.75,37.8,5199164
1101,2017-03-03,38.15,38.55,38,38,7362110
1101,2017-03-02,38,38.9,38,38.15,16935050
1101,2017-03-01,37.65,38.25,37.6,37.7,8509295
1101,2017-02-24,38,38.1,37.65,37.65,9870769
1101,2017-02-23,38.3,38.3,37.65,38,5636826
1101,2017-02-22,37.45,38.4,37.25,38.2,13614782
1101,2017-02-21,36.7,37.4,36.7,37.05,9412229
1101,2017-02-20,37.3,37.35,36.5,36.6,6782081
1101,2017-02-18,37.5,37.6,37.15,37.3,2342287
1101,2017-02-17,37.65,37.65,37.1,37.5,7386370
1101,2017-02-16,38.1,38.15,37.55,37.65,10250490
1101,2017-02-15,37.8,38.25,37.7,38.05,8834192
1101,2017-02-14,37.35,38.2,37.35,37.8,9427952
1101,2017-02-13,38.2,38.2,37.6,38,9216710
1101,2017-02-10,38.2,38.8,37.8,38.2,39364540
1101,2017-02-09,35,36.3,35,36.3,13658435
1101,2017-02-08,35.25,35.45,34.95,35.2,6318414
1101,2017-02-07,35.4,35.5,35.2,35.25,7887754
1101,2017-02-06,36.05,36.05,35.55,35.6,3315263
1101,2017-02-03,35.25,36,35.2,36,5407188
1101,2017-02-02,36.25,36.3,35.3,35.3,12154811
1101,2017-01-24,35.75,36,35.3,35.4,6790602
1101,2017-01-23,34.5,35.8,34.5,35.75,9432643
1101,2017-01-20,34.8,35.1,34.75,34.95,2355242
1101,2017-01-19,35.2,35.2,34.6,34.65,6098231
1101,2017-01-18,35.45,35.55,35.3,35.45,8308000
1101,2017-01-17,35.9,36,35.55,35.55,2902410
1101,2017-01-16,35.8,36.05,35.6,35.8,2145899
1101,2017-01-13,36.3,36.4,35.7,36,3896119
1101,2017-01-12,35.85,36.3,35.7,36.3,7967333
1101,2017-01-11,35.15,35.85,35.05,35.8,5403483
1101,2017-01-10,34.8,35.15,34.65,34.95,2863568
1101,2017-01-09,35.25,35.35,34.9,34.9,4877900
1101,2017-01-06,35.3,35.3,34.9,35.25,3542625
1101,2017-01-05,35,35.25,34.9,35.25,4098017
1101,2017-01-04,35.2,35.3,35,35.25,3296820
1101,2017-01-03,35.45,35.45,34.8,35.15,2890982
1101,2018-12-28,35.4,35.75,35.4,35.6,8117150
1101,2018-12-27,35.8,35.8,35.4,35.4,7848142
1101,2018-12-26,35.8,35.85,35.35,35.4,5402920
1101,2018-12-25,35.05,35.85,34.95,35.85,8531299
1101,2018-12-24,35.6,35.95,35.5,35.8,7755049
1101,2018-12-22,35.4,35.6,35.3,35.45,1636356
1101,2018-12-21,35.4,35.65,35.3,35.4,12841378
1101,2018-12-20,35.8,36.15,35.3,35.4,11745184
1101,2018-12-19,35.8,36,35.65,36,11027020
1101,2018-12-18,35.85,36.2,35.55,35.65,15035014
1101,2018-12-17,35.6,36.2,35.55,36,16365415
1101,2018-12-14,35.4,35.8,35.1,35.75,17761509
1101,2018-12-13,34.95,35.55,34.85,35.5,12992752
1101,2018-12-12,35,35.05,34.8,34.95,12970181
1101,2018-12-11,35.1,35.35,34.8,34.8,9358961
1101,2018-12-10,34.9,34.95,34.7,34.75,6771262
1101,2018-12-07,34.7,35.45,34.7,35.05,9683367
1101,2018-12-06,34.85,35.15,34.6,34.65,19811502
1101,2018-12-05,34.5,35.3,34.35,34.85,15645678
1101,2018-12-04,35.85,35.85,34.85,35.05,24268828
1101,2018-12-03,34.95,36,34.9,35.85,26938982
1101,2018-11-30,34.3,34.75,34.2,34.5,19459222
1101,2018-11-29,34.45,34.6,33.95,34.05,21273973
1101,2018-11-28,33.65,34.15,33.2,34.05,27746078
1101,2018-11-27,33,33.65,32.7,33.5,75414108
1101,2018-11-26,34.8,35.45,34.8,35.35,8757969
1101,2018-11-23,35,35,34.5,34.7,8917654
1101,2018-11-22,35.7,35.75,34.6,34.85,24245555
1101,2018-11-21,36.25,36.25,35.5,35.7,22887183
1101,2018-11-20,36.5,37,36.25,36.65,15633754
1101,2018-11-19,36.5,36.65,36.15,36.5,9746930
1101,2018-11-16,36.6,36.6,36.1,36.45,6752139
1101,2018-11-15,36.4,36.45,36,36.15,7680959
1101,2018-11-14,37.05,37.2,36.05,36.35,17880322
1101,2018-11-13,35,36.4,35,36.4,17714261
1101,2018-11-12,34.9,35.6,34.9,35.6,7214929
1101,2018-11-09,35.35,35.35,34.7,34.9,8149952
1101,2018-11-08,36,36,35.2,35.5,8155368
1101,2018-11-07,35.3,35.75,35.3,35.5,6609546
1101,2018-11-06,35.6,35.8,34.8,35.1,15899650
1101,2018-11-05,36,36,35,35.35,18395185
1101,2018-11-02,36.25,36.45,36,36.45,14967592
1101,2018-11-01,34.45,35.85,34.45,35.65,19512690
1101,2018-10-31,34.5,35.1,34.3,34.7,18308135
1101,2018-10-30,33.9,34.6,33.75,34.1,19836892
1101,2018-10-29,33.8,34.1,33.2,33.9,18111093
1101,2018-10-26,34.3,34.45,32.9,33.5,21623371
1101,2018-10-25,33.1,34.25,32.9,34,26800022
1101,2018-10-24,35.95,35.95,33.55,34.15,48566067
1101,2018-10-23,37.3,37.35,35.55,36,22498223
1101,2018-10-22,37.2,37.85,37.2,37.55,14359439
1101,2018-10-19,37.65,37.65,37.1,37.25,19336484
1101,2018-10-18,38.6,38.6,37.8,38,8292252
1101,2018-10-17,38.6,38.9,38.15,38.25,10495677
1101,2018-10-16,38.4,38.4,37.8,38.2,12893506
1101,2018-10-15,38.55,38.75,38.1,38.5,13918633
1101,2018-10-12,37.25,39,37,39,16441006
1101,2018-10-11,38.1,38.6,37,37.6,38528047
1101,2018-10-09,40,40.3,39.6,40.05,13987457
1101,2018-10-08,39.65,39.95,39.4,39.75,10324736
1101,2018-10-05,40.1,40.1,39.15,39.7,12625869
1101,2018-10-04,40.15,40.25,39.5,39.8,13054331
1101,2018-10-03,40.7,40.7,39.95,40.2,10990062
1101,2018-10-02,41.15,41.2,40.1,40.3,15683130
1101,2018-10-01,41.5,41.9,40.9,41.05,14535560
1101,2018-09-28,41,41.6,40.85,41.1,28667459
1101,2018-09-27,39.6,40.45,39.6,40.25,13000198
1101,2018-09-26,40.4,40.5,39.85,39.9,8153260
1101,2018-09-25,41.2,41.2,40.1,40.2,12783118
1101,2018-09-21,40.2,41,40.2,40.4,37163817
1101,2018-09-20,40.1,40.8,39.7,40.1,13617675
1101,2018-09-19,39.8,41,39.8,40.15,23084467
1101,2018-09-18,39,39.8,38.9,39.7,8765741
1101,2018-09-17,39.8,39.85,38.8,39.3,8615321
1101,2018-09-14,39.1,39.8,38.55,39.65,13834200
1101,2018-09-13,39.15,39.55,39,39.1,18074527
1101,2018-09-12,37.95,38.55,37.95,38.55,15005933
1101,2018-09-11,38.3,38.55,36.95,38,34647919
1101,2018-09-10,40.25,40.4,37.4,37.95,46962086
1101,2018-09-07,41.35,41.6,41.25,41.3,12352319
1101,2018-09-06,41.5,41.95,41.3,41.8,12352963
1101,2018-09-05,41.7,42,41.5,41.55,13441364
1101,2018-09-04,41.35,42.15,41.3,42.1,20413587
1101,2018-09-03,42.1,42.1,41.15,41.35,19244231
1101,2018-08-31,41.7,42.35,41.5,42.35,25319458
1101,2018-08-30,43.35,43.35,41.5,42,39229503
1101,2018-08-29,43.4,43.4,43.1,43.4,14121231
1101,2018-08-28,43.45,43.6,43,43.3,16770349
1101,2018-08-27,43.3,43.5,42.9,43.3,14566272
1101,2018-08-24,43,43.05,42.6,42.8,15904932
1101,2018-08-23,43.1,43.4,42.55,43.1,15462708
1101,2018-08-22,42.8,43.2,42.6,42.95,17837544
1101,2018-08-21,42.2,42.9,41.9,42.9,12728530
1101,2018-08-20,42.6,42.6,41.8,42,20795415
1101,2018-08-17,42.3,43,42,42.05,19548050
1101,2018-08-16,41.85,42.15,41.25,42,19196595
1101,2018-08-15,43.55,43.55,42.35,42.35,28580192
1101,2018-08-14,42.2,43.65,42.2,43.3,36990116
1101,2018-08-13,42.65,43.7,41.85,42.15,74787878
1101,2018-08-10,40.65,41.7,40.6,41.5,30858256
1101,2018-08-09,40.5,40.85,40.1,40.5,32275299
1101,2018-08-08,40.4,41.05,40.35,40.6,32936560
1101,2018-08-07,40.4,40.6,40.15,40.15,27766431
1101,2018-08-06,40.45,40.75,40.2,40.35,26164162
1101,2018-08-03,40.8,41.35,40.4,40.45,33912738
1101,2018-08-02,40.95,41.1,40.45,40.6,46511022
1101,2018-08-01,39.7,41.4,39.55,41.05,70064835
1101,2018-07-31,39.3,39.65,39.1,39.35,76723044
1101,2018-07-30,40.5,41.25,40.5,40.7,28794120
1101,2018-07-27,40.8,41.65,40.3,40.3,36900987
1101,2018-07-26,40.8,42.2,40.1,40.5,67824850
1101,2018-07-25,45.15,45.5,44.7,45.1,30954635
1101,2018-07-24,42.8,45.7,42.65,45.5,59365765
1101,2018-07-23,42.45,42.8,42.2,42.65,22008374
1101,2018-07-20,42.8,43.05,42.1,42.3,20815274
1101,2018-07-19,42.3,42.9,42.25,42.75,22569735
1101,2018-07-18,42.6,42.75,42.15,42.25,19716943
1101,2018-07-17,42.5,42.8,42.1,42.15,16189546
1101,2018-07-16,43.5,43.5,42.4,42.5,17398391
1101,2018-07-13,43.35,43.75,42.8,43.5,24671854
1101,2018-07-12,42.15,43.1,41.95,42.7,18872958
1101,2018-07-11,42.6,42.6,41.9,42.15,22068439
1101,2018-07-10,43,43.3,42.5,43.25,24120841
1101,2018-07-09,41.75,42.95,41.6,42.75,26644457
1101,2018-07-06,41.9,41.95,41.1,41.6,26209289
1101,2018-07-05,42,42.4,41.8,42.05,18790046
1101,2018-07-04,42.5,42.5,41.6,42,25563782
1101,2018-07-03,43.25,43.25,41.9,42.75,34388265
1101,2018-07-02,42.4,42.75,41.5,41.85,20513541
1101,2018-06-29,42.4,42.45,41.8,42.35,27498314
1101,2018-06-28,42.55,43,42.25,42.4,18611727
1101,2018-06-27,43.7,43.7,42.35,43,26644252
1101,2018-06-26,44.7,44.7,43.7,43.7,17852935
1101,2018-06-25,44.5,44.95,44.1,44.7,12952913
1101,2018-06-22,44.65,45.1,44.1,44.6,16498565
1101,2018-06-21,44.8,44.85,44.2,44.75,9704464
1101,2018-06-20,43.8,44.9,43.25,44.75,19395161
1101,2018-06-19,44.55,44.6,43.8,43.85,21611576
1101,2018-06-15,45.1,45.7,44.6,45.25,22298642
1101,2018-06-14,45,45.35,44.85,44.9,10842221
1101,2018-06-13,45,45.6,44.45,45.45,11705098
1101,2018-06-12,44.7,44.8,44.4,44.5,12668353
1101,2018-06-11,45.15,45.15,44.3,44.6,9317590
1101,2018-06-08,44.65,45.15,44.35,45,12886568
1101,2018-06-07,45.1,45.25,44.65,44.75,7721227
1101,2018-06-06,45,45,44.5,44.8,11187817
1101,2018-06-05,45.7,45.7,44.45,45.2,17856351
1101,2018-06-04,44.15,45.7,43.85,45.65,23719486
1101,2018-06-01,43.7,44.15,43.5,43.75,10995571
1101,2018-05-31,44.25,44.25,43.45,43.6,27391593
1101,2018-05-30,43.3,44.25,42.9,43.75,23082329
1101,2018-05-29,44,44,42.95,43.4,20592864
1101,2018-05-28,44.2,44.3,43.85,43.95,18488980
1101,2018-05-25,45.1,45.1,43.9,43.9,18412889
1101,2018-05-24,44.6,44.75,43.8,44.75,17006028
1101,2018-05-23,45.65,45.7,43.7,44.1,24617785
1101,2018-05-22,46,46.05,45.35,45.6,13590676
1101,2018-05-21,46,46.35,45.4,46,19099961
1101,2018-05-18,46,46.15,45.1,45.55,22078870
1101,2018-05-17,46.35,46.4,45.5,45.65,27428210
1101,2018-05-16,46.9,47.3,44.85,45.9,60209452
1101,2018-05-15,43.2,43.95,42.5,43.5,26030050
1101,2018-05-14,41.9,43.25,41.9,43.15,23707140
1101,2018-05-11,41.15,41.45,40.85,41.25,12440124
1101,2018-05-10,40.8,41.3,40.6,41.1,15625626
1101,2018-05-09,40.7,40.75,40.4,40.6,9035573
1101,2018-05-08,40.4,41.2,40,40.8,14905884
1101,2018-05-07,40,41.35,40,40.4,20945014
1101,2018-05-04,39.6,40.1,39.5,39.55,7868494
1101,2018-05-03,40.65,40.8,39.15,39.4,16810513
1101,2018-05-02,40.85,41.4,40.7,40.85,15413381
1101,2018-04-30,40.7,40.85,40.15,40.85,13728774
1101,2018-04-27,40.9,40.9,40.1,40.3,11059291
1101,2018-04-26,40.25,40.9,40.25,40.5,14998877
1101,2018-04-25,40.65,40.9,39.85,40.2,15615426
1101,2018-04-24,39.5,41,39.5,40.85,37557211
1101,2018-04-23,38.75,39.1,38.7,38.9,4833651
1101,2018-04-20,38.9,39.3,38.6,38.75,12463820
1101,2018-04-19,38.1,39.2,38,39,14831475
1101,2018-04-18,38,38.35,38,38.2,4558474
1101,2018-04-17,38.25,38.25,37.6,38,7776022
1101,2018-04-16,38,38.25,37.9,38.25,3419974
1101,2018-04-13,38,38.4,37.9,38.2,4607344
1101,2018-04-12,38.6,38.6,37.9,38.1,5506470
1101,2018-04-11,38.45,38.8,38.15,38.45,9408389
1101,2018-04-10,37.25,38.4,37.25,38.2,15951693
1101,2018-04-09,37.4,37.45,37.15,37.35,7648516
1101,2018-04-03,36.3,36.95,36.2,36.95,5855277
1101,2018-04-02,36.55,36.85,36.5,36.65,2845216
1101,2018-03-31,36.6,36.7,36.55,36.55,2174618
1101,2018-03-30,36.5,36.8,36.4,36.6,5089666
1101,2018-03-29,36.65,36.8,36.35,36.55,5977425
1101,2018-03-28,37.1,37.1,36.8,37,2851838
1101,2018-03-27,36.8,37.2,36.8,37.15,4487686
1101,2018-03-26,36.85,36.9,36.35,36.6,4166613
1101,2018-03-23,36.8,37,36.65,37,7492897
1101,2018-03-22,37.35,37.65,37.3,37.55,5532247
1101,2018-03-21,37.45,37.45,37.15,37.35,3697305
1101,2018-03-20,37.35,37.35,36.95,37.35,4111790
1101,2018-03-19,37.45,37.55,37.2,37.55,1979911
1101,2018-03-16,37.6,37.7,37,37.6,10191776
1101,2018-03-15,37.35,37.7,37.35,37.6,4967923
1101,2018-03-14,37.5,37.7,37.3,37.5,5039751
1101,2018-03-13,37,37.55,36.95,37.5,8746005
1101,2018-03-12,36.7,37.2,36.7,37.2,6559562
1101,2018-03-09,36.5,36.7,36.45,36.65,3977028
1101,2018-03-08,36.4,36.65,36.4,36.4,3690385
1101,2018-03-07,36.3,36.6,36.3,36.4,3702388
1101,2018-03-06,36.55,36.75,36.45,36.5,3208042
1101,2018-03-05,36.7,36.8,36.15,36.3,6828678
1101,2018-03-02,36.5,37,36.5,36.9,6095003
1101,2018-03-01,37.15,37.2,36.6,37,7530036
1101,2018-02-27,36.7,37,36.6,37,9255910
1101,2018-02-26,36.95,37,36.55,36.55,5246439
1101,2018-02-23,36.6,36.95,36.55,36.85,5017144
1101,2018-02-22,36.8,36.95,36.35,36.5,6138179
1101,2018-02-21,37,37.2,36.55,37.2,9178788
1101,2018-02-12,35.6,36.2,35.3,35.95,6017173
1101,2018-02-09,35.3,36.2,35.1,35.6,13739138
1101,2018-02-08,36.55,36.85,36.5,36.75,7998055
1101,2018-02-07,36.1,36.8,36,36.4,12732168
1101,2018-02-06,36.8,36.8,34.8,35.5,25755973
1101,2018-02-05,37.1,37.8,37.1,37.8,6630801
1101,2018-02-02,38,38,37.4,37.9,5492531
1101,2018-02-01,37.65,37.95,37.65,37.9,3056615
1101,2018-01-31,37.6,37.9,37.35,37.65,5410009
1101,2018-01-30,38,38.05,37.7,37.9,5942325
1101,2018-01-29,38.3,38.4,37.7,37.95,5861953
1101,2018-01-26,37.75,38.2,37.5,38.2,10584133
1101,2018-01-25,37.3,37.65,37.25,37.6,6043087
1101,2018-01-24,37.45,37.45,36.9,37.3,8517283
1101,2018-01-23,37.8,37.8,36.85,37.3,13647470
1101,2018-01-22,37.9,37.9,37.55,37.85,8771524
1101,2018-01-19,37.95,38.1,37.75,37.9,8346117
1101,2018-01-18,38.6,38.65,37.75,37.85,13010910
1101,2018-01-17,38,38.5,37.9,38.5,12716828
1101,2018-01-16,37.95,38.1,37.7,38.1,9338163
1101,2018-01-15,37.65,37.85,37.55,37.85,9637157
1101,2018-01-12,37.75,37.95,37.35,37.6,18804747
1101,2018-01-11,38.3,38.35,37.45,37.5,35062055
1101,2018-01-10,38.3,38.5,38,38.45,11674625
1101,2018-01-09,38.1,38.55,37.9,38.3,19053008
1101,2018-01-08,37.4,38.3,37.2,38.2,22660681
1101,2018-01-05,37.5,37.5,37.05,37.3,35536815
1101,2018-01-04,37.35,37.45,36.75,37.2,14927721
1101,2018-01-03,36.5,37.35,36.25,37.35,19959825
1101,2018-01-02,36.45,36.6,36.05,36.55,13698944
1101,2019-12-31,43.65,43.8,43.5,43.7,8465583
1101,2019-12-30,43.35,43.9,43.3,43.65,20828515
1101,2019-12-27,43.1,43.25,43,43.25,9708049
1101,2019-12-26,43.15,43.15,42.9,43.05,5645778
1101,2019-12-25,43,43.25,42.9,43.1,6263599
1101,2019-12-24,43.25,43.35,43.05,43.15,7316572
1101,2019-12-23,42.95,43.25,42.95,43.25,14298499
1101,2019-12-20,43,43.1,42.8,42.95,17435375
1101,2019-12-19,43,43,42.75,43,14560126
1101,2019-12-18,42.85,43.1,42.8,43,14551789
1101,2019-12-17,42.85,42.95,42.7,42.95,12338642
1101,2019-12-16,42.85,43,42.65,42.8,13795707
1101,2019-12-13,42.4,42.85,42.4,42.55,20556121
1101,2019-12-12,42.25,42.4,42.2,42.3,13217566
1101,2019-12-11,42.1,42.25,42.05,42.15,9100929
1101,2019-12-10,42.05,42.2,41.9,42.1,7015702
1101,2019-12-09,41.85,42.15,41.75,42.05,11767308
1101,2019-12-06,41.7,41.85,41.55,41.75,6197147
1101,2019-12-05,41.75,41.9,41.6,41.65,9435038
1101,2019-12-04,41.85,41.85,41.35,41.75,10153425
1101,2019-12-03,41.3,41.95,41.2,41.85,9134362
1101,2019-12-02,41.4,41.45,41.2,41.35,12911289
1101,2019-11-29,41.9,41.95,41.35,41.4,20360501
1101,2019-11-28,42,42.15,41.85,42,14516494
1101,2019-11-27,41.9,41.95,41.7,41.95,14148776
1101,2019-11-26,42.2,42.35,41.8,41.8,28215287
1101,2019-11-25,42.1,42.15,41.8,41.95,12268269
1101,2019-11-22,42.5,42.5,42,42.1,12229956
1101,2019-11-21,42.55,42.55,42,42.35,14077324
1101,2019-11-20,42.25,42.9,42.1,42.65,31408407
1101,2019-11-19,41.5,42.15,41.5,42.1,22113741
1101,2019-11-18,41.9,42.15,41.9,42.1,21159000
1101,2019-11-15,41.4,41.7,41.3,41.7,23247179
1101,2019-11-14,41.15,41.2,40.85,41.15,14086839
1101,2019-11-13,40.9,41.35,40.85,41,21129150
1101,2019-11-12,40.5,40.65,40.4,40.65,7037616
1101,2019-11-11,40.9,40.95,40.35,40.35,12826988
1101,2019-11-08,41,41.05,40.85,40.9,11377794
1101,2019-11-07,40.8,40.95,40.6,40.95,12007844
1101,2019-11-06,40.9,40.95,40.75,40.8,9892260
1101,2019-11-05,41,41.05,40.55,40.9,16540120
1101,2019-11-04,40.7,41.15,40.65,40.95,18815577
1101,2019-11-01,40.45,40.6,40.3,40.55,9416327
1101,2019-10-31,40.5,40.65,40.35,40.45,14050758
1101,2019-10-30,40.65,40.65,40.2,40.35,20075650
1101,2019-10-29,40.9,40.9,40.35,40.65,18269003
1101,2019-10-28,41.05,41.15,40.6,40.75,11235915
1101,2019-10-25,41.2,41.25,40.6,40.85,21160672
1101,2019-10-24,41.05,41.25,40.75,41,14762042
1101,2019-10-23,41.4,41.4,40.8,40.95,18481663
1101,2019-10-22,41.7,41.7,41.1,41.4,17732106
1101,2019-10-21,41.25,41.75,41.25,41.5,23863475
1101,2019-10-18,40.2,41.1,40.1,40.95,48548299
1101,2019-10-17,40.05,40.1,39.95,40.1,12869437
1101,2019-10-16,40.1,40.1,39.8,40,14023861
1101,2019-10-15,40,40.05,39.75,40,9498872
1101,2019-10-14,40.1,40.15,39.6,39.95,19955639
1101,2019-10-09,39.75,39.8,39.5,39.5,10114757
1101,2019-10-08,39.75,39.75,39.45,39.75,14023971
1101,2019-10-07,39.05,39.35,39,39.3,6996308
1101,2019-10-04,39.1,39.1,38.75,38.9,10045259
1101,2019-10-03,38.95,39.1,38.65,39,12824802
1101,2019-10-02,39.65,39.75,39.2,39.25,15424274
1101,2019-10-01,39.9,39.95,39.5,39.65,15615126
1101,2019-09-27,40,40,39.6,39.65,12600833
1101,2019-09-26,39.85,40,39.65,39.9,10091704
1101,2019-09-25,39.85,39.9,39.6,39.6,15820226
1101,2019-09-24,39.9,39.95,39.6,39.8,18541765
1101,2019-09-23,40.2,40.2,39.75,39.75,14124846
1101,2019-09-20,39.8,40.2,39.65,40.2,15097107
1101,2019-09-19,40,40,39.7,39.8,6222051
1101,2019-09-18,39.6,40.1,39.6,39.8,14280620
1101,2019-09-17,40.1,40.1,39.35,39.5,19084656
1101,2019-09-16,40.05,40.25,39.9,40.1,17271304
1101,2019-09-12,40.15,40.2,40,40.05,14268314
1101,2019-09-11,40.15,40.15,39.75,40,12764481
1101,2019-09-10,40.15,40.25,39.85,39.95,12337067
1101,2019-09-09,40,40.2,39.8,40,16943215
1101,2019-09-06,39.05,40.1,39.05,39.85,26871485
1101,2019-09-05,38.5,39,38.5,39,15438292
1101,2019-09-04,38.25,38.5,38.25,38.45,9142411
1101,2019-09-03,38.25,38.45,38.25,38.35,12035375
1101,2019-09-02,38.45,38.45,38.05,38.25,17882221
1101,2019-08-30,38,38.45,37.85,38.45,20183196
1101,2019-08-29,37.9,37.9,37.5,37.8,9799389
1101,2019-08-28,37.65,37.7,37.5,37.7,8045693
1101,2019-08-27,37.9,37.9,37.5,37.65,13973985
1101,2019-08-26,37.85,37.85,37.15,37.7,17162342
1101,2019-08-23,37.8,38.2,37.75,38.2,7814273
1101,2019-08-22,38.1,38.15,37.8,37.85,10511944
1101,2019-08-21,38.15,38.2,37.9,37.95,11224764
1101,2019-08-20,38.3,38.3,38.1,38.15,8093335
1101,2019-08-19,38.15,38.4,38,38.1,12566435
1101,2019-08-16,38.1,38.1,37.8,37.95,11940427
1101,2019-08-15,37.95,38.2,37.65,38,15233101
1101,2019-08-14,37.9,38.4,37.55,38.3,25945962
1101,2019-08-13,37.85,37.85,37.05,37.25,47642885
1101,2019-08-12,43.9,44.15,43.9,43.95,41575871
1101,2019-08-08,44.2,44.2,43.8,43.9,23908237
1101,2019-08-07,43.4,43.75,43.3,43.35,16771372
1101,2019-08-06,43,43.5,43,43.3,21429137
1101,2019-08-05,43.5,43.85,43.4,43.55,19388431
1101,2019-08-02,43.85,44,43.5,43.55,29235522
1101,2019-08-01,44.5,44.55,44,44.05,33643219
1101,2019-07-31,44.8,44.9,44.65,44.7,13853882
1101,2019-07-30,44.95,44.95,44.6,44.8,9051203
1101,2019-07-29,44.85,45.1,44.75,44.85,13587745
1101,2019-07-26,44.2,44.65,44.15,44.65,10693732
1101,2019-07-25,44.8,44.8,44.3,44.3,18027435
1101,2019-07-24,45.05,45.1,44.8,44.8,18355808
1101,2019-07-23,45,45.1,44.75,45.05,12969865
1101,2019-07-22,45,45.15,44.8,44.9,17981587
1101,2019-07-19,44.7,44.9,44.55,44.8,18104510
1101,2019-07-18,44.6,44.75,44.5,44.6,10693913
1101,2019-07-17,44.8,44.95,44.45,44.7,20286766
1101,2019-07-16,44.05,44.85,44,44.75,29790731
1101,2019-07-15,44.35,44.35,43.85,44.05,29743599
1101,2019-07-12,44.7,45,44.2,44.35,27811314
1101,2019-07-11,45.85,45.85,44.7,44.8,39584628
1101,2019-07-10,46.05,46.2,45.8,45.85,17734832
1101,2019-07-09,46.2,46.25,46,46,9046656
1101,2019-07-08,46.15,46.35,46,46.2,13478986
1101,2019-07-05,46,46.5,45.85,46.15,17864680
1101,2019-07-04,46.2,46.25,45.7,45.9,17096640
1101,2019-07-03,46.2,46.45,46.05,46.25,16146167
1101,2019-07-02,46,46.6,45.9,46.35,17270479
1101,2019-07-01,46.05,46.5,45.8,46.15,18711269
1101,2019-06-28,46,46.05,45.6,46.05,17078549
1101,2019-06-27,45.55,46.1,45.55,45.95,17469246
1101,2019-06-26,45.65,45.65,45.5,45.55,8224286
1101,2019-06-25,45.6,45.6,45.3,45.6,11651818
1101,2019-06-24,45.15,45.6,45.05,45.6,16874830
1101,2019-06-21,45.45,45.45,45.1,45.15,19692353
1101,2019-06-20,45.35,45.45,45.05,45.4,15327679
1101,2019-06-19,45.5,45.5,44.8,45.3,23271380
1101,2019-06-18,45,45.3,44.9,45.2,24566221
1101,2019-06-17,44.1,44.95,44.1,44.7,23824122
1101,2019-06-14,43.9,44,43.8,43.95,10784006
1101,2019-06-13,43.95,43.95,43.6,43.85,12498995
1101,2019-06-12,43.95,44,43.45,43.75,16608036
1101,2019-06-11,43.75,44,43.5,44,18430940
1101,2019-06-10,43.5,43.95,43.3,43.85,23947432
1101,2019-06-06,43,43.15,42.85,43.15,14976358
1101,2019-06-05,43.25,43.4,42.9,43,15507374
1101,2019-06-04,43.45,44,43.1,43.1,23367613
1101,2019-06-03,42.65,43.4,42.6,43.4,18443241
1101,2019-05-31,42.6,42.9,42.5,42.9,16750450
1101,2019-05-30,42.45,42.8,42.4,42.8,16665186
1101,2019-05-29,42.4,42.5,42.05,42.5,11926361
1101,2019-05-28,42.7,42.7,42.3,42.3,22057803
1101,2019-05-27,42.55,42.9,42.35,42.4,11028081
1101,2019-05-24,42.35,42.65,42.25,42.35,10885298
1101,2019-05-23,42.8,42.8,42.3,42.35,13668997
1101,2019-05-22,42.9,42.95,42.45,42.7,10571129
1101,2019-05-21,42.5,42.85,42.35,42.85,17994481
1101,2019-05-20,42.5,42.6,42.2,42.35,16141134
1101,2019-05-17,42,42.5,42,42.25,13021732
1101,2019-05-16,41.7,42.4,41.6,42,21245243
1101,2019-05-15,41.55,41.95,41.55,41.75,15495692
1101,2019-05-14,41.55,41.8,41.2,41.55,25740557
1101,2019-05-13,42.7,42.85,42,42,20079887
1101,2019-05-10,42.6,43.05,42.4,42.5,18700097
1101,2019-05-09,43,43,42.5,42.5,20544980
1101,2019-05-08,42.45,43.15,42.35,43,25209560
1101,2019-05-07,42.35,43,42.35,42.9,22135305
1101,2019-05-06,42.4,42.75,42.2,42.3,26872053
1101,2019-05-03,42.25,42.9,42.25,42.85,26493555
1101,2019-05-02,42.2,42.35,42.1,42.2,14614046
1101,2019-04-30,42.1,42.25,41.95,42,9767628
1101,2019-04-29,41.9,42.1,41.8,42.1,16073778
1101,2019-04-26,41.85,41.85,41.55,41.75,11300709
1101,2019-04-25,41.5,41.8,41.3,41.8,13459252
1101,2019-04-24,41.75,41.75,41.35,41.55,16390191
1101,2019-04-23,40.85,41.65,40.55,41.6,23165336
1101,2019-04-22,41.6,41.65,41,41,30751985
1101,2019-04-19,41.6,41.8,41.4,41.7,18966042
1101,2019-04-18,42,42.1,41.3,41.6,29541234
1101,2019-04-17,42.4,42.45,41.9,41.95,24015044
1101,2019-04-16,42.5,42.55,42.15,42.3,16141073
1101,2019-04-15,42.2,42.5,42.1,42.5,18197589
1101,2019-04-12,42.2,42.3,41.95,42,19875284
1101,2019-04-11,42.25,42.4,41.95,42.05,20905034
1101,2019-04-10,42.15,42.2,41.75,42,22819386
1101,2019-04-09,42.45,42.55,41.95,42.15,28568686
1101,2019-04-08,41.95,42.35,41.95,42.3,28403967
1101,2019-04-03,41.55,41.75,41.5,41.7,19088018
1101,2019-04-02,41.65,41.7,41.3,41.4,23467533
1101,2019-04-01,41.55,41.8,41.25,41.35,28261025
1101,2019-03-29,41.4,41.4,41.1,41.25,24017404
1101,2019-03-28,40.75,41.7,40.75,41,34149477
1101,2019-03-27,40.6,40.9,40.45,40.55,25862532
1101,2019-03-26,40.55,40.7,40.2,40.45,29230311
1101,2019-03-25,40,40.8,39.85,40.5,75535139
1101,2019-03-22,38.95,39.25,38.5,38.7,14471404
1101,2019-03-21,38.05,38.9,38.05,38.85,20677619
1101,2019-03-20,38.1,38.25,38,38.05,13655599
1101,2019-03-19,37.9,38.3,37.85,38.1,15489346
1101,2019-03-18,38.75,38.85,37.6,37.8,42438195
1101,2019-03-15,38.7,38.8,38.55,38.65,16827855
1101,2019-03-14,38.5,38.6,38.45,38.6,11871203
1101,2019-03-13,38.45,38.6,38.35,38.5,12506692
1101,2019-03-12,37.9,38.65,37.85,38.4,14169399
1101,2019-03-11,38,38.15,37.85,37.85,10369097
1101,2019-03-08,38,38.1,37.75,38,8457271
1101,2019-03-07,38.1,38.45,38,38,12281543
1101,2019-03-06,38,38.3,37.95,38.25,7744295
1101,2019-03-05,38.1,38.3,37.95,38,8653767
1101,2019-03-04,38.4,38.45,38,38.2,13222125
1101,2019-02-27,38.2,38.45,38.15,38.4,14384705
1101,2019-02-26,38.25,38.5,38.2,38.2,17253431
1101,2019-02-25,39,39,38.3,38.45,16346695
1101,2019-02-22,39.15,39.15,38.65,38.7,14006912
1101,2019-02-21,38.15,39.45,38.05,39.3,38051399
1101,2019-02-20,37.8,38.2,37.65,37.85,16550069
1101,2019-02-19,36.95,37.6,36.95,37.55,16886102
1101,2019-02-18,37.4,37.55,36.85,36.9,13718603
1101,2019-02-15,37.7,37.7,36.95,37.45,13640757
1101,2019-02-14,37.55,38.2,37.4,37.5,14649338
1101,2019-02-13,37.7,37.95,37.55,37.65,13717841
1101,2019-02-12,37.7,37.85,37.35,37.7,8462833
1101,2019-02-11,37.9,37.9,37.35,37.65,15234985
1101,2019-01-30,37.2,37.5,36.95,37.35,12214164
1101,2019-01-29,37,37.1,36.7,37.1,10057975
1101,2019-01-28,36.75,37,36.7,37,13642330
1101,2019-01-25,36.4,36.75,36.3,36.6,11808482
1101,2019-01-24,36.45,36.55,36.15,36.4,7992255
1101,2019-01-23,36.2,36.45,36.05,36.45,6845545
1101,2019-01-22,36.25,36.3,36.05,36.25,6060492
1101,2019-01-21,36.2,36.3,35.85,36.25,9974837
1101,2019-01-18,35.8,36,35.55,36,10088263
1101,2019-01-17,35.6,35.8,35.4,35.45,11657174
1101,2019-01-16,35.7,35.8,35.55,35.6,12432470
1101,2019-01-15,35.8,36,35.6,35.7,13837986
1101,2019-01-14,36.4,36.45,35.35,35.6,18788577
1101,2019-01-11,36.7,36.7,36.2,36.4,11923354
1101,2019-01-10,36.55,36.95,36.4,36.55,11530577
1101,2019-01-09,35.95,36.35,35.9,36.35,20974178
1101,2019-01-08,35.9,35.95,35.55,35.55,10987241
1101,2019-01-07,35.85,36.2,35.8,36,14906206
1101,2019-01-04,35,35.65,34.9,35.45,10692409
1101,2019-01-03,35.5,35.6,35.1,35.15,9160859
1101,2019-01-02,35.75,35.95,35.5,35.5,6566997
1101,2020-12-31,43.3,43.75,43.2,43.2,12485636
1101,2020-12-30,42.9,43.3,42.8,43.25,10647529
1101,2020-12-29,43.1,43.2,42.8,43,9405324
1101,2020-12-28,42.9,43.1,42.8,43,10451569
1101,2020-12-25,42.8,43,42.7,42.8,9499247
1101,2020-12-24,43,43,42.7,42.7,9088234
1101,2020-12-23,42.8,42.8,42.65,42.8,11649814
1101,2020-12-22,43.2,43.4,42.8,42.95,15060803
1101,2020-12-21,43,43.5,42.95,43.5,16111561
1101,2020-12-18,42.7,43,42.7,42.95,12765924
1101,2020-12-17,43,43.05,42.65,42.65,14222704
1101,2020-12-16,42.65,43.25,42.65,43.05,14247751
1101,2020-12-15,42.7,42.8,42.5,42.5,13683659
1101,2020-12-14,42.9,42.9,42.7,42.8,9351047
1101,2020-12-11,43.25,43.45,42.85,42.9,15582483
1101,2020-12-10,43.25,43.45,43.15,43.25,12939312
1101,2020-12-09,43.55,43.65,43.35,43.35,12638569
1101,2020-12-08,43.3,43.7,43.2,43.6,15203236
1101,2020-12-07,43.7,43.8,43.35,43.55,11558504
1101,2020-12-04,43.9,43.95,43.5,43.65,18307310
1101,2020-12-03,43.65,44.05,43.5,43.5,30508963
1101,2020-12-02,43.15,43.2,43,43.2,14541457
1101,2020-12-01,42.8,43.15,42.7,43.15,10053337
1101,2020-11-30,43.35,43.6,42.9,42.9,35794092
1101,2020-11-27,43,43.35,42.85,43.3,19082436
1101,2020-11-26,42.7,43.05,42.65,42.95,11145193
1101,2020-11-25,42.9,43.05,42.6,42.6,12104948
1101,2020-11-24,43.05,43.15,42.75,42.75,11772043
1101,2020-11-23,42.9,43.05,42.7,43,15854621
1101,2020-11-20,42.75,42.8,42.5,42.7,15549529
1101,2020-11-19,42.65,43,42.65,42.9,14887444
1101,2020-11-18,42.95,43,42.65,42.7,21092697
1101,2020-11-17,42.6,42.75,42.35,42.75,15887725
1101,2020-11-16,42.45,42.6,42.2,42.35,13961547
1101,2020-11-13,42.35,42.4,42.2,42.25,10711319
1101,2020-11-12,42.85,42.9,42.25,42.4,22898663
1101,2020-11-11,41.9,42.95,41.8,42.65,40232987
1101,2020-11-10,41.15,41.55,41.05,41.55,21551829
1101,2020-11-09,41.25,41.3,41,41.15,11700972
1101,2020-11-06,41.05,41.1,40.75,40.85,10399941
1101,2020-11-05,41,41.15,40.85,41.05,11420325
1101,2020-11-04,40.85,41,40.75,40.9,8282879
1101,2020-11-03,40.7,40.95,40.6,40.95,7063658
1101,2020-11-02,40.45,40.6,40.45,40.6,4547735
1101,2020-10-30,40.35,40.6,40.3,40.55,8723616
1101,2020-10-29,40.35,40.55,40.2,40.35,9421094
1101,2020-10-28,40.5,40.7,40.5,40.55,8197644
1101,2020-10-27,40.4,40.6,40.35,40.5,11560290
1101,2020-10-26,40.6,40.85,40.5,40.5,9110492
1101,2020-10-23,41.05,41.1,40.55,40.65,7145218
1101,2020-10-22,40.3,41,40.3,41,7830669
1101,2020-10-21,40.5,40.6,40.3,40.3,10476431
1101,2020-10-20,40.5,40.6,40.2,40.35,10707136
1101,2020-10-19,40.6,40.75,40.45,40.45,7310107
1101,2020-10-16,40.25,40.5,40.25,40.3,8051994
1101,2020-10-15,40.45,40.45,40.15,40.3,13255777
1101,2020-10-14,40.75,40.95,40.5,40.5,11459740
1101,2020-10-13,40.75,40.9,40.35,40.5,10830846
1101,2020-10-12,41.15,41.3,40.7,40.95,12889390
1101,2020-10-08,41.3,41.35,40.95,41.15,11267841
1101,2020-10-07,41.45,41.5,41,41.15,13510779
1101,2020-10-06,41.3,41.45,41.15,41.4,7880703
1101,2020-10-05,41.5,41.65,41,41,8847997
1101,2020-09-30,41.6,41.8,41.25,41.4,13689470
1101,2020-09-29,41.2,41.6,41,41.2,17122449
1101,2020-09-28,40.75,40.95,40.65,40.95,10460452
1101,2020-09-25,40.5,40.75,40.2,40.55,16090704
1101,2020-09-24,40.4,40.5,40,40.05,33370868
1101,2020-09-23,41.8,41.8,40.9,41,34750872
1101,2020-09-22,42.15,42.15,41.6,41.8,19688474
1101,2020-09-21,42.35,42.5,42.2,42.25,9245935
1101,2020-09-18,42.55,42.65,42.35,42.5,13180812
1101,2020-09-17,42.85,43,42.45,42.55,11453103
1101,2020-09-16,42.65,42.9,42.6,42.85,14843767
1101,2020-09-15,42.95,42.95,42.5,42.7,11504426
1101,2020-09-14,42.35,42.95,42.3,42.95,14634572
1101,2020-09-11,42.45,42.45,42.2,42.3,12274765
1101,2020-09-10,42.6,42.7,42.1,42.45,14342664
1101,2020-09-09,42.15,42.6,42,42.55,16304790
1101,2020-09-08,43,43.1,42.65,42.7,13631272
1101,2020-09-07,42.05,42.7,42,42.7,16138880
1101,2020-09-04,42.3,42.3,42.05,42.2,24289159
1101,2020-09-03,42.65,43,42.4,42.7,23814755
1101,2020-09-02,43,43.2,42.25,42.65,21361405
1101,2020-09-01,43.2,43.2,42.55,42.75,16607779
1101,2020-08-31,43.8,43.9,42.9,42.9,20250493
1101,2020-08-28,43.85,44,43.1,43.5,16716836
1101,2020-08-27,44.1,44.1,43.7,43.85,8813476
1101,2020-08-26,44.1,44.15,43.85,44.1,15157918
1101,2020-08-25,44.4,44.4,44,44.1,14652550
1101,2020-08-24,44.25,44.3,43.7,44.05,15179952
1101,2020-08-21,44.2,44.5,43.75,44.25,23932276
1101,2020-08-20,44.45,45,43,43.5,33185513
1101,2020-08-19,44,44.7,43.95,44.35,30791311
1101,2020-08-18,43.45,44.3,43.45,44,31547965
1101,2020-08-17,43.25,43.85,43.2,43.35,18671833
1101,2020-08-14,41.3,43,41.25,42.85,36239984
1101,2020-08-13,41.3,41.6,41,41.2,31054952
1101,2020-08-12,41.4,41.45,40.85,41,88740748
1101,2020-08-11,46.55,46.75,46.5,46.5,32519966
1101,2020-08-10,46.9,47,46.5,46.6,27092060
1101,2020-08-07,47.5,47.55,46.95,47.1,30533956
1101,2020-08-06,46.95,47.15,46.5,47.15,34077859
1101,2020-08-05,45.6,46.65,45.6,46.45,41542772
1101,2020-08-04,44.95,45.65,44.95,45.4,22411736
1101,2020-08-03,45,45,44.7,44.95,13546103
1101,2020-07-31,45.35,45.5,45,45,11621829
1101,2020-07-30,45.2,45.4,44.95,45.35,10024771
1101,2020-07-29,44.5,45.25,44.35,45.05,17660823
1101,2020-07-28,44.4,44.95,44,44.5,18757943
1101,2020-07-27,44.95,45.25,44.6,44.6,13606623
1101,2020-07-24,45.3,45.45,45,45,11746156
1101,2020-07-23,45.5,45.65,45.2,45.6,14367522
1101,2020-07-22,45.4,45.75,45.3,45.5,16703486
1101,2020-07-21,45.25,45.8,45.2,45.55,31577801
1101,2020-07-20,44.8,45.25,44.75,45.1,15003737
1101,2020-07-17,44.85,45.1,44.65,44.8,14423247
1101,2020-07-16,45.45,45.45,44.4,44.5,36668838
1101,2020-07-15,45.4,45.75,45.3,45.6,26551742
1101,2020-07-14,45.1,45.4,45.05,45.3,12095615
1101,2020-07-13,45,45.3,44.9,45.2,13284482
1101,2020-07-10,45.3,45.35,44.95,44.95,17481909
1101,2020-07-09,45.4,45.45,45.15,45.3,21763786
1101,2020-07-08,44.4,45.15,44.35,45.15,23461258
1101,2020-07-07,44.4,44.55,44.05,44.5,19194610
1101,2020-07-06,44,44.5,44,44.4,21176594
1101,2020-07-03,43.8,44.05,43.8,43.95,20191659
1101,2020-07-02,43.2,43.7,43,43.6,18208381
1101,2020-07-01,42.75,43.2,42.7,43.1,16849718
1101,2020-06-30,42.9,42.9,42.75,42.75,12448715
1101,2020-06-29,42.6,42.85,42.6,42.65,13244414
1101,2020-06-24,42.9,43,42.7,42.85,14382227
1101,2020-06-23,43,43,42.7,42.7,14116429
1101,2020-06-22,42.85,43.1,42.65,42.9,12590838
1101,2020-06-19,42.8,43.2,42.55,42.55,25125556
1101,2020-06-18,42.85,42.9,42.6,42.7,10558799
1101,2020-06-17,42.8,42.85,42.55,42.85,14696654
1101,2020-06-16,42.75,43.15,42.7,42.85,11897301
1101,2020-06-15,42.75,42.95,42.5,42.5,17874614
1101,2020-06-12,42.5,43,42.45,42.9,21783848
1101,2020-06-11,43.9,44.05,43.3,43.3,16466320
1101,2020-06-10,43.75,44.15,43.5,44,22750386
1101,2020-06-09,43.65,43.9,43.6,43.9,14104400
1101,2020-06-08,43.75,43.95,43.5,43.95,15341602
1101,2020-06-05,43.5,43.65,43.35,43.65,8873983
1101,2020-06-04,44,44,43.3,43.4,13868624
1101,2020-06-03,43.5,43.9,43.4,43.65,18791075
1101,2020-06-02,43.15,43.3,43.05,43.3,12568609
1101,2020-06-01,42.95,43.15,42.75,43.1,13078634
1101,2020-05-29,42.35,42.8,42.25,42.55,37201707
1101,2020-05-28,42.85,42.9,42.35,42.35,16239519
1101,2020-05-27,42.7,43.1,42.7,42.85,11688598
1101,2020-05-26,42.95,43.2,42.8,43,14316519
1101,2020-05-25,42.65,42.7,42.2,42.65,11390429
1101,2020-05-22,43,43.1,42.6,42.65,12617893
1101,2020-05-21,43,43.15,42.8,43,12472312
1101,2020-05-20,43.2,43.2,42.9,42.9,11157906
1101,2020-05-19,42.9,43.2,42.7,43,21443073
1101,2020-05-18,42,42.7,42,42.35,10674074
1101,2020-05-15,42.65,42.75,42.25,42.3,9148609
1101,2020-05-14,42.55,42.8,42.2,42.6,15587566
1101,2020-05-13,42.7,42.9,42.3,42.9,16361936
1101,2020-05-12,42.75,43.1,42.75,42.95,10886203
1101,2020-05-11,43.2,43.45,43.15,43.15,12671272
1101,2020-05-08,43.1,43.1,42.75,43,11586777
1101,2020-05-07,42.8,43.1,42.5,42.7,9145536
1101,2020-05-06,42.55,42.95,42.3,42.6,10809816
1101,2020-05-05,42.3,43.05,42.3,42.85,14616480
1101,2020-05-04,41.6,42.65,41.6,42.2,18229830
1101,2020-04-30,42.55,43.35,42.55,43.2,18924976
1101,2020-04-29,42.3,42.55,42.25,42.55,13649106
1101,2020-04-28,42.3,42.3,41.85,42.25,9714821
1101,2020-04-27,42.25,42.4,42,42,14249222
1101,2020-04-24,42.15,42.2,41.7,42,9369114
1101,2020-04-23,41.6,42.4,41.6,42.15,16668832
1101,2020-04-22,41.4,41.7,41.25,41.6,12760896
1101,2020-04-21,42.35,42.45,41.6,41.8,17436480
1101,2020-04-20,42.2,42.5,42.1,42.35,10237650
1101,2020-04-17,42.2,42.4,41.95,42,13674541
1101,2020-04-16,41.45,42.1,41.35,41.85,13136721
1101,2020-04-15,41.9,42.05,41.8,41.8,19431503
1101,2020-04-14,40.8,41.8,40.8,41.65,15494328
1101,2020-04-13,40.8,41.1,40.7,40.8,5565821
1101,2020-04-10,40.6,41,40.6,41,7289095
1101,2020-04-09,41,41.1,40.5,40.55,14118997
1101,2020-04-08,40,41.2,40,41,19695492
1101,2020-04-07,39.6,40.1,39.5,39.95,17317268
1101,2020-04-06,39.5,39.55,38.5,39.05,12469065
1101,2020-04-01,39.5,39.55,39,39,12970346
1101,2020-03-31,39.25,39.5,39,39.5,17002298
1101,2020-03-30,38.25,39.2,38,39.15,11479147
1101,2020-03-27,39.3,39.45,38.8,38.95,14154796
1101,2020-03-26,39.5,39.5,38.55,38.6,17364088
1101,2020-03-25,39.05,39.5,38.7,38.8,17956597
1101,2020-03-24,38.3,38.7,37.8,38.25,23929371
1101,2020-03-23,35.8,36.95,34.5,36.1,30694697
1101,2020-03-20,34.15,36.95,34.15,36.95,32820319
1101,2020-03-19,34.9,34.9,33.35,33.6,36658794
1101,2020-03-18,37.3,37.5,36,36,36467777
1101,2020-03-17,38,38.2,37.45,37.6,43649794
1101,2020-03-16,40.25,40.25,38.85,38.85,20548943
1101,2020-03-13,39,40.55,38.3,40.25,42284434
1101,2020-03-12,41.7,41.8,40.4,40.75,29637367
1101,2020-03-11,42,42.25,41.7,41.8,15028516
1101,2020-03-10,41.2,41.9,41.2,41.6,18373010
1101,2020-03-09,42.2,42.4,41.7,41.85,21445731
1101,2020-03-06,43.2,43.2,42.5,42.85,13206384
1101,2020-03-05,42.9,43.3,42.85,43.3,10483070
1101,2020-03-04,42.6,42.95,42.6,42.85,9537433
1101,2020-03-03,42.6,42.9,42.5,42.65,14474150
1101,2020-03-02,41.4,42.6,41.4,42.25,19464670
1101,2020-02-27,42.2,42.4,42.05,42.25,15386463
1101,2020-02-26,42.15,42.6,42.1,42.2,20869167
1101,2020-02-25,42.35,43,42.3,42.7,17268484
1101,2020-02-24,43,43.2,42.8,43,12606292
1101,2020-02-21,43.15,43.35,43.05,43.25,10565795
1101,2020-02-20,43.55,43.8,43.15,43.15,10840090
1101,2020-02-19,43.1,43.5,43.1,43.4,12463648
1101,2020-02-18,43,43.2,42.9,43.05,9220879
1101,2020-02-17,42.8,43.1,42.75,43,10347058
1101,2020-02-14,43.2,43.4,43.15,43.2,9297256
1101,2020-02-13,42.8,43.45,42.8,43.15,18326337
1101,2020-02-12,42.6,43,42.6,42.8,14367529
1101,2020-02-11,42.5,42.9,42.5,42.6,15825702
1101,2020-02-10,42,42.6,41.7,42.4,12820414
1101,2020-02-07,42.2,42.7,42.05,42.5,13537254
1101,2020-02-06,42.5,43.1,42.45,43,14063043
1101,2020-02-05,42.5,42.65,41.95,42.35,15228671
1101,2020-02-04,41.6,42.7,41.6,42.4,20790788
1101,2020-02-03,40.5,41.65,40.1,41.55,23001298
1101,2020-01-31,41.75,42.5,41.75,42.05,26430159
1101,2020-01-30,42.7,43.05,41.6,41.85,64150715
1101,2020-01-20,44.95,45,44.85,44.95,8870270
1101,2020-01-17,44.9,44.9,44.65,44.9,9522761
1101,2020-01-16,44.5,44.95,44.45,44.75,14814952
1101,2020-01-15,44.55,44.7,44.3,44.55,23662867
1101,2020-01-14,44.25,44.55,44.25,44.55,20357664
1101,2020-01-13,43.75,44.25,43.65,44.25,23870603
1101,2020-01-10,43.45,43.5,43.35,43.5,12755874
1101,2020-01-09,43.4,43.6,43.3,43.45,17899047
1101,2020-01-08,43.15,43.55,43.15,43.4,13465670
1101,2020-01-07,43.45,43.6,43.2,43.6,14185347
1101,2020-01-06,43.5,43.7,43.3,43.45,13867625
1101,2020-01-03,44.15,44.25,43.45,43.95,18387114
1101,2020-01-02,43.8,44.15,43.8,44.1,18470566
1101,2021-12-30,48.15,48.2,48,48,4666441
1101,2021-12-29,48.15,48.25,48.05,48.15,5367069
1101,2021-12-28,48.1,48.15,47.95,48.15,7836003
1101,2021-12-27,47.9,48.1,47.9,48.1,5770084
1101,2021-12-24,47.75,47.95,47.75,47.9,6033732
1101,2021-12-23,47.3,47.7,47.3,47.7,9419239
1101,2021-12-22,47.4,47.45,47.2,47.4,5494521
1101,2021-12-21,47.4,47.45,47.1,47.25,5728371
1101,2021-12-20,47.45,47.5,47.1,47.4,11365267
1101,2021-12-17,46.95,47.6,46.9,47.45,18553098
1101,2021-12-16,47,47.15,46.8,46.9,7611887
1101,2021-12-15,47,47.3,46.8,46.95,11243335
1101,2021-12-14,47.05,47.2,46.95,47,9420236
1101,2021-12-13,47.3,47.75,47.1,47.1,7855773
1101,2021-12-10,47.4,47.6,47.1,47.3,10460549
1101,2021-12-09,47.8,47.85,47.1,47.4,9434230
1101,2021-12-08,47.75,47.8,47.5,47.7,10431602
1101,2021-12-07,47.35,47.55,46.9,47.55,13187602
1101,2021-12-06,46.45,47.35,46.4,47.3,15191357
1101,2021-12-03,46.55,46.85,46.4,46.4,14903429
1101,2021-12-02,46.6,46.7,46.3,46.3,14687097
1101,2021-12-01,46,46.85,46,46.6,20451661
1101,2021-11-30,46.5,47.3,46,46,34666716
1101,2021-11-29,46.05,46.65,45.95,46.5,18676312
1101,2021-11-26,47,47.05,46.5,46.5,25061818
1101,2021-11-25,47.4,47.45,47.05,47.15,14915771
1101,2021-11-24,47.7,47.75,47.3,47.45,20035748
1101,2021-11-23,47.9,47.95,47.75,47.8,10553225
1101,2021-11-22,48,48.2,47.85,47.9,12526780
1101,2021-11-19,48.3,48.4,48,48.3,14300766
1101,2021-11-18,48.45,48.5,48.25,48.3,10922048
1101,2021-11-17,48.55,48.6,48.25,48.55,13074161
1101,2021-11-16,48.55,48.85,48.35,48.65,14046351
1101,2021-11-15,48.7,48.75,48.3,48.6,14171684
1101,2021-11-12,48.7,48.8,48.3,48.7,12224639
1101,2021-11-11,48.75,48.95,48.55,48.8,10677681
1101,2021-11-10,48.75,48.75,48.4,48.7,8952723
1101,2021-11-09,49,49.05,48.4,48.8,8393162
1101,2021-11-08,48.3,48.95,48.25,48.95,11878265
1101,2021-11-05,48.05,48.15,47.85,48.15,14223233
1101,2021-11-04,48.2,48.35,48.05,48.1,7182214
1101,2021-11-03,48.15,48.25,48.05,48.15,6499438
1101,2021-11-02,48.4,48.75,48.1,48.15,9990897
1101,2021-11-01,48.25,48.25,48.1,48.25,8569471
1101,2021-10-29,48.5,48.5,48.2,48.25,12607947
1101,2021-10-28,48.35,48.7,48.25,48.5,6661181
1101,2021-10-27,48.45,48.6,48.2,48.35,9423661
1101,2021-10-26,48.55,48.9,48.45,48.45,15552943
1101,2021-10-25,48.6,48.65,48.05,48.25,14737007
1101,2021-10-22,48.75,49,48.6,48.8,9553573
1101,2021-10-21,48.35,48.75,48.35,48.75,22823175
1101,2021-10-20,48.85,48.85,48,48.35,29004686
1101,2021-10-19,49.85,50.1,48.9,49.1,25536117
1101,2021-10-18,50.1,50.2,49.8,49.8,8919494
1101,2021-10-15,50,50.2,49.8,50.1,9784114
1101,2021-10-14,50.6,50.6,49.9,49.9,9909125
1101,2021-10-13,50.4,51,50,50.5,13651152
1101,2021-10-12,50,50.3,49.6,50.2,13341391
1101,2021-10-08,50.4,50.5,50.2,50.4,5277237
1101,2021-10-07,50,50.5,49.85,50.4,9943548
1101,2021-10-06,50.3,50.4,49.8,49.9,11537990
1101,2021-10-05,50,50.3,49.7,50.3,10187890
1101,2021-10-04,50.3,50.6,49.9,50,13735397
1101,2021-10-01,50.8,51,49.9,50.2,20518416
1101,2021-09-30,50.4,51.3,50.3,51,15663100
1101,2021-09-29,50.4,51,50.3,50.6,13130388
1101,2021-09-28,50.6,51.4,50.2,51,14358658
1101,2021-09-27,51.2,51.3,50.6,51.1,13986133
1101,2021-09-24,51.4,51.7,51.2,51.3,13566958
1101,2021-09-23,51.1,51.6,50.8,51.2,14047092
1101,2021-09-22,49.8,50.7,49.5,50.7,21834512
1101,2021-09-17,51.7,51.7,50.7,50.7,19210504
1101,2021-09-16,51.2,51.7,50.8,51.7,23613199
1101,2021-09-15,51.4,51.8,50.9,51.2,22851564
1101,2021-09-14,51.1,52,50.7,51.4,52514826
1101,2021-09-13,49,50.2,49,50.1,26844114
1101,2021-09-10,48.2,49,48.05,49,15964832
1101,2021-09-09,48,48.2,47.8,48.2,10767981
1101,2021-09-08,48.7,48.95,48.2,48.55,12388795
1101,2021-09-07,48.8,49,48.55,48.75,9922236
1101,2021-09-06,48.5,49.1,48.15,48.8,13088873
1101,2021-09-03,47.9,48.55,47.85,48.5,12079469
1101,2021-09-02,48.4,48.4,47.7,47.9,7950602
1101,2021-09-01,48.35,48.4,47.85,48.4,14853294
1101,2021-08-31,47.6,48.45,47.25,48.45,18403515
1101,2021-08-30,47.45,47.6,47.15,47.6,9216966
1101,2021-08-27,46.95,47.5,46.75,47.45,9381764
1101,2021-08-26,47.2,47.3,46.6,46.95,13184942
1101,2021-08-25,46.8,47.25,46.55,47.2,8703206
1101,2021-08-24,47,47.1,46.45,46.75,11011728
1101,2021-08-23,46.7,47.25,46.55,46.8,10490198
1101,2021-08-20,45.9,46.75,45.7,46.15,19229307
1101,2021-08-19,47.25,47.25,46,46.2,26172172
1101,2021-08-18,46.9,47.3,46.4,47.25,25211046
1101,2021-08-17,47.95,47.95,47.2,47.3,25544445
1101,2021-08-16,48.4,48.45,47.7,47.95,26728439
1101,2021-08-13,48.05,48.6,47.95,48.4,23823791
1101,2021-08-12,45.85,47.75,45.65,47.6,87897408
1101,2021-08-11,51.6,51.7,50.8,51.1,59669569
1101,2021-08-10,52.2,52.4,51.7,51.9,34313716
1101,2021-08-09,52.6,52.6,51.7,52.4,33630358
1101,2021-08-06,53.2,53.2,52.4,52.9,32500825
1101,2021-08-05,53.8,53.8,52.6,52.7,38673195
1101,2021-08-04,54.2,54.5,53.6,53.8,23552465
1101,2021-08-03,53.1,53.9,53,53.9,45545154
1101,2021-08-02,52.7,52.8,52.5,52.8,14023385
1101,2021-07-30,52.9,52.9,52.5,52.6,12473682
1101,2021-07-29,52.5,52.9,52.1,52.9,18957983
1101,2021-07-28,52.8,53,52,52.4,36454371
1101,2021-07-27,53.3,53.3,52.6,53,18654939
1101,2021-07-26,53.4,53.8,53,53.2,24737557
1101,2021-07-23,52.3,53.1,52.2,53,34420099
1101,2021-07-22,52.3,52.3,51.9,52.1,16553240
1101,2021-07-21,52,52.4,51.7,51.8,24843451
1101,2021-07-20,51.6,51.8,51.4,51.7,10145510
1101,2021-07-19,51.4,52,51.3,52,11286149
1101,2021-07-16,51.5,51.6,51.3,51.5,12188101
1101,2021-07-15,51.5,51.8,51.3,51.6,11938157
1101,2021-07-14,51.9,52,51.3,51.5,20343534
1101,2021-07-13,52.5,52.5,51.7,51.9,23392966
1101,2021-07-12,52.2,52.4,51.8,52.2,26725789
1101,2021-07-09,52.5,52.8,51.8,52,37913759
1101,2021-07-08,51.5,52.9,51.5,52.8,53623501
1101,2021-07-07,51.1,51.3,51,51.3,24259700
1101,2021-07-06,50.9,51.3,50.7,51.2,24057474
1101,2021-07-05,50.9,51,50.5,50.6,24887100
1101,2021-07-02,50.6,50.9,50.5,50.5,17261412
1101,2021-07-01,50.9,51,50.6,50.6,21255834
1101,2021-06-30,51.1,51.2,50.9,51,13888581
1101,2021-06-29,51.1,51.2,50.9,51.2,11142372
1101,2021-06-28,51,51.2,50.8,51.1,16044822
1101,2021-06-25,51.1,51.3,50.8,51,16027596
1101,2021-06-24,51,51.2,50.8,51.1,13545751
1101,2021-06-23,50.9,51.1,50.5,51,16479092
1101,2021-06-22,50.7,51.2,50.6,50.9,15262032
1101,2021-06-21,50.5,51.2,50.4,50.7,20719944
1101,2021-06-18,51.3,51.4,51,51,24209277
1101,2021-06-17,51.6,51.8,51.4,51.5,15211770
1101,2021-06-16,51.4,52,51.3,51.9,17406495
1101,2021-06-15,51.1,51.4,51,51.3,9340616
1101,2021-06-11,51.5,51.6,51.2,51.4,8545178
1101,2021-06-10,51.3,51.5,50.9,51.5,9323968
1101,2021-06-09,51.1,51.4,50.8,51.3,11685183
1101,2021-06-08,51.8,51.8,51.1,51.4,8763161
1101,2021-06-07,51.9,52,50.8,51.5,12370230
1101,2021-06-04,52.3,52.3,51.7,51.9,12355472
1101,2021-06-03,52,52.4,51.8,52.3,23863470
1101,2021-06-02,51.6,52.1,51.4,52,22482449
1101,2021-06-01,51.6,51.6,51.2,51.5,9774499
1101,2021-05-31,50.6,51.6,50.5,51.6,24168725
1101,2021-05-28,50.4,50.7,50.1,50.6,16662777
1101,2021-05-27,50,50.4,49.85,50.3,41438932
1101,2021-05-26,51.1,51.5,50.6,50.7,18836027
1101,2021-05-25,51.4,51.6,51,51.1,15077611
1101,2021-05-24,50.8,51.5,50.4,51.3,16039843
1101,2021-05-21,53.9,53.9,50.8,51.2,29217416
1101,2021-05-20,51,51.3,50,50.8,31634237
1101,2021-05-19,49.9,50.8,49.5,50.5,29743622
1101,2021-05-18,48.2,50,48.2,50,32663784
1101,2021-05-17,47.8,49.05,47.5,47.9,52837567
1101,2021-05-14,49.6,50.3,49.3,49.6,38504239
1101,2021-05-13,47.45,50,47.25,49.2,54496157
1101,2021-05-12,51.1,51.6,47.5,49.6,97055506
1101,2021-05-11,52.5,53.2,50.9,51.6,55872332
1101,2021-05-10,52.5,53.3,52.2,52.9,31901563
1101,2021-05-07,53.2,53.4,51.7,52.3,43699244
1101,2021-05-06,50.9,53,50.9,53,43460127
1101,2021-05-05,50,51.4,49.6,50.8,51699126
1101,2021-05-04,51.4,52,49,50.2,93561732
1101,2021-05-03,52,52,50.6,51.2,59137235
1101,2021-04-29,53,53.1,52.1,52.1,44585563
1101,2021-04-28,52.7,53.2,52.1,53.2,42357712
1101,2021-04-27,53.2,53.2,52.5,52.7,41576962
1101,2021-04-26,53.4,54.2,52.1,53.1,79418607
1101,2021-04-23,53.7,53.8,51.1,53,105526229
1101,2021-04-22,57.1,58.7,53.5,54.1,204668299
1101,2021-04-21,52.2,56.9,52.1,55.7,139647984
1101,2021-04-20,53.1,54.9,51.1,52,93792314
1101,2021-04-19,49.9,50.5,49.75,50.4,61427913
1101,2021-04-16,47.9,49,47.75,49,54142060
1101,2021-04-15,47.05,48.5,47,47.9,39227693
1101,2021-04-14,47.25,47.3,46.6,47,26957007
1101,2021-04-13,46.9,47.5,46.85,47.2,31772378
1101,2021-04-12,46.7,46.85,46.7,46.85,18150925
1101,2021-04-09,46.9,47.05,46.7,46.7,19693919
1101,2021-04-08,46.7,46.9,46.6,46.9,16095270
1101,2021-04-07,46.8,46.85,46.7,46.8,12964742
1101,2021-04-06,46.85,46.95,46.6,46.85,33845298
1101,2021-04-01,46.85,46.95,46.6,46.7,16542110
1101,2021-03-31,46.6,46.8,46.55,46.8,21882853
1101,2021-03-30,46.5,46.6,46.25,46.55,34184434
1101,2021-03-29,46.45,46.6,46.2,46.5,31037275
1101,2021-03-26,45.6,46.25,45.6,46.15,39771169
1101,2021-03-25,45.55,45.65,45.35,45.55,23439316
1101,2021-03-24,45.7,45.75,45.5,45.55,21118254
1101,2021-03-23,46,46,45.6,45.7,38751832
1101,2021-03-22,46.85,46.9,45.05,45.8,102000789
1101,2021-03-19,43,43,42.6,42.7,23488235
1101,2021-03-18,42.9,43.25,42.9,43.1,14889159
1101,2021-03-17,42.7,42.95,42.65,42.85,12653419
1101,2021-03-16,42.4,42.7,42.35,42.6,10741370
1101,2021-03-15,42.7,42.75,42.3,42.35,24555341
1101,2021-03-12,42.8,42.85,42.55,42.7,18550910
1101,2021-03-11,43.15,43.2,42.85,42.85,22296062
1101,2021-03-10,43.4,43.4,42.9,43,23663072
1101,2021-03-09,42.9,43.4,42.8,43.4,24736825
1101,2021-03-08,42.6,42.9,42.55,42.65,29090035
1101,2021-03-05,42.15,42.5,42.05,42.5,9262307
1101,2021-03-04,42.55,42.55,42.15,42.5,19801467
1101,2021-03-03,42.4,42.6,42.25,42.55,18135047
1101,2021-03-02,42.25,42.5,42.1,42.1,21420625
1101,2021-02-26,42.7,42.7,42,42,32005798
1101,2021-02-25,42.8,42.9,42.6,42.9,15132154
1101,2021-02-24,42.8,42.9,42.4,42.55,19312353
1101,2021-02-23,42,42.6,42,42.45,26550808
1101,2021-02-22,41.7,42.1,41.55,41.8,23412037
1101,2021-02-19,41.35,41.65,41.05,41.6,16913305
1101,2021-02-18,41.25,41.65,41.2,41.35,19542360
1101,2021-02-17,41,41.3,40.8,41.25,24248267
1101,2021-02-05,40.55,40.9,40.55,40.85,13267133
1101,2021-02-04,40.5,40.65,40.4,40.4,17917913
1101,2021-02-03,40.8,40.9,40.5,40.55,24925042
1101,2021-02-02,40.95,41.15,40.65,40.75,19228013
1101,2021-02-01,40.3,40.95,40.3,40.8,11796904
1101,2021-01-29,40.25,40.45,40.15,40.15,20902501
1101,2021-01-28,40.25,40.6,40.2,40.25,22411197
1101,2021-01-27,40.4,40.7,40.35,40.35,17017733
1101,2021-01-26,40.7,40.9,40.2,40.35,35437633
1101,2021-01-25,40.65,41.1,40.6,40.9,20825228
1101,2021-01-22,40.75,40.8,40.5,40.6,28591283
1101,2021-01-21,41,41.15,40.8,40.8,17924123
1101,2021-01-20,41.65,41.7,40.8,40.95,35184150
1101,2021-01-19,41.6,42,41.6,41.75,12118298
1101,2021-01-18,41.95,41.95,41.4,41.6,25218241
1101,2021-01-15,42.5,42.5,41.95,41.95,30713520
1101,2021-01-14,42.8,42.8,42.45,42.55,20065858
1101,2021-01-13,42.7,42.85,42.6,42.7,19069294
1101,2021-01-12,43,43.05,42.7,42.7,12308587
1101,2021-01-11,42.85,43.1,42.75,43.1,12931584
1101,2021-01-08,42.9,43,42.8,42.95,17406803
1101,2021-01-07,42.95,43.15,42.85,42.85,21050886
1101,2021-01-06,43.1,43.3,42.8,42.95,19007699
1101,2021-01-05,43.25,43.4,43,43.1,16631219
1101,2021-01-04,43.2,43.5,43.05,43.2,13744417
1101,2022-12-30,33.9,34,33.65,33.65,8560973
1101,2022-12-29,34.25,34.25,33.7,33.7,13483783
1101,2022-12-28,34.15,34.35,33.95,34.3,14092727
1101,2022-12-27,34.55,34.7,34.3,34.3,11426803
1101,2022-12-26,34.35,34.45,34.1,34.4,12361474
1101,2022-12-23,34.15,34.6,33.8,34.05,23483856
1101,2022-12-22,34.2,34.8,34.05,34.45,71623587
1101,2022-12-21,33.8,34.1,33.55,34.05,67499095
1101,2022-12-20,33.7,34.05,33.55,33.7,67004744
1101,2022-12-19,34.15,34.2,33.6,33.85,78952465
1101,2022-12-16,33.2,34.6,33,34.6,72115315
1101,2022-12-15,33.55,33.7,33.4,33.55,14007771
1101,2022-12-14,34,34,33.5,33.5,19364726
1101,2022-12-13,33.9,34.2,33.6,33.7,20955961
1101,2022-12-12,33.7,33.9,33.55,33.85,12505757
1101,2022-12-09,33.4,33.9,33.25,33.7,20536496
1101,2022-12-08,33.3,33.35,33.15,33.2,14283754
1101,2022-12-07,33.2,33.5,33.05,33.35,22038936
1101,2022-12-06,33.65,33.65,33.3,33.3,21494479
1101,2022-12-05,33.45,33.8,33.25,33.7,31251800
1101,2022-12-02,33.9,33.9,33.6,33.65,23339192
1101,2022-12-01,34.4,34.4,33.8,34.05,38360071
1101,2022-11-30,33.35,33.9,33.2,33.9,45523042
1101,2022-11-29,33.05,33.55,32.85,33.55,22191940
1101,2022-11-28,33.3,33.4,32.8,33,40748644
1101,2022-11-25,33.1,33.55,33.1,33.55,28320443
1101,2022-11-24,33,33.2,32.7,33.2,28488624
1101,2022-11-23,32.85,33.1,32.55,32.7,20364472
1101,2022-11-22,32.75,32.8,32.5,32.65,24386731
1101,2022-11-21,33.3,33.35,32.8,32.85,25643130
1101,2022-11-18,33.7,34.1,33.2,33.3,68505333
1101,2022-11-17,33.55,34.7,33.5,34.25,73658057
1101,2022-11-16,33.5,33.6,32.9,32.9,49033370
1101,2022-11-15,33.95,33.95,33,33.85,48301092
1101,2022-11-14,32.45,34.4,32.25,34.15,62302906
1101,2022-11-11,32.3,32.45,31.9,32.15,22047691
1101,2022-11-10,31.7,32.2,31.55,31.7,15522237
1101,2022-11-09,31.65,32.1,31.55,31.9,21909512
1101,2022-11-08,31.15,31.85,31.1,31.65,22950242
1101,2022-11-07,30.6,31,30.5,31,16651649
1101,2022-11-04,30.2,30.55,30.15,30.45,16410917
1101,2022-11-03,30.25,30.4,30.15,30.3,17812868
1101,2022-11-02,30.65,30.85,30.55,30.75,12326417
1101,2022-11-01,30.25,30.75,30.1,30.65,12710527
1101,2022-10-31,30.75,31,30.25,30.25,18689204
1101,2022-10-28,30.95,31.15,30.35,30.5,16619033
1101,2022-10-27,30.65,31.15,30.65,30.85,19455154
1101,2022-10-26,30,30.5,29.8,30.3,19619752
1101,2022-10-25,30.65,30.65,29.9,29.9,38025797
1101,2022-10-24,31.5,31.6,30.6,30.6,22527644
1101,2022-10-21,31.05,31.35,30.6,31,15342904
1101,2022-10-20,31.2,31.35,30.6,30.9,47838262
1101,2022-10-19,31.45,32.05,31.4,31.6,38895385
1101,2022-10-18,31.85,32,31.2,31.45,36805536
1101,2022-10-17,32.3,32.3,31.4,31.7,43016144
1101,2022-10-14,33,33.05,32.4,32.4,58923074
1101,2022-10-13,33.75,33.85,32.65,32.65,54974157
1101,2022-10-12,33.75,34,33.6,33.75,59046765
1101,2022-10-11,34.1,34.1,33.7,33.8,40192863
1101,2022-10-07,34.15,34.5,34.15,34.25,19390135
1101,2022-10-06,34.35,34.5,34.2,34.3,26081359
1101,2022-10-05,34.25,34.4,34.05,34.15,28718119
1101,2022-10-04,33.9,34.2,33.55,33.85,30060356
1101,2022-10-03,33.65,33.9,33.4,33.65,24684067
1101,2022-09-30,33.8,34.05,33.6,33.8,52376847
1101,2022-09-29,34.5,34.75,33.9,34.15,87657902
1101,2022-09-28,35.8,35.8,34.9,34.9,39820607
1101,2022-09-27,35.7,36.2,35.6,35.8,37458740
1101,2022-09-26,36.6,36.6,35.85,35.85,46963874
1101,2022-09-23,37.1,37.25,37,37,36464378
1101,2022-09-22,37.8,37.8,37.25,37.55,48162654
1101,2022-09-21,38.45,38.55,38,38.1,39102889
1101,2022-09-20,38.7,39.05,38.55,38.55,28918438
1101,2022-09-19,38.9,39.1,38.7,38.8,24531893
1101,2022-09-16,39.35,39.4,38.6,38.6,47473365
1101,2022-09-15,39.55,39.75,39.4,39.55,25419554
1101,2022-09-14,39.45,39.85,39.4,39.65,19704767
1101,2022-09-13,40,40,39.7,39.9,29044591
1101,2022-09-12,39.95,40,39.6,39.8,18390971
1101,2022-09-08,39.8,39.9,39.55,39.85,17723487
1101,2022-09-07,39.85,40,39.5,39.7,25950306
1101,2022-09-06,39.2,39.85,39.2,39.85,32802558
1101,2022-09-05,38.55,39.2,38.5,39.1,27130847
1101,2022-09-02,38.9,39,38.4,38.5,28281347
1101,2022-09-01,39.1,39.15,38.8,38.9,24533738
1101,2022-08-31,39.25,39.4,39.1,39.3,24052882
1101,2022-08-30,39.3,39.5,39.15,39.25,12468246
1101,2022-08-29,39.1,39.5,39,39.35,14566895
1101,2022-08-26,39.7,39.7,39.5,39.65,10985865
1101,2022-08-25,39.45,39.55,39.25,39.55,11760313
1101,2022-08-24,39.35,39.35,39.1,39.25,11181369
1101,2022-08-23,39.5,39.5,39.1,39.35,14727193
1101,2022-08-22,39.25,39.65,39.05,39.65,12895868
1101,2022-08-19,39.8,39.85,39.35,39.45,12838598
1101,2022-08-18,39.9,39.9,39.5,39.8,14155029
1101,2022-08-17,39.4,40,39.2,40,16463976
1101,2022-08-16,39.5,39.55,39.1,39.35,13078181
1101,2022-08-15,39.3,39.45,39,39.3,12173803
1101,2022-08-12,39.15,39.35,39,39.3,12305588
1101,2022-08-11,38.45,39.35,38.45,39.35,21760411
1101,2022-08-10,38.6,38.8,38.35,38.75,13005899
1101,2022-08-09,38.6,38.75,38.2,38.75,14831229
1101,2022-08-08,38.85,38.85,38.3,38.7,12651503
1101,2022-08-05,39.1,39.15,38.8,38.85,11583378
1101,2022-08-04,39.05,39.2,38.55,38.75,18896588
1101,2022-08-03,39.05,39.1,38.75,39.1,15977710
1101,2022-08-02,39.05,39.45,39,39.15,19955061
1101,2022-08-01,39,39.5,38.75,39.5,17110698
1101,2022-07-29,38.5,38.75,38.35,38.75,13697407
1101,2022-07-28,38.05,38.2,37.95,38.2,13759374
1101,2022-07-27,37.8,37.95,37.75,37.85,12495930
1101,2022-07-26,37.85,37.95,37.65,37.8,14628613
1101,2022-07-25,37.7,38,37.5,37.85,14642100
1101,2022-07-22,38.1,38.2,37.6,37.7,33477396
1101,2022-07-21,38,38.4,37.8,38.05,45444390
1101,2022-07-20,42,42.2,41.5,41.6,26525827
1101,2022-07-19,40.7,41.65,40.5,41.65,25644935
1101,2022-07-18,40.5,40.7,40.05,40.7,37901546
1101,2022-07-15,41.65,41.7,40.5,40.5,20372098
1101,2022-07-14,41.65,41.9,41.4,41.7,11354007
1101,2022-07-13,42,42.2,41.5,41.8,18473460
1101,2022-07-12,40.95,41.25,40.7,41,13367785
1101,2022-07-11,40.85,41.2,40.75,41.1,12752429
1101,2022-07-08,41,41.05,40.5,40.8,14149002
1101,2022-07-07,40.35,41,40.25,40.9,13228754
1101,2022-07-06,40.85,41,40,40,13407656
1101,2022-07-05,40.5,40.85,40.25,40.75,16004654
1101,2022-07-04,40.4,40.6,39.8,40,18974959
1101,2022-07-01,39.8,40.95,39.7,40.35,26589368
1101,2022-06-30,39.7,39.75,39.25,39.5,21627885
1101,2022-06-29,39.7,39.8,39.4,39.55,15763786
1101,2022-06-28,40.1,40.1,39.6,39.6,10602408
1101,2022-06-27,40,40.25,39.75,39.8,16074967
1101,2022-06-24,39.5,39.7,39.2,39.5,14996821
1101,2022-06-23,39.75,39.9,39,39,18169035
1101,2022-06-22,39.65,39.9,39.45,39.5,16121726
1101,2022-06-21,39,39.6,38.95,39.45,17426357
1101,2022-06-20,39.55,39.55,38.85,38.85,29128271
1101,2022-06-17,39.85,39.9,39.55,39.6,38663827
1101,2022-06-16,40.5,40.9,40,40,28540994
1101,2022-06-15,40.2,40.3,40.05,40.05,22446808
1101,2022-06-14,40.5,40.55,40.05,40.1,26184653
1101,2022-06-13,41,41.05,40.65,40.8,28097786
1101,2022-06-10,41.4,41.5,41.35,41.4,9201176
1101,2022-06-09,41.8,41.8,41.55,41.55,9486744
1101,2022-06-08,41.45,41.85,41.4,41.75,13043351
1101,2022-06-07,41.5,41.75,41.35,41.35,19700073
1101,2022-06-06,41.75,41.9,41.4,41.55,15240870
1101,2022-06-02,42,42,41.65,41.7,15635195
1101,2022-06-01,42.65,42.7,42.05,42.1,19795058
1101,2022-05-31,42.8,42.9,42.4,42.6,36095225
1101,2022-05-30,42.55,43.05,42.55,42.8,21560606
1101,2022-05-27,41.55,42.4,41.55,42.2,20071483
1101,2022-05-26,41.8,42.45,41.7,41.7,18152195
1101,2022-05-25,41.3,41.9,41.25,41.65,18438561
1101,2022-05-24,41.2,41.4,41.15,41.2,19456970
1101,2022-05-23,41.5,41.55,41.15,41.2,17280755
1101,2022-05-20,41.45,41.95,41.15,41.15,40646175
1101,2022-05-19,41.4,41.4,41.05,41.1,20462182
1101,2022-05-18,41.6,41.7,41.1,41.6,27849756
1101,2022-05-17,41.5,41.65,41.25,41.5,22795141
1101,2022-05-16,41.6,41.7,41,41.25,25056730
1101,2022-05-13,40.9,41.8,40.8,41.6,23315151
1101,2022-05-12,42.5,42.55,40.8,40.8,43856703
1101,2022-05-11,42.5,42.95,42.5,42.65,33877400
1101,2022-05-10,44,44.1,43.65,43.85,19613514
1101,2022-05-09,45,45.05,44.15,44.25,20101665
1101,2022-05-06,45.35,45.35,45.1,45.1,14855830
1101,2022-05-05,45.75,45.75,45.5,45.6,9393350
1101,2022-05-04,45.35,45.6,45.25,45.5,11217879
1101,2022-05-03,45.9,45.9,45.1,45.35,23968613
1101,2022-04-29,46.2,46.45,45.9,45.9,23092262
1101,2022-04-28,46,46.1,45.5,46.1,22709193
1101,2022-04-27,46.15,46.15,45.7,45.8,26325735
1101,2022-04-26,46.25,46.4,46.1,46.2,16968438
1101,2022-04-25,46.35,46.4,46.05,46.1,22278056
1101,2022-04-22,46.7,46.7,46.4,46.55,15422941
1101,2022-04-21,46.85,47.15,46.5,46.8,19043921
1101,2022-04-20,46.5,46.75,46.4,46.6,20827417
1101,2022-04-19,46.5,46.6,46.2,46.35,22009910
1101,2022-04-18,47.3,47.3,46.4,46.5,25129762
1101,2022-04-15,47.5,47.55,47.05,47.1,22509963
1101,2022-04-14,48.3,48.3,47.6,47.7,18163935
1101,2022-04-13,48.15,48.6,47.75,48,20257841
1101,2022-04-12,49.4,49.4,47.8,48,36482148
1101,2022-04-11,49.8,49.95,49.1,49.45,8089418
1101,2022-04-08,49.6,49.8,49.4,49.8,6494233
1101,2022-04-07,49.8,50.2,49.5,49.55,11245643
1101,2022-04-06,49.75,50.2,49.6,50.2,10985331
1101,2022-04-01,49.7,50,49.45,49.75,9917831
1101,2022-03-31,49.95,50.2,49.85,49.9,15226850
1101,2022-03-30,49.85,50,49.7,49.85,9669039
1101,2022-03-29,49.8,50.2,49.5,49.8,8073707
1101,2022-03-28,49.4,49.75,49.1,49.7,8572124
1101,2022-03-25,49.9,49.9,49.55,49.7,8811114
1101,2022-03-24,49.65,49.95,49.45,49.95,14107140
1101,2022-03-23,49.7,49.7,49.45,49.65,12576912
1101,2022-03-22,49.7,49.75,49.3,49.7,11071398
1101,2022-03-21,49.1,49.85,49.05,49.75,24218852
1101,2022-03-18,48.1,48.95,48.1,48.95,31706672
1101,2022-03-17,48.1,48.2,47.85,48,16944622
1101,2022-03-16,47.95,48,47.65,47.85,11338304
1101,2022-03-15,47.5,48,47.4,47.95,10726325
1101,2022-03-14,47.45,47.7,47.4,47.55,8145858
1101,2022-03-11,47.4,47.6,47.3,47.45,6628133
1101,2022-03-10,47.25,47.7,47.2,47.6,9473999
1101,2022-03-09,47.3,47.4,47.05,47.25,5574119
1101,2022-03-08,47,47.15,46.85,46.95,15765001
1101,2022-03-07,47.45,47.45,46.9,47.1,16991368
1101,2022-03-04,47.8,47.85,47.5,47.65,11071393
1101,2022-03-03,47.95,48.05,47.8,48.05,7565742
1101,2022-03-02,47.8,48,47.6,48,8187419
1101,2022-03-01,47.8,47.85,47.5,47.8,14071999
1101,2022-02-25,47.2,47.5,46.9,47.35,14779929
1101,2022-02-24,47.5,47.5,47.1,47.3,13239388
1101,2022-02-23,47.7,47.85,47.45,47.65,8102775
1101,2022-02-22,47.4,47.7,47.1,47.7,10748624
1101,2022-02-21,47.35,47.75,47.15,47.6,8260209
1101,2022-02-18,47.25,47.55,47.2,47.45,8833763
1101,2022-02-17,47.15,47.55,47.1,47.45,10733835
1101,2022-02-16,47,47.15,47,47,8818727
1101,2022-02-15,47.05,47.1,46.8,47,5497795
1101,2022-02-14,47.2,47.3,46.95,47.15,9314234
1101,2022-02-11,47.3,47.55,47.15,47.55,6907680
1101,2022-02-10,47.15,47.55,47.05,47.55,7550497
1101,2022-02-09,46.95,47.3,46.9,47.3,8032492
1101,2022-02-08,47.1,47.25,46.9,46.95,9827190
1101,2022-02-07,46.55,47.1,46,47.1,17325697
1101,2022-01-26,46.7,47,46.55,46.85,7858213
1101,2022-01-25,47,47.05,46.6,46.8,16429917
1101,2022-01-24,47.1,47.3,47,47.15,5535224
1101,2022-01-21,47.5,47.65,47.15,47.4,9546706
1101,2022-01-20,47.55,47.7,47.45,47.5,6369636
1101,2022-01-19,47.6,47.7,47.5,47.6,5155877
1101,2022-01-18,47.6,47.75,47.45,47.75,8152546
1101,2022-01-17,47.55,47.7,47.35,47.6,9135562
1101,2022-01-14,47.85,47.85,47.45,47.6,9517206
1101,2022-01-13,47.5,47.95,47.4,47.95,13905887
1101,2022-01-12,47.5,47.5,47.1,47.5,10891460
1101,2022-01-11,47.1,47.5,47.1,47.5,11147705
1101,2022-01-10,47.45,47.5,47,47.3,12136515
1101,2022-01-07,47.6,47.65,47.2,47.45,11036127
1101,2022-01-06,47.3,47.6,47.15,47.6,12468214
1101,2022-01-05,47.1,47.3,47,47.15,12283179
1101,2022-01-04,47.5,47.6,47,47.3,11582787
1101,2022-01-03,48.05,48.15,47.35,47.45,12539636
1101,2023-12-29,34.9,34.9,34.7,34.85,6506879
1101,2023-12-28,34.95,35,34.7,34.9,9492910
1101,2023-12-27,34.65,34.9,34.65,34.9,11522515
1101,2023-12-26,34.6,34.7,34.5,34.65,5532736
1101,2023-12-25,34.4,34.65,34.35,34.5,7382502
1101,2023-12-22,34.2,34.35,34.15,34.3,7317372
1101,2023-12-21,34.25,34.35,34.15,34.25,7255766
1101,2023-12-20,34.45,34.6,34.25,34.5,9066776
1101,2023-12-19,34.7,34.7,34.2,34.35,8855505
1101,2023-12-18,34.45,34.7,34.35,34.55,7431723
1101,2023-12-15,34.5,34.55,34.3,34.3,22372270
1101,2023-12-14,34.5,34.55,34.1,34.4,10868064
1101,2023-12-13,34.15,34.2,34.05,34.05,8905633
1101,2023-12-12,34.4,34.4,34.1,34.15,9012408
1101,2023-12-11,34.6,34.65,34.2,34.4,7662596
1101,2023-12-08,34.7,34.85,34.6,34.6,12386018
1101,2023-12-07,34.6,34.75,34.4,34.5,7387622
1101,2023-12-06,34.95,35.05,34.6,34.6,11793732
1101,2023-12-05,34,34.9,34,34.9,24322560
1101,2023-12-04,34.5,34.55,34.05,34.05,23927886
1101,2023-12-01,34.6,34.75,34.3,34.4,35911150
1101,2023-11-30,34.3,35.3,34.3,34.95,106415572
1101,2023-11-29,34.6,34.8,34.1,34.25,27501623
1101,2023-11-28,35,35.5,34.5,34.5,65709089
1101,2023-11-27,33.9,34.35,33.8,33.95,22155103
1101,2023-11-24,33.95,34.1,33.75,33.75,20353723
1101,2023-11-23,33.85,34.05,33.65,34,16945844
1101,2023-11-22,34.05,34.15,33.85,33.85,15687176
1101,2023-11-21,33.7,34.2,33.7,34.2,33522499
1101,2023-11-20,33.2,33.75,33.1,33.6,12434498
1101,2023-11-17,33.05,33.35,33,33.2,25951662
1101,2023-11-16,33.35,33.35,33,33.05,23429454
1101,2023-11-15,33,33.15,32.8,33.15,36628181
1101,2023-11-14,32.9,32.9,32.5,32.5,16721751
1101,2023-11-13,33,33,32.6,32.8,14964159
1101,2023-11-10,32.9,33,32.8,32.85,10690090
1101,2023-11-09,33,33.1,32.75,32.9,16366451
1101,2023-11-08,32.8,33.05,32.65,32.9,22505196
1101,2023-11-07,32.8,32.8,32.4,32.55,23906987
1101,2023-11-06,33,33.1,32.75,32.8,20773959
1101,2023-11-03,32.55,32.95,32.5,32.9,27979160
1101,2023-11-02,32.3,32.5,32.25,32.35,25579046
1101,2023-11-01,32.35,32.5,32,32.1,13675697
1101,2023-10-31,32.05,32.35,32.05,32.25,34975272
1101,2023-10-30,31.8,32.1,31.75,32,15920174
1101,2023-10-27,31.55,32,31.55,31.85,12807214
1101,2023-10-26,31.55,31.6,31.4,31.45,15948604
1101,2023-10-25,31.65,31.85,31.5,31.55,19646028
1101,2023-10-24,31.75,31.75,31.35,31.5,24067392
1101,2023-10-23,31.7,31.9,31.55,31.65,14150665
1101,2023-10-20,31.7,31.9,31.4,31.75,33671404
1101,2023-10-19,32.2,32.25,31.7,31.9,67331244
1101,2023-10-18,32.65,32.75,32.3,32.45,110992007
1101,2023-10-17,33.8,33.8,33.3,33.45,18143021
1101,2023-10-16,33.8,33.9,33.6,33.6,13519437
1101,2023-10-13,33.9,34.15,33.7,33.8,19059868
1101,2023-10-12,33.2,33.8,33.15,33.7,20332421
1101,2023-10-11,33.15,33.2,32.85,33.1,16225669
1101,2023-10-06,32.75,33.1,32.7,32.8,15884461
1101,2023-10-05,32.75,32.95,32.6,32.75,17660272
1101,2023-10-04,33,33.15,32.85,32.9,20561500
1101,2023-10-03,33.2,33.3,33.05,33.2,16266249
1101,2023-10-02,33.3,33.3,33.05,33.1,13954666
1101,2023-09-28,33.1,33.3,33.05,33.25,18375914
1101,2023-09-27,33,33.2,32.9,33.05,18100731
1101,2023-09-26,33.1,33.3,33,33,25651061
1101,2023-09-25,33.4,33.45,33,33.1,32303005
1101,2023-09-22,33.5,33.6,33.35,33.5,30264572
1101,2023-09-21,34.25,34.25,33.8,33.8,35756361
1101,2023-09-20,34.8,34.85,34.35,34.35,27453105
1101,2023-09-19,35.1,35.15,34.8,34.8,17331215
1101,2023-09-18,35.1,35.2,35,35.1,15558263
1101,2023-09-15,35.3,35.35,35.05,35.1,19736935
1101,2023-09-14,35.4,35.5,35.3,35.5,18247932
1101,2023-09-13,34.85,35.3,34.85,35.3,28278131
1101,2023-09-12,34.3,34.65,34.3,34.6,17792157
1101,2023-09-11,34.1,34.2,34.05,34.2,17824696
1101,2023-09-08,34.3,34.35,34.05,34.1,21838198
1101,2023-09-07,34.4,34.55,34.2,34.35,21981134
1101,2023-09-06,34.9,34.95,34.35,34.4,39906142
1101,2023-09-05,35.15,35.25,35,35,36456336
1101,2023-09-04,35.15,35.25,34.9,35.2,20229190
1101,2023-09-01,35.1,35.45,35,35.25,19428367
1101,2023-08-31,35.35,35.35,34.95,34.95,38519368
1101,2023-08-30,35.3,35.6,35.2,35.3,21263679
1101,2023-08-29,35.2,35.45,35.2,35.4,22767239
1101,2023-08-28,35.15,35.3,35.1,35.2,13704450
1101,2023-08-25,35.2,35.35,35.1,35.1,15173092
1101,2023-08-24,35.2,35.45,35.2,35.3,14151716
1101,2023-08-23,35.5,35.55,35.3,35.3,13200442
1101,2023-08-22,35.55,35.55,35.3,35.4,12160131
1101,2023-08-21,35,35.45,35,35.4,15868611
1101,2023-08-18,35.8,35.8,35.1,35.15,30753041
1101,2023-08-17,36,36.05,35.4,35.65,41929246
1101,2023-08-16,36.55,36.6,36,36.05,30022247
1101,2023-08-15,36.85,36.9,36.55,36.7,16918628
1101,2023-08-14,37.55,37.55,36.75,36.85,17530258
1101,2023-08-11,37.15,37.75,37.1,37.4,17960217
1101,2023-08-10,37.2,37.25,36.8,36.85,9774757
1101,2023-08-09,37.1,37.25,37.05,37.15,10784194
1101,2023-08-08,37.5,37.6,37.1,37.1,15554128
1101,2023-08-07,37.5,37.7,37.4,37.65,16992923
1101,2023-08-04,37.25,37.5,37.15,37.35,14192349
1101,2023-08-02,37.5,37.8,37.15,37.2,19895559
1101,2023-08-01,37.35,37.6,37.3,37.55,13464998
1101,2023-07-31,37.35,37.6,37.15,37.3,17485589
1101,2023-07-28,37.35,37.4,37.1,37.35,11768083
1101,2023-07-27,37.25,37.55,37.2,37.35,14515480
1101,2023-07-26,37.5,37.55,37.2,37.25,11833479
1101,2023-07-25,36.9,37.65,36.8,37.4,24409072
1101,2023-07-24,36.2,36.9,36,36.5,15855908
1101,2023-07-21,36.6,36.65,36.1,36.1,23480660
1101,2023-07-20,36.65,36.75,36.55,36.55,17798154
1101,2023-07-19,37.1,37.1,36.55,36.6,20934774
1101,2023-07-18,36.7,37.1,36.5,37.1,22387442
1101,2023-07-17,37,37.1,36.7,36.75,19635471
1101,2023-07-14,36.8,37.15,36.75,37,15399835
1101,2023-07-13,36.65,37.25,36.65,36.8,15806626
1101,2023-07-12,36.55,36.65,36.5,36.6,13655144
1101,2023-07-11,36.8,37.05,36.5,36.55,22537721
1101,2023-07-10,37.3,37.4,36.8,36.85,26003083
1101,2023-07-07,37.2,37.5,36.9,37.3,19465674
1101,2023-07-06,37.75,37.75,37.2,37.25,28968239
1101,2023-07-05,38.05,38.15,37.8,37.8,17202745
1101,2023-07-04,38.2,38.3,38.05,38.05,11565771
1101,2023-07-03,38.2,38.3,38.15,38.25,8601575
1101,2023-06-30,38.05,38.35,38.05,38.05,11159268
1101,2023-06-29,38.15,38.4,38.05,38.05,9958364
1101,2023-06-28,38.45,38.5,38,38.05,18919407
1101,2023-06-27,38.7,38.8,38.4,38.45,10190147
1101,2023-06-26,38.7,38.95,38.45,38.8,13371077
1101,2023-06-21,38.55,38.75,38.35,38.7,14668506
1101,2023-06-20,38.7,38.75,38.45,38.55,17678920
1101,2023-06-19,38.75,38.95,38.6,38.7,12887442
1101,2023-06-16,38.4,39.2,38.3,38.7,39153380
1101,2023-06-15,38.35,38.4,38.2,38.35,12380474
1101,2023-06-14,38.35,38.45,38.15,38.35,11803228
1101,2023-06-13,38.3,38.4,38.05,38.25,14239695
1101,2023-06-12,38.7,38.75,38.15,38.25,16369900
1101,2023-06-09,38.5,38.5,38.3,38.45,12498433
1101,2023-06-08,38.8,38.8,38.3,38.5,14453378
1101,2023-06-07,38.9,38.95,38.6,38.8,11693000
1101,2023-06-06,38.95,39.05,38.65,38.8,11784017
1101,2023-06-05,38.75,39.25,38.65,38.85,23588849
1101,2023-06-02,37.75,38.75,37.75,38.55,37641391
1101,2023-06-01,38.05,38.1,37.75,37.75,20325434
1101,2023-05-31,38.3,38.3,37.85,37.9,55200906
1101,2023-05-30,38.1,38.3,37.9,38.3,28867665
1101,2023-05-29,38.05,38.15,37.75,38.15,26028333
1101,2023-05-26,37.8,38,37.6,38,21233325
1101,2023-05-25,37.7,38.05,37.5,38.05,30414582
1101,2023-05-24,37.85,37.9,37.5,37.85,21681392
1101,2023-05-23,38.25,38.3,37.9,37.9,22695623
1101,2023-05-22,38,38.4,37.7,38.25,24186137
1101,2023-05-19,37.85,38,37.7,37.85,24042183
1101,2023-05-18,38,38.15,37.7,37.85,18202790
1101,2023-05-17,37.7,38.2,37.65,37.9,20716571
1101,2023-05-16,37.45,37.85,37.25,37.75,14583190
1101,2023-05-15,37.8,37.8,37.15,37.35,29681026
1101,2023-05-12,37.85,37.95,37.6,37.8,26092568
1101,2023-05-11,38.65,38.9,37.9,38.2,23649114
1101,2023-05-10,38.85,38.9,38.55,38.85,16060716
1101,2023-05-09,39.7,39.7,38.55,38.65,38023787
1101,2023-05-08,39.55,39.8,39.35,39.6,26175572
1101,2023-05-05,39.55,39.8,39.15,39.3,15901928
1101,2023-05-04,39.5,39.75,39.2,39.45,19369711
1101,2023-05-03,40.15,40.15,39.3,39.5,35068167
1101,2023-05-02,39,40.25,38.9,39.9,69164237
1101,2023-04-28,38.95,39.15,38.55,38.7,24724757
1101,2023-04-27,39.2,39.4,38.55,38.65,29945749
1101,2023-04-26,38.2,39.2,38.2,39.1,34253534
1101,2023-04-25,39.55,39.6,38.3,38.5,52427881
1101,2023-04-24,39.2,39.8,38.85,39.55,82247780
1101,2023-04-21,37.5,38.95,37.5,38.3,69668614
1101,2023-04-20,37.2,37.5,37.1,37.2,17578243
1101,2023-04-19,37.45,37.65,37.1,37.1,13369205
1101,2023-04-18,37.95,38,37.3,37.45,13555388
1101,2023-04-17,37.65,38.3,37.65,37.95,28131977
1101,2023-04-14,37.6,37.65,37.3,37.55,11678009
1101,2023-04-13,37.65,37.7,37.45,37.55,11791361
1101,2023-04-12,37.6,37.85,37.45,37.45,21776337
1101,2023-04-11,36.75,37.65,36.75,37.45,32191913
1101,2023-04-10,36.45,36.6,36.3,36.6,15386152
1101,2023-04-07,36.45,36.55,36.35,36.4,11329490
1101,2023-04-06,36.65,36.7,36.2,36.45,13621330
1101,2023-03-31,36.2,36.6,36.1,36.4,11099743
1101,2023-03-30,36.45,36.45,36.05,36.2,12765508
1101,2023-03-29,36.25,36.4,36.05,36.35,12924440
1101,2023-03-28,36.6,36.65,36.1,36.2,27286673
1101,2023-03-27,37,37.1,36.6,36.65,25738990
1101,2023-03-24,37.4,37.7,37.3,37.6,13819470
1101,2023-03-23,37.4,37.55,37.2,37.35,14477921
1101,2023-03-22,37.25,37.4,37.15,37.2,16701571
1101,2023-03-21,37,37.35,37,37.05,11610765
1101,2023-03-20,36.5,37,36.5,36.9,11109324
1101,2023-03-17,36.6,36.75,36.35,36.4,31846968
1101,2023-03-16,36.9,37,36.3,36.35,20235848
1101,2023-03-15,36.9,37.3,36.9,37.1,15657070
1101,2023-03-14,36.4,37,36.3,36.75,17569854
1101,2023-03-13,36.45,37,36.15,36.75,22518921
1101,2023-03-10,36.9,36.9,36.6,36.7,25192335
1101,2023-03-09,37.75,37.85,37.15,37.2,23896022
1101,2023-03-08,37.85,37.9,37.5,37.75,21791272
1101,2023-03-07,38.05,38.1,37.9,37.95,12798027
1101,2023-03-06,38,38.1,37.85,37.95,12088991
1101,2023-03-03,38.1,38.15,37.65,37.75,14693838
1101,2023-03-02,37.8,38.15,37.45,37.9,18212319
1101,2023-03-01,38.85,38.85,37.6,37.8,50523994
1101,2023-02-24,39.65,39.7,39.05,39.15,68799746
1101,2023-02-23,38.5,39.7,38.4,39.5,47953951
1101,2023-02-22,38.15,38.3,37.85,38.05,19617132
1101,2023-02-21,38.4,38.5,38.15,38.35,9443068
1101,2023-02-20,37.95,38.4,37.8,38.25,16664374
1101,2023-02-17,37.4,38,37.25,38,18234212
1101,2023-02-16,37.7,37.85,37.35,37.5,16457265
1101,2023-02-15,37.35,37.85,37.3,37.55,19116424
1101,2023-02-14,37.2,37.8,37.15,37.25,23984629
1101,2023-02-13,36.9,37.15,36.7,37,14617556
1101,2023-02-10,36.55,37,36.45,36.85,15578283
1101,2023-02-09,36.7,36.8,36.55,36.6,11379279
1101,2023-02-08,36.55,36.8,36.5,36.75,12201334
1101,2023-02-07,36.2,36.65,36.2,36.65,12818745
1101,2023-02-06,36.4,36.45,36,36.15,18914974
1101,2023-02-03,36.75,36.75,36.3,36.45,16800332
1101,2023-02-02,36.85,36.9,36.55,36.8,14814809
1101,2023-02-01,36.45,36.75,36.3,36.75,15215064
1101,2023-01-31,36.9,36.9,36.25,36.25,23934138
1101,2023-01-30,37.2,37.25,36.5,36.95,39966741
1101,2023-01-17,36.45,36.45,35.9,36,21499697
1101,2023-01-16,36.55,36.9,36.15,36.5,34494589
1101,2023-01-13,35.55,36.3,35.55,36.15,41631836
1101,2023-01-12,34.75,35.5,34.7,35.4,26778048
1101,2023-01-11,34.7,34.85,34.55,34.7,15386976
1101,2023-01-10,34.65,34.7,34.35,34.6,11462979
1101,2023-01-09,34.6,34.65,34.35,34.6,15635866
1101,2023-01-06,34.45,34.6,34.1,34.25,13688284
1101,2023-01-05,34.15,34.7,34.05,34.45,27376555
1101,2023-01-04,33.65,33.75,33.5,33.5,10493097
1101,2023-01-03,33.6,33.75,33.3,33.5,11654098
1101,2024-05-22,33.65,34.4,33.6,34.35,47394413
1101,2024-05-21,33.75,33.8,33.1,33.35,19091596
1101,2024-05-20,33.95,34.1,33.7,33.85,16401768
1101,2024-05-17,33.8,33.95,33.6,33.9,23265997
1101,2024-05-16,33.35,33.7,33.3,33.6,21294620
1101,2024-05-15,33.5,33.55,33.15,33.3,18563917
1101,2024-05-14,33.85,33.85,33.15,33.35,24611260
1101,2024-05-13,33.6,33.85,33.45,33.7,30344896
1101,2024-05-10,32.7,33.3,32.65,33.3,23542722
1101,2024-05-09,33,33.05,32.6,32.65,16432004
1101,2024-05-08,33.3,33.3,32.9,33.1,15053340
1101,2024-05-07,33.2,33.3,32.65,33.2,22835669
1101,2024-05-06,32.75,33.25,32.55,33,35314691
1101,2024-05-03,32.4,32.75,32.35,32.4,17112192
1101,2024-05-02,32.1,32.4,32.1,32.3,17725463
1101,2024-04-30,32.35,32.45,32,32.05,15293947
1101,2024-04-29,31.9,32.35,31.9,32.35,18734669
1101,2024-04-26,31.9,32.05,31.75,31.8,16356266
1101,2024-04-25,32.1,32.2,31.8,32,17832979
1101,2024-04-24,32.45,32.5,32.15,32.15,16265912
1101,2024-04-23,32.8,33.15,32.3,32.35,21579405
1101,2024-04-22,32,32.65,31.9,32.6,20157051
1101,2024-04-19,32.45,32.7,31.85,32,28010981
1101,2024-04-18,32.5,32.9,32.3,32.7,19151629
1101,2024-04-17,32.8,32.85,32.2,32.65,20178265
1101,2024-04-16,32.6,33.3,32.4,32.45,44774881
1101,2024-04-15,32.35,33.2,32.3,32.35,26018655
1101,2024-04-12,32.05,32.2,31.8,32.2,17667908
1101,2024-04-11,32.5,32.55,32.25,32.4,11611443
1101,2024-04-10,32.5,32.95,32.45,32.7,23247115
1101,2024-04-09,32.05,32.5,32.05,32.45,15502444
1101,2024-04-08,32.2,32.7,32.15,32.3,18056928
1101,2024-04-03,32.8,33.6,32,32,37583102
1101,2024-04-02,32.15,32.2,31.9,31.95,10353387
1101,2024-04-01,32.25,32.25,32.05,32.15,12424889
1101,2024-03-29,31.7,32.15,31.7,32.15,19741078
1101,2024-03-28,31.7,31.9,31.5,31.7,12759528
1101,2024-03-27,31.35,31.9,31.35,31.7,12005697
1101,2024-03-26,31.1,31.6,31.05,31.55,11622826
1101,2024-03-25,31.1,31.25,31,31.1,10249931
1101,2024-03-22,31.25,31.45,31.05,31.15,18817982
1101,2024-03-21,31.4,31.8,31.25,31.5,22155727
1101,2024-03-20,31.4,31.45,30.8,30.9,30649972
1101,2024-03-19,31.65,31.7,31.4,31.4,24394412
1101,2024-03-18,31.95,31.95,31.6,31.7,15866068
1101,2024-03-15,31.9,32.15,31.85,31.95,26975719
1101,2024-03-14,31.7,32,31.7,32,12087491
1101,2024-03-13,31.85,31.95,31.7,31.7,15369093
1101,2024-03-12,31.8,32,31.75,32,10205021
1101,2024-03-11,31.85,31.85,31.6,31.8,17483436
1101,2024-03-08,32,32.15,31.85,31.85,16009442
1101,2024-03-07,32,32.1,31.85,32,13784643
1101,2024-03-06,32,32.1,31.9,32,17812634
1101,2024-03-05,32.1,32.25,32,32,11197573
1101,2024-03-04,32.05,32.3,32,32.05,12399827
1101,2024-03-01,32.15,32.25,31.95,32.05,16170103
1101,2024-02-29,32.4,32.55,32.05,32.1,29399423
1101,2024-02-27,32.05,32.15,31.85,31.85,17159173
1101,2024-02-26,32.4,32.5,32.05,32.15,10604126
1101,2024-02-23,32.6,32.65,32.4,32.4,8900378
1101,2024-02-22,32.5,32.6,32.35,32.55,6529709
1101,2024-02-21,32.7,32.7,32.4,32.5,9410264
1101,2024-02-20,32.8,32.9,32.5,32.65,8808852
1101,2024-02-19,32.05,32.8,32,32.8,18522505
1101,2024-02-16,31.9,32,31.8,31.9,18486704
1101,2024-02-15,32,32.1,31.8,32,23944775
1101,2024-02-05,32.1,32.2,31.9,32.15,13528225
1101,2024-02-02,32.45,32.55,32.2,32.25,8038010
1101,2024-02-01,31.95,32.45,31.95,32.45,10337642
1101,2024-01-31,32,32.1,31.8,31.9,19126814
1101,2024-01-30,32.4,32.55,32,32,17168606
1101,2024-01-29,32.55,32.6,32.35,32.35,13852487
1101,2024-01-26,32.6,32.8,32.55,32.6,8723219
1101,2024-01-25,32.6,32.7,32.5,32.7,5589171
1101,2024-01-24,32.75,32.8,32.6,32.6,6431998
1101,2024-01-23,32.35,32.7,32.3,32.7,7306624
1101,2024-01-22,32.4,32.65,32.3,32.3,9350803
1101,2024-01-19,32,32.4,31.8,32.4,14495609
1101,2024-01-18,32.2,32.35,32,32.05,14999489
1101,2024-01-17,32.55,32.7,32.15,32.2,28856602
1101,2024-01-16,33.45,33.5,32.9,32.9,19050849
1101,2024-01-15,34,34,33.6,33.65,7160773
1101,2024-01-12,33.7,33.8,33.6,33.75,5248129
1101,2024-01-11,33.7,33.8,33.6,33.7,6666115
1101,2024-01-10,34.05,34.05,33.7,33.7,11892969
1101,2024-01-09,34.3,34.3,34.05,34.05,6279275
1101,2024-01-08,34.4,34.55,34.25,34.25,5581614
1101,2024-01-05,34.2,34.35,34.2,34.35,4691751
1101,2024-01-04,34.2,34.3,34.15,34.2,6473946
1101,2024-01-03,34.5,34.75,34.15,34.2,12793849
1101,2024-01-02,34.85,34.85,34.6,34.7,14937049
1102,2010-12-31,32.2,32.45,32.1,32.25,5175971
1102,2010-12-30,32.15,32.2,31.9,32.2,4521445
1102,2010-12-29,32.2,32.2,31.9,32.15,4964557
1102,2010-12-28,32.4,32.4,32.05,32.2,3053053
1102,2010-12-27,32.5,32.55,32.1,32.4,4016650
1102,2010-12-24,33,33.1,32.5,32.55,5820387
1102,2010-12-23,32.25,33.15,32,32.85,20690716
1102,2010-12-22,32.15,32.4,32.1,32.25,9846962
1102,2010-12-21,31.95,32.1,31.6,32,5494073
1102,2010-12-20,31.8,32.3,31.7,31.9,6790846
1102,2010-12-17,31.6,31.9,31.55,31.85,7818716
1102,2010-12-16,31.65,31.7,31.4,31.65,7562303
1102,2010-12-15,31.4,31.7,31.3,31.35,4634863
1102,2010-12-14,31.95,32,31.4,31.5,7650395
1102,2010-12-13,31.8,32.2,31.8,31.95,4016380
1102,2010-12-10,31.9,32,31.6,31.8,4083223
1102,2010-12-09,32.2,32.3,31.9,32.05,5204969
1102,2010-12-08,31.9,32.4,31.65,32.1,13308388
1102,2010-12-07,31.5,32.2,31.25,31.9,15088425
1102,2010-12-06,31.1,31.45,30.8,31.4,5391226
1102,2010-12-03,31.1,31.2,30.65,30.8,3875356
1102,2010-12-02,31,31.2,30.85,31.05,10921842
1102,2010-12-01,30.5,30.85,30.45,30.7,7577255
1102,2010-11-30,30.15,30.5,30.15,30.2,4029539
1102,2010-11-29,30.3,30.45,30.25,30.3,3330362
1102,2010-11-26,30.3,30.35,30.1,30.25,3259218
1102,2010-11-25,30.35,30.45,30.1,30.2,7920916
1102,2010-11-24,30.3,30.6,30.2,30.35,3952001
1102,2010-11-23,30.8,30.95,30.55,30.55,4344663
1102,2010-11-22,30.7,31,30.7,30.9,5097080
1102,2010-11-19,30.7,31.3,30.7,30.85,13744917
1102,2010-11-18,30.6,30.6,30.3,30.55,2450538
1102,2010-11-17,30.4,30.4,30,30.2,2852116
1102,2010-11-16,30.4,30.4,29.9,30.2,5562989
1102,2010-11-15,30.65,30.8,30.05,30.25,5662734
1102,2010-11-12,31.35,31.35,30.65,30.65,6817950
1102,2010-11-11,31.45,31.65,31.25,31.35,5415146
1102,2010-11-10,31.5,32.2,31.4,31.45,11422491
1102,2010-11-09,31.6,31.6,31.2,31.3,5192241
1102,2010-11-08,31.7,31.9,31.35,31.4,5804606
1102,2010-11-05,31.75,31.8,31.35,31.6,6316979
1102,2010-11-04,31.5,31.7,31.4,31.65,3247466
1102,2010-11-03,31.7,31.85,31.45,31.5,3317052
1102,2010-11-02,31.7,31.8,31.5,31.6,3704694
1102,2010-11-01,31.5,31.8,31.4,31.6,5815325
1102,2010-10-29,31.95,31.95,31.45,31.55,4235050
1102,2010-10-28,31.75,32.15,31.5,31.9,6488582
1102,2010-10-27,32.25,32.25,31.6,31.9,4684444
1102,2010-10-26,32.2,32.35,31.7,32.25,6952492
1102,2010-10-25,32.4,32.55,32.15,32.2,5917120
1102,2010-10-22,31.3,32.1,31.25,32,11780370
1102,2010-10-21,31.05,31.5,30.8,31.25,3725045
1102,2010-10-20,30.6,31.3,30.55,31.05,3988586
1102,2010-10-19,31.1,31.15,30.8,30.95,4855365
1102,2010-10-18,31.75,31.8,31,31,5223011
1102,2010-10-15,31.7,32.1,31.5,31.7,4808554
1102,2010-10-14,31.4,31.9,31.4,31.7,5416859
1102,2010-10-13,31.45,31.5,31.05,31.15,4532242
1102,2010-10-12,31.45,31.45,31.1,31.15,2960199
1102,2010-10-11,31.85,31.95,31.45,31.45,2040078
1102,2010-10-08,32.1,32.1,31.65,31.85,1789193
1102,2010-10-06,31.85,32,31.6,32,9002710
1102,2010-10-05,31.7,31.8,31.35,31.5,2861549
1102,2010-10-04,31.65,32,31.65,31.7,3334845
1102,2010-10-01,31.85,31.9,31.65,31.65,2523535
1102,2010-09-30,31.6,31.85,31.6,31.85,3956942
1102,2010-09-29,31.6,32,31.35,31.6,6613128
1102,2010-09-28,31.35,31.5,31.1,31.5,2383189
1102,2010-09-27,31.4,31.55,31.15,31.35,5912499
1102,2010-09-24,31.5,31.5,30.9,31.35,4901269
1102,2010-09-23,31.6,31.65,31.2,31.5,4033768
1102,2010-09-21,31.8,31.8,31.35,31.65,6054672
1102,2010-09-20,31.5,31.8,31.45,31.65,9895183
1102,2010-09-17,31.25,31.45,31.1,31.4,8091148
1102,2010-09-16,31.2,31.3,31.05,31.25,5898485
1102,2010-09-15,31,31.2,30.8,31.15,5620147
1102,2010-09-14,31,31,30.8,31,4677671
1102,2010-09-13,31,31.2,30.85,31,9870161
1102,2010-09-10,30.8,30.95,30.5,30.75,4482028
1102,2010-09-09,30.4,30.6,30.2,30.25,2221950
1102,2010-09-08,30.6,30.6,30,30.2,3236050
1102,2010-09-07,30.55,30.8,30.35,30.6,2750211
1102,2010-09-06,30.95,30.95,30.6,30.8,5147375
1102,2010-09-03,30.3,30.65,30.2,30.35,6536859
1102,2010-09-02,29.8,30.3,29.8,29.9,9770991
1102,2010-09-01,28.85,29.7,28.85,29.55,4000329
1102,2010-08-31,29,29.05,28.8,28.8,5357356
1102,2010-08-30,29.3,29.6,29.25,29.35,3575878
1102,2010-08-27,29.1,29.35,28.85,29.2,4451561
1102,2010-08-26,29.15,29.15,28.7,29,6908085
1102,2010-08-25,30.6,30.6,28.9,29.2,10535414
1102,2010-08-24,30.6,31.45,30.5,30.65,11557460
1102,2010-08-23,32.6,33.15,32.35,33.1,16420579
1102,2010-08-20,31.8,32.45,31.8,32.3,5679899
1102,2010-08-19,31.8,32.1,31.75,31.8,6409473
1102,2010-08-18,32.2,32.3,31.9,31.95,8968819
1102,2010-08-17,32.5,32.5,32.15,32.3,6344877
1102,2010-08-16,32.85,32.85,32.25,32.6,5674827
1102,2010-08-13,32.65,32.9,32.3,32.9,5417587
1102,2010-08-12,32.8,33.2,32.7,33.05,3832247
1102,2010-08-11,33.1,33.25,32.85,33.25,3917829
1102,2010-08-10,33.9,33.9,33.05,33.25,5780868
1102,2010-08-09,32.8,33.8,32.8,33.55,13550757
1102,2010-08-06,32.4,32.75,32.2,32.75,5724860
1102,2010-08-05,32.95,33,32.2,32.45,6479731
1102,2010-08-04,32.8,32.95,32.5,32.95,5864624
1102,2010-08-03,32.3,32.8,32.05,32.8,10329968
1102,2010-08-02,31.7,32.45,31.7,32.25,9439769
1102,2010-07-30,31.6,32,31.4,31.7,10421878
1102,2010-07-29,31,31.75,30.95,31.7,10149326
1102,2010-07-28,30.7,31,30.6,31,3029833
1102,2010-07-27,30.9,30.9,30.65,30.7,1846258
1102,2010-07-26,30.5,30.9,30.5,30.9,4237393
1102,2010-07-23,30.45,30.6,30.4,30.45,4774301
1102,2010-07-22,30.1,30.35,30,30.25,3073263
1102,2010-07-21,30.2,30.35,29.85,30.1,5071324
1102,2010-07-20,30.25,30.45,29.8,30.15,3781587
1102,2010-07-19,29.95,30.25,29.9,30.25,2566688
1102,2010-07-16,30.15,30.4,29.85,30.3,8768070
1102,2010-07-15,30,30.15,29.7,30,4787362
1102,2010-07-14,29.45,30.15,29.45,30.1,7790194
1102,2010-07-13,29.5,29.6,29.2,29.25,2082523
1102,2010-07-12,29.4,29.65,29.25,29.45,2557057
1102,2010-07-09,29.45,29.5,29.15,29.45,3440992
1102,2010-07-08,29.6,29.6,29.15,29.3,3018060
1102,2010-07-07,29.2,29.3,28.8,29.3,3945477
1102,2010-07-06,28.45,29.35,28.45,29.15,5909546
1102,2010-07-05,28.4,28.7,28.35,28.55,4045596
1102,2010-07-02,28.45,28.75,28.3,28.35,2491539
1102,2010-07-01,28.4,28.4,28.05,28.05,3830736
1102,2010-06-30,28.35,28.5,28.2,28.4,3336226
1102,2010-06-29,29.5,29.8,28.75,28.75,5135158
1102,2010-06-28,29.25,29.4,29.1,29.4,1126800
1102,2010-06-25,29.2,29.35,28.9,29,2611519
1102,2010-06-24,29.4,29.6,29.15,29.6,1629064
1102,2010-06-23,29.6,29.6,29,29.45,2527340
1102,2010-06-22,29.85,29.85,29.5,29.6,2024293
1102,2010-06-21,29.5,30,29.45,29.8,7295979
1102,2010-06-18,29.2,29.3,28.8,29.25,3447053
1102,2010-06-17,28.85,29.3,28.85,29.2,5864764
1102,2010-06-15,28.7,28.95,28.4,28.75,4293690
1102,2010-06-14,28.55,28.9,28.4,28.7,6114637
1102,2010-06-11,28.2,28.4,28.1,28.35,4332820
1102,2010-06-10,28,28,27.6,27.95,2703840
1102,2010-06-09,27.55,28.1,27.5,27.6,7057035
1102,2010-06-08,27.2,27.55,27.2,27.45,3017685
1102,2010-06-07,27,27.45,26.95,27.35,6541351
1102,2010-06-04,27.8,27.8,27.55,27.55,2119696
1102,2010-06-03,27.35,27.65,27.35,27.6,4603618
1102,2010-06-02,27,27.55,26.95,27,3518247
1102,2010-06-01,27.6,27.6,27.2,27.3,3867358
1102,2010-05-31,27.5,27.8,27.4,27.8,2406181
1102,2010-05-28,27.8,27.8,27.15,27.5,6134716
1102,2010-05-27,27.2,27.65,26.85,27.45,3525643
1102,2010-05-26,26.7,27.3,26.5,27.3,14778395
1102,2010-05-25,27,27,26.55,26.65,4201539
1102,2010-05-24,26.6,27.25,26.6,27.1,6755350
1102,2010-05-21,26.9,26.9,25.65,26.6,14720627
1102,2010-05-20,27.8,27.85,27.35,27.5,4801121
1102,2010-05-19,27.5,27.8,27.2,27.8,4618745
1102,2010-05-18,27.65,27.8,27.45,27.55,5277992
1102,2010-05-17,28.1,28.2,27.25,27.55,9261812
1102,2010-05-14,28.3,28.45,28.15,28.4,3642382
1102,2010-05-13,28.5,28.6,28.2,28.55,2995364
1102,2010-05-12,27.95,28.2,27.95,28,2405986
1102,2010-05-11,28.5,28.5,27.75,27.95,7582618
1102,2010-05-10,27.7,28.6,27.65,28.25,5957548
1102,2010-05-07,27,27.6,26.9,27.6,7846705
1102,2010-05-06,28.4,28.6,27.55,27.6,10249580
1102,2010-05-05,28.75,28.8,28.5,28.55,12362790
1102,2010-05-04,29.75,29.75,29.05,29.15,4868098
1102,2010-05-03,29.6,29.7,29.35,29.45,3129414
1102,2010-04-30,29.75,30.05,29.6,29.6,5841772
1102,2010-04-29,29.9,29.9,29.55,29.7,5347226
1102,2010-04-28,29,29.8,29,29.75,9319819
1102,2010-04-27,30.2,30.4,29.4,29.5,28243367
1102,2010-04-26,30.9,30.95,30.05,30.2,22432636
1102,2010-04-23,30.8,30.8,30.5,30.6,4586657
1102,2010-04-22,31.2,31.2,30.55,30.95,5410691
1102,2010-04-21,31.2,31.5,31.15,31.4,2841169
1102,2010-04-20,31.1,31.1,30.75,31.05,4289663
1102,2010-04-19,31.8,32,30.95,31,7201505
1102,2010-04-16,32.5,32.55,32.05,32.4,3379475
1102,2010-04-15,31.8,32.5,31.8,32.5,8493974
1102,2010-04-14,31.55,31.7,31.45,31.65,4118042
1102,2010-04-13,31.6,31.6,31.35,31.55,4537479
1102,2010-04-12,31.5,31.6,31.35,31.6,8650214
1102,2010-04-09,31.5,31.5,31.4,31.45,7243589
1102,2010-04-08,31.55,31.8,31.35,31.45,6336146
1102,2010-04-07,31.8,31.8,31.3,31.55,9425954
1102,2010-04-06,31.5,31.7,31.3,31.4,6035837
1102,2010-04-02,31.5,31.65,31.35,31.35,4188128
1102,2010-04-01,31.2,31.45,30.9,31.45,6909121
1102,2010-03-31,31.2,31.2,30.7,31,6061352
1102,2010-03-30,31.5,31.5,31,31.25,6769053
1102,2010-03-29,30.75,31.5,30.55,31.4,8956958
1102,2010-03-26,30.4,30.6,30,30.45,6956463
1102,2010-03-25,30.3,30.45,30.05,30.2,5786065
1102,2010-03-24,30.2,30.65,30.1,30.2,7715050
1102,2010-03-23,30,30.1,29.8,29.95,6460838
1102,2010-03-22,30.05,30.1,29.65,29.85,4324920
1102,2010-03-19,30.05,30.1,29.9,30.1,5210949
1102,2010-03-18,30.2,30.25,30,30.15,5841454
1102,2010-03-17,29.8,30.15,29.5,30.15,5755137
1102,2010-03-16,29.5,29.6,29.4,29.5,3013209
1102,2010-03-15,29.8,30.1,29.5,29.55,7735763
1102,2010-03-12,30,30,29.75,29.9,4237269
1102,2010-03-11,30.15,30.2,30.05,30.1,3030825
1102,2010-03-10,30.35,30.35,30,30.15,2496212
1102,2010-03-09,30.15,30.25,29.95,30.15,3451990
1102,2010-03-08,30.4,30.4,29.85,30,4417462
1102,2010-03-05,30.15,30.45,29.85,30,4666434
1102,2010-03-04,30.5,30.65,29.75,30,4330434
1102,2010-03-03,30.5,30.5,30.05,30.25,3323028
1102,2010-03-02,30.2,30.3,30.05,30.25,3537580
1102,2010-03-01,29.7,30.25,29.4,30.2,3441157
1102,2010-02-26,29.45,29.65,29.3,29.4,2791104
1102,2010-02-25,30,30.1,29.3,29.45,6162528
1102,2010-02-24,29.9,30.15,29.6,30.1,2907556
1102,2010-02-23,29.95,30.1,29.8,30.05,2819797
1102,2010-02-22,30.6,30.75,29.85,29.95,5012014
1102,2010-02-10,30,30.05,29.45,30.05,5218120
1102,2010-02-09,28.45,29.6,28.2,29.45,4995004
1102,2010-02-08,28.5,28.55,28.05,28.5,6809919
1102,2010-02-06,27.35,28.4,27.35,28.35,8027798
1102,2010-02-05,29,29.05,28.3,28.3,10710693
1102,2010-02-04,30.4,30.4,29.85,30.4,4449830
1102,2010-02-03,30.1,30.4,29.95,30.4,5261416
1102,2010-02-02,30.8,30.8,29.55,30,7600280
1102,2010-02-01,31,31,30.15,30.2,5964285
1102,2010-01-29,30.6,30.6,29.85,30.3,12268555
1102,2010-01-28,30.6,31,30.55,30.9,9026906
1102,2010-01-27,31.1,31.2,30.45,30.55,8967859
1102,2010-01-26,32.9,32.9,31,31.1,11665772
1102,2010-01-25,32.3,32.45,32,32.35,7078367
1102,2010-01-22,33.5,33.5,32.3,32.75,12991969
1102,2010-01-21,33.95,34.1,33.7,33.75,7100021
1102,2010-01-20,34.4,34.45,34,34,5667584
1102,2010-01-19,34.5,34.8,34.2,34.45,5687743
1102,2010-01-18,34.6,34.85,34.45,34.45,4176752
1102,2010-01-15,35.05,35.1,34.85,34.95,3517642
1102,2010-01-14,35.4,35.4,34.9,35,2217242
1102,2010-01-13,35.1,35.15,34.9,34.95,7047243
1102,2010-01-12,35.55,35.55,34.9,35.35,8734415
1102,2010-01-11,35.4,35.75,35.05,35.1,6398164
1102,2010-01-08,35.1,35.4,35.05,35.35,4961630
1102,2010-01-07,35.6,35.8,35.1,35.15,7556963
1102,2010-01-06,35.4,36.1,35.15,35.55,15819247
1102,2010-01-05,34.7,35.8,34.6,35.3,16662766
1102,2010-01-04,34.6,34.65,34,34.55,6528735
1102,2011-12-30,33.8,34,33.7,34,4986743
1102,2011-12-29,33.5,33.8,33.3,33.8,4498437
1102,2011-12-28,33.45,33.6,33.2,33.6,4912051
1102,2011-12-27,33.2,33.45,33.1,33.45,4284775
1102,2011-12-26,33.6,33.6,33.1,33.4,4373690
1102,2011-12-23,33,33.6,33,33.4,6790815
1102,2011-12-22,32.9,33,32.55,32.95,8427012
1102,2011-12-21,32.3,33,32.2,32.95,7725475
1102,2011-12-20,31.7,31.9,31,31.4,7736446
1102,2011-12-19,31.5,31.5,30.65,31.5,6969391
1102,2011-12-16,31.8,31.8,30.95,31.5,6318946
1102,2011-12-15,32,32,31.35,31.5,5055866
1102,2011-12-14,32.3,32.3,31.75,32.25,4452631
1102,2011-12-13,31.7,32.2,31.35,32,4016203
1102,2011-12-12,31.85,32.15,31.4,32,6761213
1102,2011-12-09,31.5,31.8,30.9,31.65,11914704
1102,2011-12-08,33,33.2,31.8,32,8185656
1102,2011-12-07,33.1,33.5,32.9,33.05,5734404
1102,2011-12-06,33.45,33.55,32.9,33.1,4171326
1102,2011-12-05,33.7,33.75,33.3,33.65,2240413
1102,2011-12-02,33.2,33.8,33.2,33.7,3662673
1102,2011-12-01,34.3,34.35,33.3,33.85,11679637
1102,2011-11-30,33.1,33.1,31.9,32.35,6343923
1102,2011-11-29,33,33.1,32.45,32.85,6675614
1102,2011-11-28,32.6,32.95,32.1,32.8,10038939
1102,2011-11-25,31.65,32,31.2,31.75,12363875
1102,2011-11-24,30.35,31.3,30.35,31.3,8192809
1102,2011-11-23,31,31.3,30.1,30.35,13907648
1102,2011-11-22,30.8,31.4,30.55,30.85,15498265
1102,2011-11-21,31.5,31.7,30.4,30.8,13795608
1102,2011-11-18,32,32.2,31.75,31.85,11526316
1102,2011-11-17,32.6,33,31.9,32.5,19320776
1102,2011-11-16,34.8,35,33.3,33.35,14792003
1102,2011-11-15,34.8,34.95,34.45,34.75,4864968
1102,2011-11-14,35.3,35.4,35,35,3691999
1102,2011-11-11,34.9,35,34.3,34.8,4898882
1102,2011-11-10,35.15,35.3,34.1,34.7,13567549
1102,2011-11-09,36.65,36.75,36.05,36.1,4610667
1102,2011-11-08,36.85,37.25,36.25,36.5,5388709
1102,2011-11-07,36.9,37.4,36.8,36.9,10065202
1102,2011-11-04,36.55,36.95,36.45,36.85,12514826
1102,2011-11-03,36,36.1,35.4,36,8075856
1102,2011-11-02,35.35,36.3,35,36.05,8691631
1102,2011-11-01,36.5,36.65,35.7,36.25,10552175
1102,2011-10-31,36.6,36.95,36.35,36.5,5076519
1102,2011-10-28,37.5,37.65,36.2,36.45,15611444
1102,2011-10-27,36.1,37.15,35.8,36.95,20770762
1102,2011-10-26,35.1,36.4,35.05,36.2,8927136
1102,2011-10-25,36,36.05,35.15,35.5,7750478
1102,2011-10-24,35.3,35.8,35.3,35.75,11143071
1102,2011-10-21,34.5,34.85,34.2,34.5,5358876
1102,2011-10-20,35.1,35.2,34.05,34.05,9966781
1102,2011-10-19,35.3,35.35,34.1,34.5,9856865
1102,2011-10-18,34.6,35.05,34.5,35,5334043
1102,2011-10-17,34.8,35.6,34.3,35.4,8980132
1102,2011-10-14,35.2,35.2,34.15,34.3,12824725
1102,2011-10-13,36.5,36.8,35,35.5,12820944
1102,2011-10-12,35.45,36.4,34.75,36,16814682
1102,2011-10-11,34.6,35.9,34.6,35.9,19403747
1102,2011-10-07,32.4,33.8,32.4,33.6,24001594
1102,2011-10-06,31,31.8,30.9,31.6,9904522
1102,2011-10-05,30.7,30.9,30,30.4,5433067
1102,2011-10-04,29.5,30.8,29.25,30.5,11959761
1102,2011-10-03,31.55,31.55,29.9,30,12947113
1102,2011-09-30,31.7,32.3,31.5,31.95,15796415
1102,2011-09-29,30.2,31.35,29.9,31.15,11092944
1102,2011-09-28,30.55,31,29.95,30.35,14368220
1102,2011-09-27,29.1,30.2,29.1,30.15,15573778
1102,2011-09-26,30.4,30.5,28.25,28.25,20028001
1102,2011-09-23,30.5,30.7,29.8,30,23922113
1102,2011-09-22,33.25,33.25,31.75,32,13310467
1102,2011-09-21,34.1,34.1,33.3,33.85,7333532
1102,2011-09-20,34.5,34.9,33,33.8,14632640
1102,2011-09-19,35.05,35.3,34.5,34.8,5787841
1102,2011-09-16,34.5,35.7,34.5,35.15,8263275
1102,2011-09-15,33.7,34.25,33.4,34,10328369
1102,2011-09-14,34.65,35,33,33.05,11307616
1102,2011-09-13,35.45,35.45,34.3,34.5,10836302
1102,2011-09-09,35.5,36.25,35.5,35.95,7119937
1102,2011-09-08,35.55,36.35,35.3,35.8,14128785
1102,2011-09-07,36,36,34.3,35,17792034
1102,2011-09-06,37.55,37.55,35.45,35.5,18374257
1102,2011-09-05,38.15,38.4,37.7,38.1,7593736
1102,2011-09-02,39.2,39.2,38.15,38.75,8328874
1102,2011-09-01,39.2,39.55,38.9,39,16602983
1102,2011-08-31,38,38.7,37.75,38.25,10790567
1102,2011-08-30,38,38.8,37.4,38,11601843
1102,2011-08-29,35.35,37.75,35.35,37.6,12735187
1102,2011-08-26,36.85,37,34.4,35.3,17808480
1102,2011-08-25,37.4,37.5,35.9,36.5,18822769
1102,2011-08-24,37.6,37.7,35.35,35.9,25525335
1102,2011-08-23,38.55,40.55,38.2,40.05,18987187
1102,2011-08-22,40.75,40.75,37.45,38.55,17331403
1102,2011-08-19,41,41.1,39.8,40.25,9361295
1102,2011-08-18,42.25,42.25,41.7,41.95,8095786
1102,2011-08-17,42.2,42.4,41.8,42.25,8782254
1102,2011-08-16,42.2,42.3,41.7,42.2,9746968
1102,2011-08-15,41.1,41.6,40.8,41.2,5899877
1102,2011-08-12,41.9,42.1,40.2,40.3,15087785
1102,2011-08-11,40,42.1,39.25,41.1,22507663
1102,2011-08-10,40.5,41.1,39.5,41.1,13375823
1102,2011-08-09,35.25,39.8,35.2,38.45,23240802
1102,2011-08-08,40,40.55,37.7,37.7,17679071
1102,2011-08-05,40.5,41.3,40.5,40.5,13194384
1102,2011-08-04,44.55,44.55,43.35,43.5,6460581
1102,2011-08-03,44,44.3,43.7,44.1,8808008
1102,2011-08-02,44.6,45.3,44.5,44.7,8014125
1102,2011-08-01,45,45.5,44.1,44.5,11430396
1102,2011-07-29,44.5,44.95,44.3,44.5,10327814
1102,2011-07-28,43.7,44.25,42.75,44.25,14351898
1102,2011-07-27,45.05,45.05,44.1,44.3,14765507
1102,2011-07-26,46.2,46.7,44.5,45.65,7887207
1102,2011-07-25,46.8,46.9,45.85,46.2,6304808
1102,2011-07-22,45.7,48.3,45.45,46.75,16740618
1102,2011-07-21,44.9,45.35,44.8,45.2,4677396
1102,2011-07-20,44.5,44.95,44.1,44.8,6596200
1102,2011-07-19,45.1,45.35,44.1,44.35,8087974
1102,2011-07-18,45.5,45.9,44.95,45.65,3960477
1102,2011-07-15,45.55,45.95,44.9,45.5,4882853
1102,2011-07-14,44,45.55,43.8,45.45,13635535
1102,2011-07-13,43,44.55,43,44,11106210
1102,2011-07-12,44.55,44.65,43.4,43.4,13590415
1102,2011-07-11,44.7,45.3,44.35,45.05,13496860
1102,2011-07-08,45.1,45.5,44.55,44.85,17224524
1102,2011-07-07,43.2,45,42.8,44.55,16064884
1102,2011-07-06,43.25,43.35,42.7,43.2,9811089
1102,2011-07-05,41.8,43.3,41.6,43.25,11023678
1102,2011-07-04,42.1,42.35,41.5,42,8917808
1102,2011-07-01,41.45,42.2,41.3,42.1,13297155
1102,2011-06-30,40.6,41.1,40.5,41,10858073
1102,2011-06-29,40,40.95,40,40.6,12634091
1102,2011-06-28,39.8,40.95,39.65,39.8,16233966
1102,2011-06-27,39.2,39.7,39.2,39.7,7390926
1102,2011-06-24,40.3,40.4,39.75,39.8,7536996
1102,2011-06-23,40,40.45,39.75,39.8,7113816
1102,2011-06-22,39.8,39.8,39.2,39.75,7949069
1102,2011-06-21,39.1,39.45,38.6,39,4941557
1102,2011-06-20,39.4,39.5,38.7,38.75,6843679
1102,2011-06-17,39.6,39.7,38.75,38.75,5958987
1102,2011-06-16,39.75,39.9,39.4,39.5,11339746
1102,2011-06-15,39.3,40.05,39.15,39.85,20234679
1102,2011-06-14,38.05,39.05,37.6,39.05,10820114
1102,2011-06-13,37.8,38.35,37.55,37.8,11235867
1102,2011-06-10,38.8,39.3,38.15,38.35,11276101
1102,2011-06-09,38.95,39.2,38.6,38.8,7748235
1102,2011-06-08,39.65,39.85,39.35,39.35,4528677
1102,2011-06-07,39.55,39.95,39.25,39.65,5586369
1102,2011-06-03,40.3,40.4,39.45,39.65,10310254
1102,2011-06-02,40,40.4,39.95,40.3,9850423
1102,2011-06-01,39.55,40.85,39.55,40.45,19587540
1102,2011-05-31,39.9,40.05,39.45,39.55,10774639
1102,2011-05-30,38.3,40.1,38,39.45,28214594
1102,2011-05-27,37.6,38,37.4,37.65,3975025
1102,2011-05-26,37.5,37.55,37.2,37.55,13733993
1102,2011-05-25,37.1,37.3,36.8,37.2,12541166
1102,2011-05-24,37,37.35,36.85,37.3,15303157
1102,2011-05-23,36.7,37.1,36.1,36.9,7732772
1102,2011-05-20,37.75,37.75,36.6,36.9,11344111
1102,2011-05-19,37.6,38.6,37.6,37.85,9388417
1102,2011-05-18,37.7,37.95,37.5,37.85,7318448
1102,2011-05-17,37.65,37.9,36.95,37.5,9196873
1102,2011-05-16,38.6,38.8,37.5,37.6,8124328
1102,2011-05-13,38.6,39.4,38.25,38.4,10177769
1102,2011-05-12,38.4,38.55,37.95,38.4,6458810
1102,2011-05-11,37.9,38.7,37.7,38.4,9970048
1102,2011-05-10,37.95,37.95,37.2,37.7,4552142
1102,2011-05-09,36.9,37.8,36.55,37.5,9166572
1102,2011-05-06,37.25,37.25,36.5,36.9,10389118
1102,2011-05-05,37.65,37.8,37.15,37.5,6970141
1102,2011-05-04,37.9,37.9,37,37.65,12034539
1102,2011-05-03,38.3,38.7,37.6,37.9,11544222
1102,2011-04-29,37.9,38.3,37.4,38.3,16222653
1102,2011-04-28,37.5,37.8,37.3,37.5,12817845
1102,2011-04-27,36.6,37.6,36.5,37.3,17846605
1102,2011-04-26,36.1,36.5,35.8,36.2,4213499
1102,2011-04-25,36.15,36.5,36.1,36.2,4584197
1102,2011-04-22,36.75,36.85,36,36.05,7863093
1102,2011-04-21,37.1,37.2,36.3,36.75,14722879
1102,2011-04-20,35.6,37.2,35.6,36.75,23367953
1102,2011-04-19,35.6,35.6,35,35.5,8758769
1102,2011-04-18,35.5,36,35,35.8,9611465
1102,2011-04-15,36,36.1,35.1,35.1,13562505
1102,2011-04-14,34.45,36.05,34.25,35.85,30377755
1102,2011-04-13,34,34,33.8,33.95,4746035
1102,2011-04-12,34.6,34.6,33.8,34,8818095
1102,2011-04-11,34.6,34.8,34.2,34.8,8846336
1102,2011-04-08,33.9,34.7,33.8,34.65,12924690
1102,2011-04-07,34,34.05,33.75,33.9,7527295
1102,2011-04-06,33.8,34,33.45,34,13102682
1102,2011-04-01,33.1,33.55,33.1,33.5,7319052
1102,2011-03-31,33.6,33.9,32.9,33.05,14024046
1102,2011-03-30,33.5,33.7,33.2,33.6,16910191
1102,2011-03-29,32.8,33.7,32.8,33.2,14929013
1102,2011-03-28,32.65,33,32.65,32.7,6549505
1102,2011-03-25,32.65,32.7,32.3,32.65,7148642
1102,2011-03-24,32.8,32.9,32.4,32.55,6053375
1102,2011-03-23,32.1,32.8,32,32.6,10050918
1102,2011-03-22,32.3,32.3,31.95,32.1,3089163
1102,2011-03-21,31.85,32.4,31.65,31.95,3754234
1102,2011-03-18,31.85,31.85,31.3,31.85,5216096
1102,2011-03-17,30.95,31.75,30.95,31.75,3035469
1102,2011-03-16,31.2,31.65,31.2,31.45,4272350
1102,2011-03-15,31.9,32,30.1,31,6579139
1102,2011-03-14,32.7,32.9,31.55,31.9,5826609
1102,2011-03-11,30.8,31.25,30.55,31.25,2147000
1102,2011-03-10,31.4,31.45,31.15,31.2,1727284
1102,2011-03-09,31.65,31.65,31.4,31.4,3669363
1102,2011-03-08,31,31.4,31,31.4,3531770
1102,2011-03-07,31.1,31.2,30.75,30.95,1786046
1102,2011-03-04,31.3,31.3,30.95,31.1,4876179
1102,2011-03-03,30.45,31.05,30.1,31,6612656
1102,2011-03-02,30.5,30.7,30,30,6488279
1102,2011-03-01,30,30.9,29.85,30.75,6876261
1102,2011-02-25,29.8,30,29.75,29.85,3886287
1102,2011-02-24,29.8,30,29.8,29.8,4389822
1102,2011-02-23,29.75,30.05,29.75,29.8,4483438
1102,2011-02-22,30.3,30.3,29.8,29.85,7840716
1102,2011-02-21,30.5,30.65,30.05,30.6,5745482
1102,2011-02-18,30.5,30.7,30.4,30.55,2458727
1102,2011-02-17,30.45,30.45,30,30,6191525
1102,2011-02-16,30.9,30.9,30.2,30.4,3765440
1102,2011-02-15,30.15,30.7,29.75,30.35,3175664
1102,2011-02-14,30.1,30.25,30,30.2,3790747
1102,2011-02-11,30.9,30.9,29.65,29.9,6176597
1102,2011-02-10,31.45,31.45,30.6,30.6,4770935
1102,2011-02-09,31.3,31.7,31.3,31.45,4008849
1102,2011-02-08,32.15,32.2,31.2,31.4,6625851
1102,2011-01-28,32,32.3,31.55,32.1,5418364
1102,2011-01-27,31.95,32.15,31.75,31.85,4628899
1102,2011-01-26,31.7,31.75,31.5,31.75,3237274
1102,2011-01-25,31.85,31.85,31.45,31.55,2856693
1102,2011-01-24,31.6,31.7,31.5,31.65,1360903
1102,2011-01-21,31.5,31.7,31.45,31.6,2908388
1102,2011-01-20,31.85,31.85,31.65,31.7,2313663
1102,2011-01-19,31.8,31.95,31.55,31.85,3821408
1102,2011-01-18,31.75,31.8,31.55,31.8,5181747
1102,2011-01-17,32.4,32.4,31.75,31.8,5368436
1102,2011-01-14,32.65,32.65,32.4,32.4,2762577
1102,2011-01-13,32.5,32.6,32.4,32.6,4165697
1102,2011-01-12,32.5,32.6,32.35,32.5,4685626
1102,2011-01-11,32.4,32.65,32.25,32.5,4731860
1102,2011-01-10,32.2,32.4,31.9,32.4,3803317
1102,2011-01-07,32.5,32.6,31.9,32.2,7283059
1102,2011-01-06,32.9,32.9,32.25,32.45,5666216
1102,2011-01-05,33,33.25,32.2,32.55,9032504
1102,2011-01-04,32.5,33,32.45,32.95,9914349
1102,2011-01-03,32.35,32.5,32.35,32.45,6479449
1102,2012-12-28,37.4,37.4,37.1,37.35,3212035
1102,2012-12-27,37.45,37.45,36.95,37.1,2950076
1102,2012-12-26,37,37.2,36.9,37.05,4606617
1102,2012-12-25,36.65,36.9,36.45,36.8,2128442
1102,2012-12-24,36.55,36.8,36.5,36.65,2266160
1102,2012-12-22,36.65,36.65,36.4,36.55,627011
1102,2012-12-21,37.5,37.5,36.35,36.65,4470416
1102,2012-12-20,37.7,37.7,37.2,37.3,3139527
1102,2012-12-19,37.7,37.8,37.55,37.8,3768556
1102,2012-12-18,37.5,37.6,37.15,37.6,4514205
1102,2012-12-17,37.65,37.65,37.25,37.35,2377648
1102,2012-12-14,37.7,37.7,37.35,37.4,3740733
1102,2012-12-13,37.75,37.75,37.45,37.7,4031529
1102,2012-12-12,37.75,37.8,37.15,37.55,5557063
1102,2012-12-11,37.8,37.8,36.85,37.3,5492783
1102,2012-12-10,38,38,37.3,37.6,5162341
1102,2012-12-07,37.45,38,37.3,37.75,11664905
1102,2012-12-06,37.45,37.45,37.05,37.35,4969799
1102,2012-12-05,37,37.6,36.9,37.25,5288582
1102,2012-12-04,37.45,37.45,36.85,37.1,3269698
1102,2012-12-03,37.4,37.55,37.2,37.5,4264800
1102,2012-11-30,37,37.5,37,37.35,6582557
1102,2012-11-29,36.35,36.9,36.3,36.85,6653543
1102,2012-11-28,36.3,36.3,35.95,36.15,5248393
1102,2012-11-27,36.15,36.3,36.05,36.15,3273358
1102,2012-11-26,36.3,36.4,36,36.15,4336111
1102,2012-11-23,36.15,36.4,36,36.1,3472072
1102,2012-11-22,36.1,36.2,35.8,35.95,913949
1102,2012-11-21,36,36.3,35.9,36,2659026
1102,2012-11-20,36,36.15,35.9,36,1250526
1102,2012-11-19,35.95,36.25,35.95,36,1940604
1102,2012-11-16,36.3,36.45,35.85,36.15,2161334
1102,2012-11-15,36,36.3,35.75,36.25,2507361
1102,2012-11-14,36,36,35.85,36,2270973
1102,2012-11-13,36.5,36.5,35.9,36.05,2689102
1102,2012-11-12,36.3,36.35,36,36.35,1809874
1102,2012-11-09,36.3,36.35,35.85,36.35,2499385
1102,2012-11-08,36.4,36.5,36.1,36.5,2601703
1102,2012-11-07,36.5,36.65,36.1,36.65,3136934
1102,2012-11-06,36.5,36.5,36,36.45,3131680
1102,2012-11-05,36.3,36.55,36.05,36.45,3376779
1102,2012-11-02,36.4,36.5,35.9,36.5,3129749
1102,2012-11-01,35.8,36.3,35.35,36.3,4479680
1102,2012-10-31,36.5,36.5,35.95,36.4,3203014
1102,2012-10-30,35.8,36.5,35.8,36.4,3050875
1102,2012-10-29,35.9,36.1,35.8,35.95,2272557
1102,2012-10-26,36.5,36.5,35.6,35.95,3918182
1102,2012-10-25,36.3,36.55,35.95,36.55,2414736
1102,2012-10-24,36,36.6,35.85,36.45,2375692
1102,2012-10-23,36.5,36.65,36.3,36.4,2090555
1102,2012-10-22,36.45,36.9,36.2,36.8,1684382
1102,2012-10-19,36.7,36.8,36.4,36.8,2962870
1102,2012-10-18,36.05,36.4,36.05,36.4,2819835
1102,2012-10-17,36.75,36.8,36.2,36.4,2894846
1102,2012-10-16,36.2,36.75,36.2,36.55,2119139
1102,2012-10-15,36.5,36.5,36.1,36.5,2671815
1102,2012-10-12,36.7,36.7,36,36.1,1778764
1102,2012-10-11,36.8,37,36.2,36.4,4029337
1102,2012-10-09,37,37.4,37,37.15,3325628
1102,2012-10-08,37.3,37.5,36.95,37.1,4356664
1102,2012-10-05,36.9,37,36.7,36.9,1559585
1102,2012-10-04,36.85,36.9,36.6,36.9,2101291
1102,2012-10-03,37,37,36.75,36.85,1168410
1102,2012-10-02,37.1,37.1,36.75,37,1702203
1102,2012-10-01,36.85,37.25,36.85,37.05,3875422
1102,2012-09-28,37.05,37.35,36.7,37.05,5500101
1102,2012-09-27,37.1,37.15,36.7,37.05,4841236
1102,2012-09-26,37.4,37.4,36.4,37.15,4952960
1102,2012-09-25,37.55,37.7,37.15,37.45,2732820
1102,2012-09-24,37.45,37.55,36.9,37.55,2671866
1102,2012-09-21,36.75,37.45,36.6,37.45,8142515
1102,2012-09-20,36.75,37.05,36.55,36.6,3782861
1102,2012-09-19,36.6,36.8,36.35,36.75,4153763
1102,2012-09-18,37,37,36.5,36.6,2097050
1102,2012-09-17,37.2,37.6,37,37.15,7837193
1102,2012-09-14,36.5,37.15,36.35,37.05,8757957
1102,2012-09-13,36,36.05,35.9,36,3112193
1102,2012-09-12,36,36.1,35.8,36,4694004
1102,2012-09-11,36,36,35.4,35.8,2653406
1102,2012-09-10,35.6,36.5,35.4,35.7,8196747
1102,2012-09-07,34.75,35.55,34.4,35.4,4995142
1102,2012-09-06,34,34.1,33.75,33.95,3188335
1102,2012-09-05,34.5,34.5,33.75,34,3446727
1102,2012-09-04,34.4,34.4,34.1,34.3,2251956
1102,2012-09-03,34.6,34.75,34.2,34.4,2348383
1102,2012-08-31,34.25,34.8,34.2,34.4,2579569
1102,2012-08-30,34.5,34.55,34.15,34.25,4488549
1102,2012-08-29,34.6,34.8,34.5,34.5,1781890
1102,2012-08-28,34.85,35.05,34.6,34.6,2374539
1102,2012-08-27,35.05,35.3,34.8,34.85,1839782
1102,2012-08-24,35.1,35.1,34.95,35.1,1257523
1102,2012-08-23,35.15,35.3,35,35.15,2401447
1102,2012-08-22,35.2,35.25,34.95,35.15,4295544
1102,2012-08-21,35.75,35.95,35.05,35.2,15406200
1102,2012-08-20,38.75,39,38.7,39,11378802
1102,2012-08-17,38.75,39,38.55,38.75,7921022
1102,2012-08-16,39.15,39.25,38.7,38.75,6805026
1102,2012-08-15,39.6,39.7,38.95,39.15,6416048
1102,2012-08-14,39.85,40.05,39.45,39.6,6938928
1102,2012-08-13,40,40.1,39.85,39.85,6483969
1102,2012-08-10,39.8,39.9,39.7,39.9,5448550
1102,2012-08-09,39.5,39.9,39.5,39.8,9667339
1102,2012-08-08,39.2,39.45,39.05,39.3,8433373
1102,2012-08-07,38.8,38.9,38.7,38.8,6722070
1102,2012-08-06,38.5,38.95,38.35,38.5,5540931
1102,2012-08-03,38.4,38.45,38.05,38.3,6000186
1102,2012-08-01,38,38.1,37.6,38,3859528
1102,2012-07-31,37.5,38.05,37.5,38.05,6433414
1102,2012-07-30,37,37.6,36.95,37.45,4560383
1102,2012-07-27,36.5,37.1,36.5,36.8,4901653
1102,2012-07-26,36.3,36.8,36.05,36.1,3200924
1102,2012-07-25,36.25,36.25,35.95,36.2,5555572
1102,2012-07-24,36.5,36.55,36.25,36.45,3015946
1102,2012-07-23,37.05,37.05,36.5,36.6,3860294
1102,2012-07-20,37.2,37.5,37.2,37.4,1618436
1102,2012-07-19,37.2,37.55,36.9,37.35,4835092
1102,2012-07-18,37.7,37.7,36.85,37.2,4767777
1102,2012-07-17,37.7,37.95,37.6,37.8,3972383
1102,2012-07-16,37.7,38,37.7,37.85,2227176
1102,2012-07-13,37.75,38,37.75,37.9,4281166
1102,2012-07-12,38.1,38.15,37.45,37.75,4331879
1102,2012-07-11,37.8,38.2,37.7,38.05,5700889
1102,2012-07-10,37.6,37.9,37.6,37.9,4764487
1102,2012-07-09,37.4,37.8,37.4,37.6,3243748
1102,2012-07-06,37.6,37.75,37.4,37.6,3989755
1102,2012-07-05,37.5,37.55,37.15,37.4,3359062
1102,2012-07-04,37.55,37.6,37.45,37.55,3781762
1102,2012-07-03,37.35,37.9,37.35,37.6,6355011
1102,2012-07-02,37.5,37.5,37.1,37.1,4441255
1102,2012-06-29,36.95,37.45,36.9,37.45,4422215
1102,2012-06-28,36.65,37.5,36.6,36.95,4447550
1102,2012-06-27,36.4,36.75,36.3,36.6,2241702
1102,2012-06-26,36.2,36.8,36.2,36.7,2452230
1102,2012-06-25,36.85,36.85,36.2,36.55,2380287
1102,2012-06-22,37.1,37.1,36.75,36.75,2181377
1102,2012-06-21,37.25,37.3,37.15,37.25,2917588
1102,2012-06-20,37.4,37.4,37.1,37.25,3196533
1102,2012-06-19,37.3,37.35,36.85,37.35,3101992
1102,2012-06-18,36.7,37.45,36.55,37.3,6115009
1102,2012-06-15,36.3,36.7,36.1,36.4,6303791
1102,2012-06-14,36.4,36.5,36.15,36.35,2793397
1102,2012-06-13,36.5,36.5,36.1,36.4,2821091
1102,2012-06-12,36.3,36.5,36,36.4,2875000
1102,2012-06-11,36,36.6,36,36.4,3754944
1102,2012-06-08,35.9,36.05,35.6,35.95,3406739
1102,2012-06-07,35.8,35.95,35.65,35.95,3949480
1102,2012-06-06,35.45,35.6,35.1,35.6,2546144
1102,2012-06-05,35.2,35.45,35.1,35.45,3351206
1102,2012-06-04,34.7,35.2,34.7,34.85,3991334
1102,2012-06-01,35.3,35.65,34.8,35.15,3365510
1102,2012-05-31,35.2,35.7,34.65,35.65,6021738
1102,2012-05-30,35.2,35.65,34.45,35.65,6328585
1102,2012-05-29,34.5,35.2,34.3,35.2,4856100
1102,2012-05-28,34,34.6,33.9,34.4,2411742
1102,2012-05-25,33.7,34.1,33.7,34,1886288
1102,2012-05-24,33.05,33.7,33.05,33.65,2856455
1102,2012-05-23,33.2,33.3,33,33.2,3663757
1102,2012-05-22,33.6,33.6,33.15,33.35,2877992
1102,2012-05-21,33.2,33.55,33.1,33.25,2502968
1102,2012-05-18,33.4,33.5,32.9,33.25,3322748
1102,2012-05-17,33.5,34.1,33.2,34.1,3904966
1102,2012-05-16,33.9,33.9,33.05,33.15,6269909
1102,2012-05-15,34.2,34.2,33.7,34.05,4474576
1102,2012-05-14,34.5,34.6,34.35,34.45,2276246
1102,2012-05-11,34.8,34.85,34.55,34.7,3008075
1102,2012-05-10,34.6,35,34.6,35,3180262
1102,2012-05-09,34.85,35,34.55,34.8,4541745
1102,2012-05-08,35.2,35.2,34.6,35.05,5271036
1102,2012-05-07,35.65,35.65,35.05,35.2,4614578
1102,2012-05-04,35.65,35.9,35.4,35.65,7670081
1102,2012-05-03,35.7,35.9,35.6,35.75,5611903
1102,2012-05-02,35.2,35.75,35.2,35.7,7587987
1102,2012-04-30,35.5,35.8,35.15,35.15,5047804
1102,2012-04-27,36.55,36.6,35.3,35.85,5729319
1102,2012-04-26,36.2,36.5,36,36.5,4944897
1102,2012-04-25,36,36.45,35.9,36.45,3555841
1102,2012-04-24,36.1,36.3,35.8,36,4477422
1102,2012-04-23,36.15,36.25,35.8,36.1,1481543
1102,2012-04-20,36.2,36.45,36,36.4,1814425
1102,2012-04-19,35.8,36.65,35.8,36.6,4850385
1102,2012-04-18,36.1,36.2,35.85,35.85,2515404
1102,2012-04-17,36,36.25,35.7,35.9,3046142
1102,2012-04-16,36.05,36.5,36.05,36.1,3247306
1102,2012-04-13,36.2,36.55,36,36.55,4087012
1102,2012-04-12,36,36.25,35.45,36,4957878
1102,2012-04-11,36.1,36.3,36,36.2,3654910
1102,2012-04-10,36.1,36.35,36,36.2,3561207
1102,2012-04-09,35.6,36.1,35.5,35.85,3349838
1102,2012-04-06,36.15,36.35,35.85,36,4426005
1102,2012-04-05,35.9,36.35,35.8,36,5837690
1102,2012-04-03,36.55,36.7,36.15,36.55,6024071
1102,2012-04-02,35.95,36.7,35.95,36.55,6423949
1102,2012-03-30,35.95,36.05,35.9,35.95,5626055
1102,2012-03-29,36,36.2,35.85,36,9064049
1102,2012-03-28,36.1,36.5,36,36.25,3998071
1102,2012-03-27,35.8,36.15,35.65,36.05,4793140
1102,2012-03-26,36.55,36.55,35.65,35.65,6993862
1102,2012-03-23,36.45,36.65,36.2,36.55,5353385
1102,2012-03-22,35.8,36.5,35.6,36.45,9222975
1102,2012-03-21,35.1,35.3,35,35.3,2673633
1102,2012-03-20,35.2,35.3,35.1,35.1,3676626
1102,2012-03-19,35.4,35.5,35.05,35.2,2260605
1102,2012-03-16,35.4,35.45,35,35.2,3238391
1102,2012-03-15,35.5,35.5,34.8,35.3,3226252
1102,2012-03-14,35.75,35.95,35.4,35.5,3870818
1102,2012-03-13,35.7,35.8,35.3,35.45,4621711
1102,2012-03-12,36.1,36.1,35.5,35.5,2334985
1102,2012-03-09,35.8,36.4,35.45,36.3,5143294
1102,2012-03-08,35.8,35.85,35.35,35.7,3568489
1102,2012-03-07,35.3,35.8,35.2,35.4,6425248
1102,2012-03-06,36.3,36.75,35.3,35.8,6496662
1102,2012-03-05,36.85,37,36.3,36.75,3864564
1102,2012-03-03,37,37.1,36.6,36.85,2793208
1102,2012-03-02,37.5,37.5,36.9,37.05,5222324
1102,2012-03-01,37.65,37.7,37.4,37.5,3773760
1102,2012-02-29,37.4,37.65,37.2,37.65,7064556
1102,2012-02-24,37.1,37.15,36.7,37.15,2922011
1102,2012-02-23,37.25,37.3,36.85,36.9,5462572
1102,2012-02-22,36.6,37.3,36.6,37.2,8218254
1102,2012-02-21,37,37,36.5,36.8,3588813
1102,2012-02-20,37.2,37.35,36.85,36.95,7183395
1102,2012-02-17,36.8,37.2,36.3,36.75,6013241
1102,2012-02-16,36.65,36.75,36.5,36.5,7734222
1102,2012-02-15,36.3,36.65,35.95,36.65,7472487
1102,2012-02-14,36.5,36.6,35.7,36.2,6060997
1102,2012-02-13,36,36.9,36,36.5,7848849
1102,2012-02-10,35.9,36.35,35.8,36.15,9312231
1102,2012-02-09,35.75,36.15,35.7,35.9,10305755
1102,2012-02-08,35.95,36.1,35.65,36.1,5770485
1102,2012-02-07,35.9,36.1,35.6,35.9,5498368
1102,2012-02-06,36,36.1,35.4,35.9,5981985
1102,2012-02-04,36,36.2,35.9,35.9,9341983
1102,2012-02-03,35.3,36.05,35.2,35.85,15218422
1102,2012-02-02,35.2,35.35,34.9,35.35,10833140
1102,2012-02-01,35.65,35.8,35,35,7657918
1102,2012-01-31,36,36,35.3,35.5,7571420
1102,2012-01-30,35.5,36.05,35.1,35.65,11214981
1102,2012-01-18,35,35.1,34.45,35.1,5693622
1102,2012-01-17,34.95,34.95,34.5,34.9,4030358
1102,2012-01-16,35.35,35.4,34.1,34.65,6471798
1102,2012-01-13,35.15,35.3,34.85,35.05,11573965
1102,2012-01-12,34.85,35,34.45,34.95,7173796
1102,2012-01-11,34.7,34.95,34.5,34.5,7524632
1102,2012-01-10,34,34.5,33.9,34.5,8380216
1102,2012-01-09,33.7,33.95,33.3,33.95,7426027
1102,2012-01-06,34.3,34.3,33.55,33.9,8533487
1102,2012-01-05,34,34.35,33.85,34.3,5276143
1102,2012-01-04,34.2,34.2,33.9,34,5170642
1102,2012-01-03,33.75,34,33.5,33.9,4559834
1102,2012-01-02,33.3,34,33.3,33.4,5821310
1102,2013-12-31,38.5,38.65,38.4,38.6,3336290
1102,2013-12-30,38.4,38.5,38.3,38.45,3790249
1102,2013-12-27,38.35,38.4,38.15,38.4,2367778
1102,2013-12-26,38.25,38.4,38.15,38.35,943277
1102,2013-12-25,38.35,38.45,38.15,38.45,1286833
1102,2013-12-24,38.35,38.45,38.3,38.35,2414992
1102,2013-12-23,38.1,38.4,38.1,38.3,2288509
1102,2013-12-20,37.95,38.2,37.75,38.1,2583379
1102,2013-12-19,38,38,37.65,37.75,2551888
1102,2013-12-18,37.8,37.85,37.4,37.65,5072542
1102,2013-12-17,37.9,38.1,37.65,37.65,4186026
1102,2013-12-16,38.05,38.1,37.65,37.7,2797753
1102,2013-12-13,38.3,38.45,37.95,38.3,3402722
1102,2013-12-12,38.1,38.15,37.9,37.9,2871835
1102,2013-12-11,38.35,38.55,37.95,38.35,2322159
1102,2013-12-10,37.95,38.2,37.85,37.85,3031199
1102,2013-12-09,38.45,38.65,37.95,37.95,3772931
1102,2013-12-06,38.4,38.4,38.05,38.05,2707327
1102,2013-12-05,38.4,38.75,38.4,38.4,1734231
1102,2013-12-04,38.6,38.65,38.4,38.4,3860367
1102,2013-12-03,39.2,39.5,38.65,38.65,4244747
1102,2013-12-02,39.3,39.8,39.1,39.5,3781497
1102,2013-11-29,39,39.35,39,39.3,4328924
1102,2013-11-28,38.45,39.35,38.45,39,7640633
1102,2013-11-27,38.1,38.65,38.1,38.3,4117321
1102,2013-11-26,38,38.5,37.8,38.05,5369837
1102,2013-11-25,38,38.35,37.95,38.2,2231452
1102,2013-11-22,37.9,37.9,37.55,37.6,3382402
1102,2013-11-21,38,38.05,37.55,37.9,2750940
1102,2013-11-20,38.25,38.3,38,38,3550359
1102,2013-11-19,38.2,38.5,37.95,38.25,2632578
1102,2013-11-18,38.1,38.5,37.95,37.95,3789780
1102,2013-11-15,37.4,38.4,37.4,38.2,4909174
1102,2013-11-14,37.3,37.75,37.2,37.35,2190707
1102,2013-11-13,38,38,37.3,37.55,2175562
1102,2013-11-12,38.2,38.4,37.8,37.95,3503831
1102,2013-11-11,37.8,38.2,37.6,37.75,1463137
1102,2013-11-08,37.8,37.9,37.6,37.6,3723415
1102,2013-11-07,37.8,38.2,37.65,38.1,3100050
1102,2013-11-06,37.85,38.3,37.7,37.75,2404457
1102,2013-11-05,38.5,38.55,37.85,37.85,3316831
1102,2013-11-04,39,39.2,38.4,38.5,3562056
1102,2013-11-01,39.8,39.8,39.2,39.2,4725397
1102,2013-10-31,39.5,39.85,39.05,39.85,7675898
1102,2013-10-30,39.1,39.5,39,39.5,4250807
1102,2013-10-29,39,39.1,38.85,39,3633333
1102,2013-10-28,38.85,39.1,38.55,39.05,3474007
1102,2013-10-25,39,39.15,38.75,38.85,4148043
1102,2013-10-24,39.15,39.2,38.9,38.9,2828130
1102,2013-10-23,39.5,39.5,39.15,39.35,3461229
1102,2013-10-22,39.9,39.9,39.3,39.35,2977809
1102,2013-10-21,39.8,40,39.7,39.9,3867532
1102,2013-10-18,40,40.1,39.5,39.8,5522330
1102,2013-10-17,40,40.3,39.3,39.55,5185765
1102,2013-10-16,40,40.25,39.4,39.5,5262172
1102,2013-10-15,39.95,40,39.65,40,8110216
1102,2013-10-14,39.9,40,39.6,39.8,5639295
1102,2013-10-11,39.6,40,39.4,39.9,11088972
1102,2013-10-09,39.2,39.4,39.05,39.3,5822728
1102,2013-10-08,39.3,39.3,38.8,39.2,6464323
1102,2013-10-07,38.75,39.1,38.5,39.1,7385803
1102,2013-10-04,38,38.75,37.95,38.75,6412854
1102,2013-10-03,37.6,38,37.5,38,5289571
1102,2013-10-02,37.1,37.45,37.1,37.4,3669873
1102,2013-10-01,37.35,37.45,37.05,37.15,2697658
1102,2013-09-30,37.4,37.8,37,37.4,5767625
1102,2013-09-27,37.6,37.65,37.35,37.45,4553900
1102,2013-09-26,37.9,37.9,37.3,37.5,3963328
1102,2013-09-25,37.75,38,37.75,37.9,3817219
1102,2013-09-24,38.1,38.2,37.65,37.9,3585050
1102,2013-09-23,37.75,38.2,37.75,38.1,4349875
1102,2013-09-18,37.95,38.05,37.55,37.75,3366889
1102,2013-09-17,38.1,38.1,37.65,38,2694517
1102,2013-09-16,37.6,38.15,37.6,38,3941884
1102,2013-09-14,37.65,37.8,37.2,37.4,1994093
1102,2013-09-13,38.5,38.5,37.55,37.65,3342958
1102,2013-09-12,38.4,38.5,38.2,38.5,7802927
1102,2013-09-11,38,38.3,37.8,38.3,5894026
1102,2013-09-10,38,38.3,37.95,38.3,7891487
1102,2013-09-09,38,38.05,37.65,38,4381933
1102,2013-09-06,38,38.1,37.85,38,5817328
1102,2013-09-05,37.9,38,37.8,38,6085380
1102,2013-09-04,37.6,37.9,37.3,37.9,3458572
1102,2013-09-03,37.6,37.65,37.5,37.65,5914521
1102,2013-09-02,37.4,37.7,37.2,37.7,5396350
1102,2013-08-30,36.75,37.4,36.75,37.4,8574090
1102,2013-08-29,35.9,36.6,35.85,36.5,10159905
1102,2013-08-28,37.5,38,37.5,37.8,9588324
1102,2013-08-27,37.95,38,37.8,37.95,6495761
1102,2013-08-26,37.85,38,37.6,38,2960783
1102,2013-08-23,38,38,37.6,37.85,4127197
1102,2013-08-22,37.3,38.1,37,37.95,7406240
1102,2013-08-20,38,38,37.5,37.55,3506923
1102,2013-08-19,37.95,38.1,37.7,38.05,2733864
1102,2013-08-16,37.4,38.1,37.4,37.95,4727144
1102,2013-08-15,37.45,37.85,37.1,37.8,5162742
1102,2013-08-14,37.75,37.75,37.15,37.45,3106463
1102,2013-08-13,37.6,37.8,37.35,37.75,4206554
1102,2013-08-12,36.9,37.55,36.8,37.4,4640968
1102,2013-08-09,37.25,37.25,36.7,36.7,3873369
1102,2013-08-08,37.05,37.3,36.7,37.25,3821583
1102,2013-08-07,36.85,37.35,36.7,37.3,6047229
1102,2013-08-06,37.5,37.6,36.8,36.85,2960576
1102,2013-08-05,37.45,37.55,37.25,37.25,1652877
1102,2013-08-02,37.75,37.95,37.4,37.45,2778853
1102,2013-08-01,37.65,37.75,37.4,37.4,3078303
1102,2013-07-31,37.8,37.8,37.35,37.65,3496378
1102,2013-07-30,37.75,37.85,37.4,37.5,3737673
1102,2013-07-29,37.6,37.75,37.35,37.45,2740515
1102,2013-07-26,37.8,37.9,37.35,37.6,2488699
1102,2013-07-25,37.3,37.85,37.2,37.8,1554550
1102,2013-07-24,37.65,38,37.25,37.55,3843843
1102,2013-07-23,38,38,37.8,38,3601982
1102,2013-07-22,37.3,37.95,37.3,37.95,2949881
1102,2013-07-19,37.55,38,37.1,37.1,4777349
1102,2013-07-18,37.4,37.85,37.35,37.75,4126011
1102,2013-07-17,37.3,37.75,37.3,37.65,5107912
1102,2013-07-16,37.2,37.65,37.15,37.35,3668483
1102,2013-07-15,37.15,37.5,37.1,37.45,4317660
1102,2013-07-12,37.15,37.45,37,37.45,4850000
1102,2013-07-11,36.5,37,36.5,37,6126234
1102,2013-07-10,36,36.4,36,36.2,3311911
1102,2013-07-09,35.8,36.2,35.8,36,3623595
1102,2013-07-08,35.7,35.8,35.15,35.8,5153285
1102,2013-07-05,36,36.2,35.5,35.5,5447996
1102,2013-07-04,35.9,35.95,35.65,35.8,1938676
1102,2013-07-03,35.9,36,35.45,35.5,5014084
1102,2013-07-02,36.35,36.5,35.8,35.9,5400650
1102,2013-07-01,36.8,36.8,36.3,36.35,4957411
1102,2013-06-28,36.15,36.9,35.6,36.9,6656294
1102,2013-06-27,35.4,35.9,35.4,35.9,4672707
1102,2013-06-26,35.7,35.8,34.95,35.75,7807877
1102,2013-06-25,35,35.3,34.85,34.95,6012004
1102,2013-06-24,35.05,35.95,34.95,35.15,4709623
1102,2013-06-21,35.5,35.5,35.05,35.05,8679602
1102,2013-06-20,36.1,36.45,35.7,35.8,9306059
1102,2013-06-19,36.5,36.5,36.2,36.3,5748674
1102,2013-06-18,36.4,36.55,36.15,36.5,1803701
1102,2013-06-17,36.7,36.8,36.4,36.4,1054830
1102,2013-06-14,36.3,36.5,36.1,36.3,2304260
1102,2013-06-13,36.5,36.6,36.4,36.4,4751253
1102,2013-06-11,37.45,37.45,36.2,36.7,4425047
1102,2013-06-10,37.45,37.45,37.15,37.35,1425113
1102,2013-06-07,36.4,37.3,36.25,37.3,3072724
1102,2013-06-06,36.6,36.95,35.95,36.6,5459849
1102,2013-06-05,36.7,37.2,36.55,37.2,2403499
1102,2013-06-04,37,37.05,36.8,37,2961901
1102,2013-06-03,36.9,37.15,36.35,36.95,3284968
1102,2013-05-31,37.2,37.5,37.05,37.05,3771472
1102,2013-05-30,37.15,37.55,37,37.25,4314003
1102,2013-05-29,37.45,37.7,37.35,37.7,1833048
1102,2013-05-28,37.3,37.55,37.2,37.55,1672499
1102,2013-05-27,37.35,37.45,37.15,37.3,570909
1102,2013-05-24,37.5,37.5,37.1,37.35,1499148
1102,2013-05-23,37.7,37.7,37.1,37.5,2734973
1102,2013-05-22,37.95,37.95,37.6,37.8,1911150
1102,2013-05-21,37.9,37.9,37.7,37.9,2084032
1102,2013-05-20,37.9,37.9,37.6,37.75,1804133
1102,2013-05-17,37.95,38,37.7,37.9,2758960
1102,2013-05-16,37.95,38,37.75,37.9,3685095
1102,2013-05-15,37.75,37.95,37.45,37.95,3623107
1102,2013-05-14,37.7,37.75,37.35,37.7,2476975
1102,2013-05-13,37.75,37.75,37.4,37.45,2894122
1102,2013-05-10,37.65,37.8,37.4,37.5,4589899
1102,2013-05-09,37.8,37.95,37.6,37.6,4478660
1102,2013-05-08,37.4,37.7,37.3,37.5,5504258
1102,2013-05-07,37.75,37.9,37.45,37.5,3998991
1102,2013-05-06,37.45,37.8,37.35,37.75,3279941
1102,2013-05-03,37.2,37.5,37.2,37.45,2935098
1102,2013-05-02,37.4,37.4,37.2,37.2,2271879
1102,2013-04-30,37.3,37.5,37.25,37.45,4934655
1102,2013-04-29,37.3,37.4,37.2,37.35,2268113
1102,2013-04-26,37.45,37.5,37.2,37.2,2744061
1102,2013-04-25,37.4,37.45,37.1,37.45,3322043
1102,2013-04-24,37.45,37.45,37.05,37.15,3239874
1102,2013-04-23,37.3,37.35,37,37.1,4317356
1102,2013-04-22,37.5,38,37,37.1,8905116
1102,2013-04-19,36.15,36.6,36,36.6,2309143
1102,2013-04-18,35.85,36.15,35.8,36,2553661
1102,2013-04-17,36.4,36.5,36.05,36.25,3723654
1102,2013-04-16,36.2,36.55,35.8,36.5,2631304
1102,2013-04-15,36.4,36.7,36.1,36.7,2660811
1102,2013-04-12,35.8,36.4,35.8,36.4,1433986
1102,2013-04-11,35.8,36.45,35.7,36.45,4245476
1102,2013-04-10,36,36,35.8,36,5277719
1102,2013-04-09,36,36,35.8,35.85,4281730
1102,2013-04-08,36.25,36.55,35.9,35.9,3525351
1102,2013-04-03,36.6,36.6,36.35,36.5,2169546
1102,2013-04-02,36.35,36.65,36,36.65,4180091
1102,2013-04-01,36.45,36.55,36.1,36.4,1853865
1102,2013-03-29,35.8,36.5,35.8,36.45,2384308
1102,2013-03-28,36.3,36.35,36,36.2,2335461
1102,2013-03-27,35.9,36.3,35.55,36.3,3660626
1102,2013-03-26,35.9,36.15,35.7,36.05,5058642
1102,2013-03-25,35.9,35.9,35.6,35.9,3366818
1102,2013-03-22,35.7,35.9,35.5,35.8,2818889
1102,2013-03-21,35.7,35.7,35.5,35.5,3457373
1102,2013-03-20,36.15,36.15,35.5,35.75,4051860
1102,2013-03-19,36,36.15,35.8,36.15,2917663
1102,2013-03-18,35.9,36,35.6,36,3627227
1102,2013-03-15,36.1,36.3,36,36,5757374
1102,2013-03-14,36.45,36.5,35.95,36.2,5850341
1102,2013-03-13,36.7,36.7,36.25,36.55,3990580
1102,2013-03-12,36.4,36.6,36.3,36.5,3701801
1102,2013-03-11,36.6,36.75,36.35,36.4,4111999
1102,2013-03-08,36.8,37,36.6,36.8,2229279
1102,2013-03-07,36.8,36.8,36.55,36.8,2850436
1102,2013-03-06,36.6,36.8,36.55,36.8,2494650
1102,2013-03-05,36.9,36.9,36.5,36.6,3214722
1102,2013-03-04,36.85,36.85,36.5,36.85,3814266
1102,2013-03-01,37.5,37.5,36.75,36.85,5255814
1102,2013-02-27,36.7,37.2,36.65,37,8167477
1102,2013-02-26,36.5,37.1,36.5,36.8,6073022
1102,2013-02-25,36.9,36.9,36.6,36.7,4894454
1102,2013-02-23,36.6,37.05,36.55,36.9,2114780
1102,2013-02-22,36.15,36.6,36.1,36.55,6171333
1102,2013-02-21,36.55,36.6,36.15,36.35,6015003
1102,2013-02-20,36.75,36.8,36.25,36.3,6451596
1102,2013-02-19,37.4,37.4,36.55,36.65,4320499
1102,2013-02-18,37.55,37.55,37.1,37.4,5947978
1102,2013-02-06,37.2,37.25,37,37.2,4447451
1102,2013-02-05,37.4,37.4,36.95,37.2,5442217
1102,2013-02-04,37.3,37.5,37.05,37.4,3736683
1102,2013-02-01,37.55,37.55,37.1,37.3,4136004
1102,2013-01-31,37.5,37.55,37.1,37.55,5420817
1102,2013-01-30,37,37.15,36.85,37,5875591
1102,2013-01-29,36.8,36.85,36.6,36.75,7497746
1102,2013-01-28,36.45,36.8,36.35,36.75,4065194
1102,2013-01-25,36.45,36.55,36.2,36.45,5107055
1102,2013-01-24,36.1,36.65,36,36.45,9069514
1102,2013-01-23,36.5,36.55,36.35,36.4,6308611
1102,2013-01-22,36.3,36.55,36.15,36.5,7789486
1102,2013-01-21,36.55,36.55,36,36.3,5319878
1102,2013-01-18,36.35,36.55,36.1,36.55,18766450
1102,2013-01-17,36,36.8,36,36.2,100257590
1102,2013-01-16,37.1,37.2,36.7,36.9,2713153
1102,2013-01-15,37.6,37.6,37.1,37.2,2601473
1102,2013-01-14,37.4,37.6,37.05,37.6,2566793
1102,2013-01-11,37.8,37.85,37.25,37.6,5346376
1102,2013-01-10,37.2,37.7,36.9,37.7,5475289
1102,2013-01-09,36.8,37.3,36.75,36.9,1729969
1102,2013-01-08,36.95,37,36.75,36.85,1535644
1102,2013-01-07,37,37.05,36.65,37,2796643
1102,2013-01-04,37.5,37.55,37,37.2,3016732
1102,2013-01-03,37.5,37.5,37.35,37.5,2193238
1102,2013-01-02,37.4,37.6,37.35,37.45,2856071
1102,2014-12-31,38.7,39,38.4,39,3453197
1102,2014-12-30,38.6,38.9,38.6,38.7,2302326
1102,2014-12-29,38.6,38.95,38.5,38.65,3332238
1102,2014-12-27,38.5,38.6,38.4,38.6,792803
1102,2014-12-26,38.35,38.5,38.2,38.5,1375813
1102,2014-12-25,38.25,38.5,38.2,38.35,2086947
1102,2014-12-24,37.8,38.3,37.75,38.25,3829000
1102,2014-12-23,37.85,38,37.7,37.85,1759735
1102,2014-12-22,38,38.05,37.8,37.85,1582763
1102,2014-12-19,37.5,37.95,37.4,37.85,3730867
1102,2014-12-18,37.25,37.25,36.9,37.25,3850205
1102,2014-12-17,37.5,37.65,36.8,36.85,8060911
1102,2014-12-16,37.8,38,37.5,37.5,3519987
1102,2014-12-15,38,38,37.55,38,4387713
1102,2014-12-12,38.05,38.25,37.95,38,4719366
1102,2014-12-11,38.2,38.3,38.05,38.15,4356519
1102,2014-12-10,38.65,38.65,38,38.55,5131212
1102,2014-12-09,38.75,38.8,38.4,38.65,3406609
1102,2014-12-08,39,39.25,38.8,38.8,2900692
1102,2014-12-05,39.2,39.3,38.85,38.85,2504419
1102,2014-12-04,39.2,39.25,38.8,39.2,3053348
1102,2014-12-03,38.75,39.25,38.3,39.1,2803789
1102,2014-12-02,38.8,38.8,38.5,38.55,2962736
1102,2014-12-01,39.05,39.25,38.7,38.8,4931837
1102,2014-11-28,39.55,39.75,39.55,39.7,2847679
1102,2014-11-27,39.65,39.8,39.55,39.55,2080864
1102,2014-11-26,39.65,39.85,39.5,39.5,2218552
1102,2014-11-25,39.9,39.95,39.65,39.9,5248934
1102,2014-11-24,39.9,40,39.75,39.9,3944489
1102,2014-11-21,39.6,39.65,39.5,39.5,3111435
1102,2014-11-20,39.45,39.6,39.3,39.6,3427349
1102,2014-11-19,39.2,39.55,39,39.4,6039563
1102,2014-11-18,39.1,39.25,38.9,39.15,2023305
1102,2014-11-17,39.35,39.45,38.9,39.1,2824844
1102,2014-11-14,39.6,39.65,39.2,39.3,1644389
1102,2014-11-13,39.3,39.7,39.1,39.7,3323462
1102,2014-11-12,39.25,39.3,39.05,39.3,3350706
1102,2014-11-11,39.3,39.4,39.2,39.25,2221297
1102,2014-11-10,38.75,39.45,38.75,39.25,2716547
1102,2014-11-07,39.05,39.05,38.75,38.75,2602382
1102,2014-11-06,39.3,39.35,39,39.15,1554964
1102,2014-11-05,39.25,39.35,38.95,39.3,1717160
1102,2014-11-04,39.3,39.4,39.05,39.15,2427340
1102,2014-11-03,39.2,39.35,38.95,39.05,2762146
1102,2014-10-31,39.4,39.4,39.05,39.2,3831293
1102,2014-10-30,39.25,39.25,38.95,39.1,2994100
1102,2014-10-29,39.8,39.85,39.15,39.25,3776444
1102,2014-10-28,39.4,39.75,39.4,39.45,5904902
1102,2014-10-27,39.1,39.15,38.8,39.15,2375899
1102,2014-10-24,39.1,39.1,38.55,38.85,2146203
1102,2014-10-23,39.1,39.1,38.75,38.95,1744905
1102,2014-10-22,38.75,39.15,38.55,39.05,2914757
1102,2014-10-21,38.3,38.8,38.3,38.5,2266971
1102,2014-10-20,38.35,38.75,38.3,38.3,1910002
1102,2014-10-17,38.75,38.85,38,38,4580295
1102,2014-10-16,38.95,38.95,38.35,38.45,4238231
1102,2014-10-15,38.75,39.15,38.4,38.95,6653298
1102,2014-10-14,38.3,39.15,38.15,38.45,4154141
1102,2014-10-13,38.1,38.65,38.05,38.2,2983846
1102,2014-10-09,38.65,39,38.35,39,2831320
1102,2014-10-08,38,38.7,38,38.65,6783741
1102,2014-10-07,38.3,38.5,38,38.05,2842569
1102,2014-10-06,38.85,38.85,38.2,38.2,3350436
1102,2014-10-03,38.35,38.85,38.05,38.75,1999379
1102,2014-10-02,38.55,38.55,38.05,38.05,3798437
1102,2014-10-01,39.2,39.2,38.3,38.6,2004690
1102,2014-09-30,38.8,39.1,38.2,38.85,3791873
1102,2014-09-29,39.4,39.4,38.7,38.7,5014679
1102,2014-09-26,39.3,39.3,38.9,39.15,1720857
1102,2014-09-25,39.8,39.8,39.25,39.3,3199375
1102,2014-09-24,39.2,39.85,39.1,39.85,3084203
1102,2014-09-23,38.7,39.2,38.7,39,1994494
1102,2014-09-22,39.2,39.2,38.55,38.7,4557139
1102,2014-09-19,40,40,39.15,39.15,5553990
1102,2014-09-18,39.95,40,39.7,39.8,2278021
1102,2014-09-17,39.95,40.2,39.8,39.95,3520206
1102,2014-09-16,40.15,40.2,39.7,39.75,2443345
1102,2014-09-15,40.2,40.45,39.85,40,3365585
1102,2014-09-12,40.2,40.5,40,40.2,4125828
1102,2014-09-11,39.55,39.8,39.5,39.8,4542966
1102,2014-09-10,40.1,40.1,39.4,39.45,7044364
1102,2014-09-09,40.6,40.75,40,40,6393734
1102,2014-09-05,40.8,40.95,40.4,40.5,4270744
1102,2014-09-04,41,41,40.6,40.65,4310659
1102,2014-09-03,40.8,41.1,40.7,41.1,4501310
1102,2014-09-02,41.4,41.4,40.5,40.6,5529905
1102,2014-09-01,41.15,41.4,40.9,41.15,2915426
1102,2014-08-29,41.5,41.6,41,41,5102914
1102,2014-08-28,41.6,41.65,41.15,41.65,10334309
1102,2014-08-27,43.5,43.9,43.4,43.8,9583889
1102,2014-08-26,43.8,43.9,43.15,43.4,8276872
1102,2014-08-25,44.5,44.5,43.75,43.8,3383338
1102,2014-08-22,43.8,44.2,43.8,44.15,7278035
1102,2014-08-21,43.5,43.8,43.45,43.8,3842723
1102,2014-08-20,43.35,43.5,43.3,43.45,4658072
1102,2014-08-19,42.55,43.3,42.5,43.2,6683897
1102,2014-08-18,42.6,42.65,42.3,42.35,3133667
1102,2014-08-15,42.6,42.6,42.3,42.35,5306841
1102,2014-08-14,42.25,42.3,42.1,42.3,4547365
1102,2014-08-13,41.9,42.55,41.9,42.25,5317756
1102,2014-08-12,41.9,41.95,41.25,41.9,5870224
1102,2014-08-11,41,41.95,41,41.85,6014734
1102,2014-08-08,41.6,41.6,40.85,41,4443201
1102,2014-08-07,41,41.3,40.85,41.3,3607086
1102,2014-08-06,41.1,41.1,40.7,40.7,4309156
1102,2014-08-05,42.2,42.2,40.85,41.05,7102441
1102,2014-08-04,41.65,42.4,41.5,42,5052019
1102,2014-08-01,41.2,41.75,41.2,41.65,3422465
1102,2014-07-31,42.6,42.6,41.7,41.8,5706228
1102,2014-07-30,42.35,42.45,42.2,42.4,7469695
1102,2014-07-29,41.2,42.3,41.2,42.15,7094119
1102,2014-07-28,41,41.2,40.9,41.2,3509659
1102,2014-07-25,40.9,41,40.8,41,1802972
1102,2014-07-24,41,41.1,40.6,41,2446294
1102,2014-07-22,40.8,41.15,40.7,41.15,3035997
1102,2014-07-21,40.7,40.85,40.55,40.75,3195002
1102,2014-07-18,40.7,40.95,40.65,40.65,2075800
1102,2014-07-17,40.95,41.3,40.5,40.95,3204090
1102,2014-07-16,40.95,41.05,40.8,41,3188302
1102,2014-07-15,41,41.1,40.75,40.85,1374762
1102,2014-07-14,41,41,40.8,40.85,2280575
1102,2014-07-11,41.1,41.5,40.75,40.85,3064002
1102,2014-07-10,41.1,41.55,41.1,41.55,3102738
1102,2014-07-09,41.35,41.4,40.95,41.4,2768625
1102,2014-07-08,41.2,41.35,40.8,41.35,2839066
1102,2014-07-07,40.7,41.35,40.7,41.3,2641163
1102,2014-07-04,40.75,41.4,40.6,41.15,3227366
1102,2014-07-03,40.9,41.05,40.4,40.75,2585383
1102,2014-07-02,41,41.2,40.5,40.9,1996206
1102,2014-07-01,41,41.3,40.85,41,2391820
1102,2014-06-30,40.8,41.1,40.5,40.9,3762304
1102,2014-06-27,40.7,40.95,40.55,40.75,4340379
1102,2014-06-26,40.4,40.95,40.4,40.7,4816264
1102,2014-06-25,40.35,40.75,40.2,40.55,5046509
1102,2014-06-24,40.05,40.55,40,40.4,6559084
1102,2014-06-23,40,40.2,39.9,40.1,5211349
1102,2014-06-20,40,40.3,39.9,40,7144162
1102,2014-06-19,39.95,40.1,39.8,40.1,10119240
1102,2014-06-18,39.7,39.95,39.5,39.95,6951596
1102,2014-06-17,39.6,39.85,39.5,39.7,4815780
1102,2014-06-16,36.9,39.75,36.9,39.5,6230810
1102,2014-06-13,39.7,39.75,39.25,39.65,4219857
1102,2014-06-12,39.45,39.75,39.15,39.75,2803865
1102,2014-06-11,39.9,39.95,39.05,39.25,5490649
1102,2014-06-10,39.5,39.9,39.25,39.9,5107471
1102,2014-06-09,38.95,39.55,38.95,39.35,5586212
1102,2014-06-06,38.9,39.4,38.9,39.4,4663360
1102,2014-06-05,38.9,39.15,38.7,38.9,7000398
1102,2014-06-04,38.9,39,38.8,38.85,5614602
1102,2014-06-03,39.05,39.35,39,39.25,4003698
1102,2014-05-30,38.95,39.4,38.9,39.05,6658284
1102,2014-05-29,38.8,39.05,38.8,38.95,5502532
1102,2014-05-28,39.2,39.2,38.75,39,6208792
1102,2014-05-27,39,39.2,38.8,39.05,2472259
1102,2014-05-26,38.75,39.1,38.6,38.9,2067623
1102,2014-05-23,38.7,39.05,38.6,38.75,3326718
1102,2014-05-22,39,39.2,38.7,38.8,8015361
1102,2014-05-21,39.2,39.4,38.95,39,4369772
1102,2014-05-20,40,40,39.4,39.4,4313968
1102,2014-05-19,40.3,40.35,39.7,40,3563376
1102,2014-05-16,39.6,40.3,39.5,40.3,4859560
1102,2014-05-15,40,40.25,39.7,39.7,2985012
1102,2014-05-14,39.8,40.15,39.6,40.15,6424294
1102,2014-05-13,39.3,39.9,39.25,39.8,4862798
1102,2014-05-12,39.3,39.3,38.9,39.2,3615063
1102,2014-05-09,39.4,39.4,38.8,39.35,4494136
1102,2014-05-08,39.25,39.5,38.95,39.2,4869130
1102,2014-05-07,39.55,39.6,38.9,39.1,5977340
1102,2014-05-06,39.45,39.55,39.15,39.5,4512873
1102,2014-05-05,40.1,40.2,39.1,39.4,4528798
1102,2014-05-02,39.8,40,39.8,40,4600783
1102,2014-04-30,39.85,39.9,39.3,39.7,10485271
1102,2014-04-29,39.25,39.75,39,39.7,5116431
1102,2014-04-28,39,39.4,38.75,39.2,5428113
1102,2014-04-25,40.2,40.3,39.5,39.5,6898484
1102,2014-04-24,40.2,40.25,39.9,40.2,6706817
1102,2014-04-23,39.7,40.25,39.6,40.2,10911370
1102,2014-04-22,39.7,39.7,39.4,39.65,4946371
1102,2014-04-21,39.55,39.7,39.45,39.65,4422012
1102,2014-04-18,39.5,39.55,39.3,39.55,5240343
1102,2014-04-17,39.6,39.6,39.25,39.5,16276419
1102,2014-04-16,39.5,39.6,39.25,39.35,10634908
1102,2014-04-15,39.6,39.6,39.1,39.4,11632108
1102,2014-04-14,39.8,39.85,38.55,38.65,7947170
1102,2014-04-11,39.05,39.9,38.85,39.7,12976181
1102,2014-04-10,38.5,39.05,38.35,39.05,10965196
1102,2014-04-09,38.3,38.45,38.2,38.3,6324179
1102,2014-04-08,38.5,38.5,38.05,38.3,4733212
1102,2014-04-07,38.3,38.65,38,38.25,6805790
1102,2014-04-03,38.35,38.4,38.15,38.25,6608916
1102,2014-04-02,38.3,38.5,38,38.25,9196516
1102,2014-04-01,38,38.25,37.7,38.25,8168139
1102,2014-03-31,38.15,38.15,37.5,38,9574910
1102,2014-03-28,38.25,38.25,37.5,37.7,14709122
1102,2014-03-27,37.4,38.3,37.2,38.3,67866923
1102,2014-03-26,38.25,38.35,38.15,38.3,2494529
1102,2014-03-25,37.65,38.25,37.65,38.25,2832870
1102,2014-03-24,37.3,37.65,37.25,37.65,1637267
1102,2014-03-21,37.2,37.5,37.2,37.3,3078071
1102,2014-03-20,37.5,37.8,37.35,37.7,3187613
1102,2014-03-19,38,38.05,37.5,37.55,2070723
1102,2014-03-18,38,38.3,37.8,38,2203971
1102,2014-03-17,37.8,38,37.55,37.75,2048964
1102,2014-03-14,37.55,38.2,37.4,37.65,2313319
1102,2014-03-13,38.2,38.4,37.85,38.2,3814263
1102,2014-03-12,38.3,38.5,38.2,38.5,1158524
1102,2014-03-11,38.4,38.45,37.9,38.4,2905667
1102,2014-03-10,38.1,38.25,38.05,38.2,2806313
1102,2014-03-07,38.3,38.7,38.2,38.45,6773137
1102,2014-03-06,38,38.35,38,38.1,3208760
1102,2014-03-05,38.2,38.25,38,38,2484446
1102,2014-03-04,37.6,38.1,37.6,38,3623608
1102,2014-03-03,38,38.1,37.35,38.05,4713669
1102,2014-02-27,38.25,38.45,38.15,38.3,4020341
1102,2014-02-26,38,38.45,37.95,38.25,4353383
1102,2014-02-25,37.8,38.2,37.75,38,4135404
1102,2014-02-24,38,38.05,37.5,37.8,2606335
1102,2014-02-21,37.8,38,37.8,38,5849586
1102,2014-02-20,37.75,37.8,37.6,37.75,2482975
1102,2014-02-19,37.7,37.8,37.4,37.8,2162026
1102,2014-02-18,37,37.7,37,37.7,2010161
1102,2014-02-17,37.5,37.7,37.3,37.3,1451737
1102,2014-02-14,37.6,37.7,37.45,37.65,2869475
1102,2014-02-13,37.45,37.55,37.2,37.4,2322564
1102,2014-02-12,36.9,37.45,36.7,37.45,2728137
1102,2014-02-11,36.3,36.7,36.3,36.6,1229362
1102,2014-02-10,36.5,36.8,36.45,36.45,3739433
1102,2014-02-07,36.35,36.6,36.2,36.5,2534063
1102,2014-02-06,35.9,36.15,35.8,36,8517952
1102,2014-02-05,36.7,36.7,35.6,36,11978718
1102,2014-01-27,37.5,37.6,37.05,37.3,6110552
1102,2014-01-24,37.5,37.8,37.5,37.7,3534646
1102,2014-01-23,37.9,37.9,37.55,37.6,3021164
1102,2014-01-22,37.7,37.9,37.7,37.9,1855675
1102,2014-01-21,37.5,37.8,37.5,37.6,2800857
1102,2014-01-20,37.65,37.8,37.55,37.6,2186803
1102,2014-01-17,37.8,37.8,37.5,37.6,2361021
1102,2014-01-16,37.7,37.85,37.6,37.6,3580668
1102,2014-01-15,37.4,37.85,37.35,37.6,4978801
1102,2014-01-14,37.35,37.5,37.3,37.3,2454503
1102,2014-01-13,37.6,37.75,37.3,37.3,4763242
1102,2014-01-10,37.5,37.6,37.3,37.45,4097587
1102,2014-01-09,37.6,37.75,37.3,37.45,5882747
1102,2014-01-08,37.7,38.05,37.5,37.55,5253687
1102,2014-01-07,37.5,37.95,37.5,37.6,4504095
1102,2014-01-06,37.75,37.85,37.5,37.5,3755481
1102,2014-01-03,38,38.05,37.6,37.75,3916818
1102,2014-01-02,38.6,38.65,38.05,38.1,1736282
1102,2015-12-31,27.2,27.4,27.1,27.4,1986790
1102,2015-12-30,27.55,27.6,27.1,27.15,2239026
1102,2015-12-29,27.8,27.8,27.2,27.5,2212145
1102,2015-12-28,27.8,28,27.7,27.8,2490969
1102,2015-12-25,27.8,27.8,27.65,27.75,777996
1102,2015-12-24,27.9,27.9,27.55,27.75,1463892
1102,2015-12-23,27.4,27.8,27.3,27.7,2763535
1102,2015-12-22,27.3,27.35,27,27.2,1697457
1102,2015-12-21,27,27.3,26.9,27.25,1367427
1102,2015-12-18,27.7,27.7,27.2,27.2,4521737
1102,2015-12-17,26.95,28,26.9,28,3605033
1102,2015-12-16,26.95,27.2,26.85,26.85,3507101
1102,2015-12-15,27,27.1,26.85,26.9,3320027
1102,2015-12-14,27,27.15,26.85,27,2382176
1102,2015-12-11,27.6,27.7,27.15,27.15,4371431
1102,2015-12-10,27.7,27.8,27.5,27.6,4929247
1102,2015-12-09,28,28.25,27.8,28,2946720
1102,2015-12-08,28.7,28.7,28,28.05,2904742
1102,2015-12-07,28.6,29.25,28.6,28.6,1872196
1102,2015-12-04,28.2,28.55,28,28.55,3693117
1102,2015-12-03,28.1,28.5,28,28.4,2447838
1102,2015-12-02,28.35,28.45,28,28.25,3235670
1102,2015-12-01,27.95,28.9,27.75,28.85,5125306
1102,2015-11-30,28.2,28.3,27.6,27.65,11470179
1102,2015-11-27,29.15,29.15,28.3,28.55,3708486
1102,2015-11-26,28.6,29.3,28.6,29.2,3364962
1102,2015-11-25,28.75,28.8,28.2,28.5,4159002
1102,2015-11-24,28.8,28.95,28.55,28.8,4822846
1102,2015-11-23,29.1,29.25,28.65,28.8,4624742
1102,2015-11-20,29.5,29.5,28.9,29.1,3283787
1102,2015-11-19,29.1,29.4,28.8,29.4,5313485
1102,2015-11-18,30,30.1,28.9,28.9,8132281
1102,2015-11-17,30,30.2,29.75,29.9,5702401
1102,2015-11-16,30,30.45,29.85,30,7469022
1102,2015-11-13,31.95,31.95,30.5,30.65,12764068
1102,2015-11-12,32,32.7,32,32,7673553
1102,2015-11-11,32.95,33.05,32.65,32.75,3089999
1102,2015-11-10,33.3,33.3,32.55,32.95,3510196
1102,2015-11-09,33.9,34,33.6,33.65,2321236
1102,2015-11-06,34.35,34.5,33.9,34.25,4525939
1102,2015-11-05,34.85,34.85,34.35,34.45,3210713
1102,2015-11-04,34.6,35,34.4,34.85,4698881
1102,2015-11-03,34.4,34.65,34.15,34.55,3566148
1102,2015-11-02,33.75,34.15,33.7,34.15,1428359
1102,2015-10-30,34.05,34.2,33.75,33.75,2912563
1102,2015-10-29,34.5,34.5,34.05,34.3,2399226
1102,2015-10-28,34.5,34.8,34.25,34.6,2218935
1102,2015-10-27,34.4,34.6,34.3,34.5,2250113
1102,2015-10-26,34.6,34.65,34.5,34.6,2807123
1102,2015-10-23,35,35,34.35,34.6,3075273
1102,2015-10-22,34.1,34.5,34,34.35,2176494
1102,2015-10-21,34.5,34.65,34,34.1,3492158
1102,2015-10-20,34.4,34.5,34.25,34.45,4316951
1102,2015-10-19,34.4,34.55,34.05,34.3,2520287
1102,2015-10-16,34,34.4,34,34.4,2867807
1102,2015-10-15,34.2,34.4,34,34,2968352
1102,2015-10-14,33.9,34.3,33.85,33.85,2707326
1102,2015-10-13,34.5,34.5,33.85,34.45,3610290
1102,2015-10-12,33.6,34.65,33.6,34.65,4666955
1102,2015-10-08,34.2,34.2,33.6,33.6,2100032
1102,2015-10-07,33.8,34.2,33.5,34.2,3732921
1102,2015-10-06,33.5,34,33.2,33.95,4204037
1102,2015-10-05,32.85,33.5,32.8,33.5,2456585
1102,2015-10-02,32.45,32.7,32.45,32.6,1651166
1102,2015-10-01,32.2,32.7,32,32.45,3401601
1102,2015-09-30,32,32.3,31.85,32.2,7360822
1102,2015-09-25,32.45,32.55,32.05,32.4,2683614
1102,2015-09-24,32.9,33,32.3,32.45,3800756
1102,2015-09-23,32.95,33.15,32.8,32.9,2895432
1102,2015-09-22,33.1,33.5,32.95,33.25,2508276
1102,2015-09-21,33.4,33.55,33.1,33.1,2321092
1102,2015-09-18,33.95,33.95,33.35,33.35,5056307
1102,2015-09-17,34.15,34.4,33.8,33.95,4726557
1102,2015-09-16,33.95,33.95,33.75,33.95,2200928
1102,2015-09-15,33.95,34.25,33.7,33.95,2427329
1102,2015-09-14,34,34.1,33.55,33.95,2807638
1102,2015-09-11,33.1,34.2,33.1,34.1,2971676
1102,2015-09-10,33.6,33.8,33.25,33.4,5054397
1102,2015-09-09,33.3,33.8,33.05,33.65,5645985
1102,2015-09-08,32.95,33.1,32.65,32.8,2149363
1102,2015-09-07,32.85,32.95,32.65,32.95,2447415
1102,2015-09-04,32.65,33,32.55,32.85,2243281
1102,2015-09-03,32.8,32.9,32.55,32.85,2954269
1102,2015-09-02,32.4,33.05,32.2,32.6,3997307
1102,2015-09-01,33.1,33.15,32.5,32.6,4680267
1102,2015-08-31,35.1,35.1,34.3,34.95,6961346
1102,2015-08-28,34,35.1,33.85,35.1,6854711
1102,2015-08-27,33.3,33.8,33.2,33.6,6781104
1102,2015-08-26,32.8,33.4,32.35,33,4299683
1102,2015-08-25,32.3,34,32.1,33,5946333
1102,2015-08-24,33.4,33.45,30.65,32.3,6879221
1102,2015-08-21,34,34.15,33.85,33.95,4965453
1102,2015-08-20,34.75,34.8,34.1,34.15,4363870
1102,2015-08-19,35.05,35.2,34.85,34.95,3211265
1102,2015-08-18,35.1,35.25,35,35.05,3011746
1102,2015-08-17,34.9,35.2,34.7,35,1587247
1102,2015-08-14,34.8,34.9,34.35,34.75,2352490
1102,2015-08-13,34.6,35.25,34.6,34.7,4884182
1102,2015-08-12,35.1,35.15,34.2,34.3,4365993
1102,2015-08-11,35.65,35.65,34.6,34.85,3791175
1102,2015-08-10,35.55,35.6,35.35,35.35,1637268
1102,2015-08-07,35.25,35.4,34.9,35.35,3658860
1102,2015-08-06,35.85,35.85,35.2,35.5,3415495
1102,2015-08-05,35.25,35.85,34.85,35.75,3914584
1102,2015-08-04,35.1,35.3,34.85,35.3,2235586
1102,2015-08-03,34.6,35.1,34.1,34.95,3000998
1102,2015-07-31,35.2,35.2,34.55,34.65,3373824
1102,2015-07-30,34.75,35.25,34.65,35.2,3879080
1102,2015-07-29,35.05,35.05,34.6,34.6,3014073
1102,2015-07-28,35.25,35.35,35,35,4542379
1102,2015-07-27,35.35,35.5,35.1,35.15,3445824
1102,2015-07-24,35.6,35.6,35.2,35.35,2137811
1102,2015-07-23,35.7,35.85,35.6,35.6,2464143
1102,2015-07-22,35.7,35.85,35.55,35.7,1806948
1102,2015-07-21,35.5,35.8,35.4,35.7,1908962
1102,2015-07-20,35.95,36,35.35,35.35,2321958
1102,2015-07-17,35.7,35.95,35.5,35.6,3012234
1102,2015-07-16,36.35,36.4,35.7,35.75,3041483
1102,2015-07-15,36.3,36.35,35.95,36,2754816
1102,2015-07-14,36,36.4,35.75,36.35,4371801
1102,2015-07-13,35.3,35.95,35.1,35.95,5097293
1102,2015-07-09,35.55,35.55,34.9,35,7698913
1102,2015-07-08,36.1,36.15,35.6,35.65,5777430
1102,2015-07-07,36.6,36.6,36.3,36.3,1972685
1102,2015-07-06,36.35,36.5,36,36.5,3869765
1102,2015-07-03,36.3,36.4,36.05,36.4,3535914
1102,2015-07-02,36.5,36.5,36.25,36.3,3075400
1102,2015-07-01,36.3,36.5,36.1,36.35,3805866
1102,2015-06-30,36.25,36.5,36.05,36.5,4442261
1102,2015-06-29,36.6,36.6,36.2,36.2,2277112
1102,2015-06-26,37,37.05,36.45,36.55,3290078
1102,2015-06-25,36.8,37.5,36.7,36.95,5623597
1102,2015-06-24,36.35,36.8,36.3,36.8,2147454
1102,2015-06-23,36.5,36.55,36.3,36.35,3431560
1102,2015-06-22,36.05,36.7,36,36.45,4273568
1102,2015-06-18,36.1,36.2,36,36.05,4627700
1102,2015-06-17,36.55,36.7,36,36.15,5686186
1102,2015-06-16,36.5,36.55,36.25,36.55,3704723
1102,2015-06-15,36.5,36.75,36.4,36.5,2650972
1102,2015-06-12,36.75,36.75,36.4,36.4,3836574
1102,2015-06-11,37.15,37.15,36.7,36.75,4316150
1102,2015-06-10,37.2,37.4,37.1,37.15,2432680
1102,2015-06-09,37.65,37.65,37.05,37.2,2711104
1102,2015-06-08,37,37.7,36.9,37.7,4759248
1102,2015-06-05,37.4,37.4,37,37,6147441
1102,2015-06-04,38.15,38.2,37.3,37.45,6672833
1102,2015-06-03,38.25,38.3,38,38.15,3548373
1102,2015-06-02,38,38.2,38,38.05,3431072
1102,2015-06-01,38.8,38.8,38,38,6839014
1102,2015-05-29,38.25,38.95,38.15,38.9,12513852
1102,2015-05-28,38.6,38.65,38.25,38.25,3326443
1102,2015-05-27,38.5,38.6,38.25,38.6,2182706
1102,2015-05-26,38.4,38.5,38.3,38.5,1420421
1102,2015-05-25,38.45,38.45,38.1,38.25,1647438
1102,2015-05-22,38.5,38.5,38.1,38.4,1978488
1102,2015-05-21,38.3,38.4,38.05,38.4,4629837
1102,2015-05-20,38.6,38.7,38.3,38.65,2676345
1102,2015-05-19,38.6,38.7,38.4,38.7,1941842
1102,2015-05-18,38.7,38.7,38.25,38.55,2537143
1102,2015-05-15,38.4,38.45,38.15,38.2,1848869
1102,2015-05-14,38.45,38.45,38.1,38.35,3205140
1102,2015-05-13,38.15,38.7,38.15,38.45,4550973
1102,2015-05-12,38.45,38.5,38.15,38.15,3833368
1102,2015-05-11,38.6,38.6,38.15,38.45,3082897
1102,2015-05-08,38.5,38.6,38.4,38.55,3232893
1102,2015-05-07,38.6,38.65,38.45,38.5,3366265
1102,2015-05-06,38.6,38.75,38.55,38.6,3158320
1102,2015-05-05,38.75,38.8,38.55,38.8,3190390
1102,2015-05-04,38.85,38.9,38.7,38.75,2331637
1102,2015-04-30,39.15,39.3,38.8,38.8,5897824
1102,2015-04-29,39.3,39.7,38.9,39.15,3983234
1102,2015-04-28,39.65,39.65,39.25,39.55,4556616
1102,2015-04-27,39.6,39.7,39.35,39.65,4113949
1102,2015-04-24,39.15,39.85,39.15,39.6,6440403
1102,2015-04-23,38.8,39.3,38.7,39.15,5096291
1102,2015-04-22,38.65,38.9,38.55,38.7,4110345
1102,2015-04-21,38.65,38.9,38.65,38.9,1122546
1102,2015-04-20,38.5,38.8,38.45,38.8,2197046
1102,2015-04-17,38.6,38.75,38.55,38.7,1904488
1102,2015-04-16,38.5,38.9,38.5,38.9,4766570
1102,2015-04-15,38.95,38.95,38.5,38.5,5378788
1102,2015-04-14,39.05,39.05,38.9,39,4258009
1102,2015-04-13,39,39.3,39,39.1,2543553
1102,2015-04-10,39.55,39.6,39.25,39.3,4089448
1102,2015-04-09,39.3,39.7,39.25,39.5,5455902
1102,2015-04-08,39.3,39.4,39,39.3,4529786
1102,2015-04-07,39.3,39.4,39.2,39.3,4180149
1102,2015-04-02,39.25,39.4,39.05,39.1,2799907
1102,2015-04-01,39.2,39.4,38.85,39.2,4019164
1102,2015-03-31,39.05,39.5,39,39.35,6824849
1102,2015-03-30,38.4,38.95,38.35,38.9,3153603
1102,2015-03-27,39,39,38.5,38.5,3633406
1102,2015-03-26,38.3,39,38.25,39,6892439
1102,2015-03-25,38.4,38.5,38.35,38.35,1821084
1102,2015-03-24,38.3,38.5,38.3,38.45,2251247
1102,2015-03-23,38.2,38.45,38.2,38.3,1644328
1102,2015-03-20,38.3,38.45,38.1,38.1,6204632
1102,2015-03-19,38.4,38.6,38.3,38.5,3273157
1102,2015-03-18,38.1,38.4,38.05,38.4,3524715
1102,2015-03-17,38.15,38.6,38.15,38.15,2991108
1102,2015-03-16,38.35,38.5,38.15,38.15,3230276
1102,2015-03-13,38.35,38.55,38.35,38.5,2793779
1102,2015-03-12,38.15,38.6,38,38.35,4201027
1102,2015-03-11,38,38.3,38,38,3723434
1102,2015-03-10,38.1,38.25,38.05,38.05,2739156
1102,2015-03-09,38.3,38.4,38.05,38.1,2949955
1102,2015-03-06,38.3,38.4,38.3,38.3,3315601
1102,2015-03-05,38.55,38.6,38.3,38.3,2228025
1102,2015-03-04,38.55,38.65,38.35,38.55,2124247
1102,2015-03-03,38.85,38.9,38.35,38.4,3518590
1102,2015-03-02,38.95,38.95,38.75,38.85,4143343
1102,2015-02-26,39,39.05,38.65,38.7,6276602
1102,2015-02-25,39.1,39.15,38.95,39.1,6634841
1102,2015-02-24,38.65,39,38.6,39,7196259
1102,2015-02-13,38.5,38.65,38.3,38.6,3457753
1102,2015-02-12,38.55,38.6,38.3,38.6,2426209
1102,2015-02-11,38.5,38.6,38.25,38.3,2257302
1102,2015-02-10,38.5,38.6,38.2,38.2,3177459
1102,2015-02-09,38.65,38.7,38.25,38.65,1601975
1102,2015-02-06,38.55,38.7,38.35,38.7,2801537
1102,2015-02-05,38.3,38.5,38.2,38.5,3018380
1102,2015-02-04,38.3,38.35,38.05,38.35,5748051
1102,2015-02-03,38.15,38.3,38.05,38.3,2659121
1102,2015-02-02,38.2,38.35,38,38.15,2510870
1102,2015-01-30,38.5,38.65,38.1,38.1,3436528
1102,2015-01-29,38.8,38.8,38.3,38.65,2384334
1102,2015-01-28,38.6,38.85,38.55,38.85,2197760
1102,2015-01-27,38.65,38.85,38.5,38.85,2599685
1102,2015-01-26,38.7,38.75,38.4,38.65,1934340
1102,2015-01-23,38.8,38.8,38.5,38.75,3288310
1102,2015-01-22,38.7,38.8,38.5,38.8,2754927
1102,2015-01-21,38.4,38.7,38.2,38.7,3788922
1102,2015-01-20,38.1,38.4,38.05,38.4,1448897
1102,2015-01-19,38.25,38.5,38.1,38.4,3011546
1102,2015-01-16,38.1,38.35,37.65,38.25,3799156
1102,2015-01-15,38.2,38.25,37.95,38.1,1918562
1102,2015-01-14,38.3,38.3,37.8,38,4253547
1102,2015-01-13,37.95,38.45,37.8,38.45,2118572
1102,2015-01-12,38.3,38.45,37.8,38,2796320
1102,2015-01-09,38.45,38.55,38.3,38.45,1786776
1102,2015-01-08,38.05,38.45,38,38.45,3532693
1102,2015-01-07,37.6,38.4,37.45,38,4653231
1102,2015-01-06,37.9,37.95,37.55,37.6,4411680
1102,2015-01-05,38.9,38.9,38.1,38.25,2967077
1102,2016-12-30,26.45,26.45,26.2,26.35,3347703
1102,2016-12-29,26.45,26.5,26.15,26.2,3206850
1102,2016-12-28,26.2,26.45,26.2,26.45,1504066
1102,2016-12-27,26.25,26.35,26.15,26.3,1431994
1102,2016-12-26,26.2,26.4,26.2,26.25,1179084
1102,2016-12-23,26.3,26.45,26.2,26.2,2582398
1102,2016-12-22,26.8,26.8,26.4,26.4,2859148
1102,2016-12-21,27.2,27.25,26.7,26.8,3122379
1102,2016-12-20,27.25,27.3,27.05,27.15,1404433
1102,2016-12-19,27.45,27.45,27.05,27.05,2205585
1102,2016-12-16,28,28.05,27.55,27.55,3053204
1102,2016-12-15,27.7,28.1,27.7,28.05,2511421
1102,2016-12-14,27.95,28.05,27.85,27.95,1976668
1102,2016-12-13,28.1,28.1,27.7,27.8,3086131
1102,2016-12-12,28.1,28.2,28.05,28.1,3416460
1102,2016-12-09,28.05,28.2,27.95,28.05,4461724
1102,2016-12-08,27.8,28.05,27.75,28.05,6213097
1102,2016-12-07,27.75,27.8,27.55,27.65,2226215
1102,2016-12-06,27.65,27.7,27.4,27.65,2747888
1102,2016-12-05,27.9,27.9,27.2,27.35,3473935
1102,2016-12-02,27.8,27.9,27.65,27.85,3774816
1102,2016-12-01,27.75,28,27.5,27.95,6894577
1102,2016-11-30,27,28.05,26.55,28.05,39639113
1102,2016-11-29,27.2,27.2,26.8,27,2936602
1102,2016-11-28,26.4,27.15,26.4,27.15,4512341
1102,2016-11-25,26.85,27,26.3,26.35,4726278
1102,2016-11-24,26.65,26.95,26.65,26.9,2290775
1102,2016-11-23,27,27,26.75,26.8,3025261
1102,2016-11-22,26.2,26.85,26.2,26.7,3342304
1102,2016-11-21,26.05,26.4,26.05,26.35,2183787
1102,2016-11-18,26.05,26.3,26,26.05,3217950
1102,2016-11-17,26.5,26.55,26.05,26.05,5630718
1102,2016-11-16,26.8,26.85,26.5,26.55,2608653
1102,2016-11-15,26.65,26.8,26.6,26.6,2692339
1102,2016-11-14,27,27,26.55,26.65,3908762
1102,2016-11-11,27.05,27.25,26.7,26.7,4429228
1102,2016-11-10,27.25,27.5,27.15,27.3,2733100
1102,2016-11-09,27.7,27.75,26.6,26.75,4781495
1102,2016-11-08,27.75,27.75,27.3,27.35,2309652
1102,2016-11-07,27,27.35,27,27.1,1539956
1102,2016-11-04,27,27.2,27,27,1291962
1102,2016-11-03,27.05,27.15,26.95,27,1911919
1102,2016-11-02,27.2,27.3,27.1,27.2,2239765
1102,2016-11-01,27.35,27.65,27.3,27.5,1530844
1102,2016-10-31,27.6,27.7,27.2,27.55,4235611
1102,2016-10-28,27.85,28,27.55,27.95,3109212
1102,2016-10-27,27.8,27.9,27.65,27.85,2476369
1102,2016-10-26,28.2,28.2,27.65,27.7,3685915
1102,2016-10-25,27.3,28.1,27.2,28,7573022
1102,2016-10-24,27.1,27.2,26.85,27.05,3048448
1102,2016-10-21,27,27.4,26.8,26.85,5203564
1102,2016-10-20,27.2,27.3,26.9,26.95,3175801
1102,2016-10-19,27,27.3,27,27.2,2173489
1102,2016-10-18,26.7,27.2,26.6,27,1958883
1102,2016-10-17,27,27.05,26.6,26.7,3359118
1102,2016-10-14,26.9,27.3,26.8,27,2775636
1102,2016-10-13,27.45,27.5,26.5,26.85,6284084
1102,2016-10-12,27.75,27.95,27.5,27.5,2125520
1102,2016-10-11,27.9,27.9,27.65,27.85,1637824
1102,2016-10-07,27.8,28,27.75,27.75,1701990
1102,2016-10-06,27.7,27.9,27.65,27.75,1677816
1102,2016-10-05,27.4,27.8,27.3,27.7,2048410
1102,2016-10-04,27.6,27.65,27.45,27.5,1535747
1102,2016-10-03,27.4,27.7,27.4,27.5,1396973
1102,2016-09-30,27.9,27.95,27.1,27.4,3861537
1102,2016-09-29,27.75,28,27.5,28,4838622
1102,2016-09-26,27.4,27.45,27.3,27.3,2215006
1102,2016-09-23,27.5,27.55,27.1,27.4,4608384
1102,2016-09-22,27.65,27.75,27.15,27.3,4239521
1102,2016-09-21,26.35,27.1,26.3,27.1,3236178
1102,2016-09-20,26.45,26.6,26.3,26.3,1948192
1102,2016-09-19,26.8,26.9,25.85,26.5,6028696
1102,2016-09-14,26.3,26.7,26.2,26.6,6181686
1102,2016-09-13,26.6,26.85,26.3,26.35,5290973
1102,2016-09-12,27.05,27.05,26.6,26.6,4819492
1102,2016-09-10,27.3,27.45,27.3,27.3,1646385
1102,2016-09-09,28,28,27.65,27.65,2539790
1102,2016-09-08,28.7,28.7,28.2,28.2,2141258
1102,2016-09-07,28.8,29,28.65,28.85,2195504
1102,2016-09-06,27.9,28.7,27.9,28.65,2868926
1102,2016-09-05,27.6,28.25,27.6,27.85,1407629
1102,2016-09-02,27.6,27.7,27.3,27.5,2084079
1102,2016-09-01,28.25,28.25,27.5,27.5,4671237
1102,2016-08-31,29.15,29.15,28.35,28.35,7029056
1102,2016-08-30,30.35,30.35,30.15,30.2,4887314
1102,2016-08-29,30.6,30.7,30,30.35,3319432
1102,2016-08-26,30.95,31,30.45,30.6,2333296
1102,2016-08-25,30.9,31.05,30.85,30.95,3128543
1102,2016-08-24,30.9,31.15,30.65,30.8,2327651
1102,2016-08-23,30,30.95,29.95,30.9,6454381
1102,2016-08-22,30.1,30.15,29.75,30,2408507
1102,2016-08-19,29.6,30.5,29.6,30.3,6370287
1102,2016-08-18,29.5,29.55,29.3,29.5,3350849
1102,2016-08-17,29.35,29.55,29.1,29.55,2419867
1102,2016-08-16,29.4,29.4,29.05,29.35,2684528
1102,2016-08-15,29.55,29.55,29.2,29.4,1255449
1102,2016-08-12,29.55,29.55,29.25,29.55,2647943
1102,2016-08-11,29.05,29.55,29,29.55,4578743
1102,2016-08-10,29.15,29.45,29,29.45,2947230
1102,2016-08-09,29.3,29.5,29,29.5,2498250
1102,2016-08-08,29.55,29.55,29.2,29.55,2281640
1102,2016-08-05,29.5,29.65,29.3,29.55,2499182
1102,2016-08-04,29.7,29.75,29.1,29.5,2734624
1102,2016-08-03,29.1,29.8,28.85,29.7,2718587
1102,2016-08-02,29.35,29.5,29.15,29.5,2006857
1102,2016-08-01,29.2,29.5,29.1,29.35,2180124
1102,2016-07-29,29.45,29.45,29,29.2,2745399
1102,2016-07-28,29,29.5,28.8,29.45,4607529
1102,2016-07-27,28.8,29,28.55,29,3086083
1102,2016-07-26,28.9,28.95,28.6,28.8,2705942
1102,2016-07-25,28.85,28.95,28.55,28.95,3009870
1102,2016-07-22,29,29.05,28.55,28.85,2712865
1102,2016-07-21,28.9,29.1,28.65,29,4827836
1102,2016-07-20,28.8,28.95,28.6,28.9,4356729
1102,2016-07-19,28.7,29,28.55,28.9,5021942
1102,2016-07-18,28.8,28.9,28.5,28.7,3045490
1102,2016-07-15,28.7,28.75,28.6,28.7,4063742
1102,2016-07-14,28.6,28.7,28.3,28.7,3568810
1102,2016-07-13,28.4,28.8,28.05,28.7,6307153
1102,2016-07-12,27.95,28.05,27.65,27.8,3404219
1102,2016-07-11,27.9,28.15,27.65,27.95,5743946
1102,2016-07-07,27.45,27.9,27.45,27.75,2409695
1102,2016-07-06,28.4,28.4,27.2,27.45,3645041
1102,2016-07-05,28.45,28.5,28.05,28.5,1577709
1102,2016-07-04,28.5,28.7,28.25,28.45,2321505
1102,2016-07-01,28.05,28.9,28.05,28.5,6733335
1102,2016-06-30,27.85,28,27.6,27.9,3020239
1102,2016-06-29,27.75,27.85,27.45,27.85,2391147
1102,2016-06-28,27.8,27.8,27.3,27.55,2279613
1102,2016-06-27,27.4,28.1,27.3,28,2399782
1102,2016-06-24,28.1,28.45,26.7,27.4,5334335
1102,2016-06-23,28.45,28.45,27.75,28,2484735
1102,2016-06-22,28,28.5,27.9,28.45,9415005
1102,2016-06-21,28.05,28.1,27.5,27.95,5375972
1102,2016-06-20,26.85,28.1,26.8,28.1,7747366
1102,2016-06-17,25.45,26.45,25.45,26.45,11381416
1102,2016-06-16,25.6,25.65,24.75,25.15,2992859
1102,2016-06-15,25.5,25.65,25.15,25.55,2248924
1102,2016-06-14,25.15,25.55,25.05,25.5,1864457
1102,2016-06-13,26,26,25,25.15,3378376
1102,2016-06-08,25.75,26.1,25.65,26,5184287
1102,2016-06-07,25.25,25.8,25.2,25.75,5899948
1102,2016-06-06,25.75,25.8,24.6,24.8,3236402
1102,2016-06-04,25.8,25.8,25.5,25.55,561287
1102,2016-06-03,25.2,25.85,25.15,25.8,4536269
1102,2016-06-02,25,25.25,24.8,24.9,2974874
1102,2016-06-01,24.85,25.15,24.7,24.95,2520754
1102,2016-05-31,24.6,24.85,24.5,24.85,6915010
1102,2016-05-30,24.45,24.75,24.3,24.6,3628005
1102,2016-05-27,23.7,24.45,23.7,24.45,4641670
1102,2016-05-26,23.7,23.85,23,23.85,8508947
1102,2016-05-25,24.25,24.3,24,24.15,3184382
1102,2016-05-24,24.45,24.6,23.9,23.95,3393883
1102,2016-05-23,23.8,24.55,23.5,24.45,4937467
1102,2016-05-20,23.9,24.1,23.8,23.8,3696441
1102,2016-05-19,24.2,24.2,23.65,23.9,6484052
1102,2016-05-18,24.45,24.5,24.25,24.25,4502790
1102,2016-05-17,24.6,24.7,24.3,24.7,5034981
1102,2016-05-16,24.85,24.95,24.3,24.75,5416834
1102,2016-05-13,26,26,25.15,25.55,5053932
1102,2016-05-12,25.6,26.3,25.55,26,3094327
1102,2016-05-11,26.65,26.85,25.6,25.6,6766823
1102,2016-05-10,26.8,26.9,26.55,26.55,3834513
1102,2016-05-09,27.3,27.35,26.8,26.8,3161575
1102,2016-05-06,27.2,27.5,27,27.2,6067861
1102,2016-05-05,27.6,27.9,27.05,27.15,3802659
1102,2016-05-04,28.6,28.65,27.3,27.45,5053590
1102,2016-05-03,28.7,28.95,28.3,28.65,3776543
1102,2016-04-29,28.9,29.1,28.5,28.75,3940506
1102,2016-04-28,29.45,29.5,28.7,29.05,3164120
1102,2016-04-27,29.3,29.5,29.15,29.25,2982986
1102,2016-04-26,29.35,29.8,29.15,29.5,3376790
1102,2016-04-25,29.1,29.6,29,29.25,1455517
1102,2016-04-22,29.25,29.7,29.05,29.25,1950013
1102,2016-04-21,28.9,29.75,28.85,29.6,2293637
1102,2016-04-20,29.55,29.85,28.9,28.9,4096650
1102,2016-04-19,30,30.3,29.05,29.15,4976539
1102,2016-04-18,29.9,30.2,29.45,30,4326144
1102,2016-04-15,29.55,29.95,29.35,29.9,4857781
1102,2016-04-14,29,29.9,28.9,29.55,5425053
1102,2016-04-13,28,28.85,27.95,28.75,5139250
1102,2016-04-12,27.75,28,27.6,27.95,2654265
1102,2016-04-11,27.1,27.75,26.85,27.75,3870566
1102,2016-04-08,27.45,27.7,27.1,27.55,3790189
1102,2016-04-07,27.75,27.75,27.1,27.55,5093832
1102,2016-04-06,29,29.05,28,28,5056866
1102,2016-04-01,29.2,29.4,28.5,28.7,5127820
1102,2016-03-31,29.95,30,29.4,29.4,5013442
1102,2016-03-30,29.2,30.05,29.2,29.95,4232174
1102,2016-03-29,29.3,29.45,28.75,29.1,2365311
1102,2016-03-28,29.5,29.55,29.25,29.35,1944518
1102,2016-03-25,30.05,30.1,29.8,29.9,934394
1102,2016-03-24,30.3,30.4,30,30.2,1652302
1102,2016-03-23,30.4,30.55,30.15,30.5,2587998
1102,2016-03-22,29.8,30.55,29.6,30.55,4872909
1102,2016-03-21,30.2,30.2,29.7,30,3798425
1102,2016-03-18,29.6,30.5,29.6,30.25,11875030
1102,2016-03-17,29.5,29.75,29.15,29.6,4530745
1102,2016-03-16,29.15,29.6,28.95,29.6,3111088
1102,2016-03-15,29,29.5,28.9,29.15,4080331
1102,2016-03-14,30.05,30.05,29.25,29.25,4691052
1102,2016-03-11,29.35,29.75,29.1,29.6,2894313
1102,2016-03-10,29.1,29.35,28.9,29.35,3478119
1102,2016-03-09,29.25,29.25,28.35,29.1,4075974
1102,2016-03-08,29.2,29.35,28.55,29.3,4869791
1102,2016-03-07,28,29,27.95,29,5141245
1102,2016-03-04,28.1,28.2,27.9,27.95,3393822
1102,2016-03-03,27.5,28.1,27.5,28.1,5894454
1102,2016-03-02,27.75,28.1,27.45,27.45,3736002
1102,2016-03-01,27.6,27.85,27.4,27.55,3516923
1102,2016-02-26,27.8,28,27.55,27.6,4744740
1102,2016-02-25,27.5,27.75,27.35,27.75,3595097
1102,2016-02-24,27.1,27.5,27.05,27.3,2866938
1102,2016-02-23,27.3,27.4,27.05,27.1,2692656
1102,2016-02-22,27,27.5,26.95,27.3,2745331
1102,2016-02-19,27,27.15,26.8,26.95,2694076
1102,2016-02-18,27,27.2,26.8,27,3855884
1102,2016-02-17,26.9,27,26.5,27,2428908
1102,2016-02-16,25.8,26.8,25.6,26.8,3582437
1102,2016-02-15,25.5,25.9,25.35,25.8,2961207
1102,2016-02-03,25.65,25.8,25.2,25.6,3987584
1102,2016-02-02,26.05,26.15,25.9,26.15,2118238
1102,2016-02-01,26.25,26.45,25.9,26.45,2397840
1102,2016-01-30,26.05,26.3,26.05,26.25,1016612
1102,2016-01-29,25,26.05,25,26.05,4913873
1102,2016-01-28,25.05,25.25,24.95,25.15,2570241
1102,2016-01-27,25,25.25,24.9,25.05,2431325
1102,2016-01-26,25.1,25.15,24.9,24.95,2873378
1102,2016-01-25,25.1,25.4,25.1,25.3,2361853
1102,2016-01-22,25.3,25.4,25,25.1,1683817
1102,2016-01-21,25.4,25.4,25,25.05,3238567
1102,2016-01-20,25.3,25.4,25.05,25.4,5725841
1102,2016-01-19,25.4,25.6,25.2,25.5,1998562
1102,2016-01-18,25.15,25.7,25,25.4,3697859
1102,2016-01-15,25.5,25.65,25.15,25.5,3445095
1102,2016-01-14,25.5,25.8,25.15,25.5,2046754
1102,2016-01-13,25.6,25.95,25.45,25.85,2720288
1102,2016-01-12,25.6,25.8,25.35,25.55,2791276
1102,2016-01-11,25.8,25.95,25.5,25.7,4830402
1102,2016-01-08,26.15,26.15,25.75,26,5233511
1102,2016-01-07,26,26.7,25.95,26.15,5483126
1102,2016-01-06,26,26.2,25.85,25.95,3736159
1102,2016-01-05,26,26.4,25.8,26,3967822
1102,2016-01-04,27.35,27.35,25.9,26.25,6852789
1102,2017-12-29,27.8,28.3,27.75,28.2,6702250
1102,2017-12-28,27.2,28.1,27.2,27.75,7681249
1102,2017-12-27,27.3,27.3,27.15,27.3,1930623
1102,2017-12-26,27.3,27.4,27.2,27.3,3687683
1102,2017-12-25,27.25,27.3,27,27.25,3387053
1102,2017-12-22,26.85,27.2,26.8,27.2,4498589
1102,2017-12-21,26.8,27,26.8,26.85,2934064
1102,2017-12-20,26.75,26.9,26.7,26.9,4712034
1102,2017-12-19,26.9,26.95,26.7,26.75,6086984
1102,2017-12-18,26.95,27,26.65,26.75,3347913
1102,2017-12-15,27,27,26.75,26.9,5394422
1102,2017-12-14,26.75,27.2,26.75,27.05,5912616
1102,2017-12-13,26.6,26.8,26.6,26.65,3073021
1102,2017-12-12,26.35,26.6,26.35,26.55,2769874
1102,2017-12-11,26.55,26.65,26.3,26.35,3409983
1102,2017-12-08,26.5,26.55,26.2,26.45,4180194
1102,2017-12-07,26.8,26.8,26.55,26.55,3448414
1102,2017-12-06,26.75,26.95,26.7,26.85,20333100
1102,2017-12-05,26.8,26.85,26.55,26.75,2491403
1102,2017-12-04,26.9,26.9,26.7,26.85,1621833
1102,2017-12-01,27.1,27.2,26.8,26.9,4670511
1102,2017-11-30,26.5,27.85,26.35,27.85,8191079
1102,2017-11-29,26.5,26.6,26.4,26.5,2332107
1102,2017-11-28,26.6,26.6,26.5,26.5,2020608
1102,2017-11-27,26.75,26.75,26.6,26.6,1768034
1102,2017-11-24,26.85,26.9,26.7,26.8,1710432
1102,2017-11-23,26.95,26.95,26.85,26.9,1363934
1102,2017-11-22,26.9,27,26.75,26.95,3061655
1102,2017-11-21,26.9,27.05,26.85,26.9,3199809
1102,2017-11-20,26.65,27.1,26.65,26.9,3152165
1102,2017-11-17,26.7,26.7,26.5,26.55,2073489
1102,2017-11-16,26.8,26.85,26.55,26.55,1996401
1102,2017-11-15,26.85,27.15,26.85,26.85,2565040
1102,2017-11-14,26.7,26.75,26.6,26.7,1053917
1102,2017-11-13,26.9,26.9,26.7,26.75,1838861
1102,2017-11-10,26.7,26.7,26.5,26.55,1360333
1102,2017-11-09,26.75,26.75,26.6,26.7,2176918
1102,2017-11-08,26.9,26.95,26.65,26.7,2303691
1102,2017-11-07,26.95,27,26.9,27,569460
1102,2017-11-06,27.05,27.15,26.9,27,1376915
1102,2017-11-03,27.25,27.25,27,27.2,1169607
1102,2017-11-02,27,27.25,26.9,27.25,1867661
1102,2017-11-01,26.9,27.05,26.9,27,1259786
1102,2017-10-31,26.9,27.05,26.9,26.9,2220466
1102,2017-10-30,27,27.05,26.95,27,1272883
1102,2017-10-27,27.05,27.15,27,27,1034239
1102,2017-10-26,27,27.15,27,27.05,825700
1102,2017-10-25,27,27.1,26.95,27,1378135
1102,2017-10-24,27.1,27.1,26.95,26.95,928186
1102,2017-10-23,27,27.2,27,27.1,946479
1102,2017-10-20,26.95,27,26.9,26.9,2018982
1102,2017-10-19,27.05,27.1,26.95,26.95,1131553
1102,2017-10-18,27.2,27.2,26.9,27.1,1724909
1102,2017-10-17,27.15,27.3,27,27.1,1951448
1102,2017-10-16,27,27.15,26.95,27.15,2730304
1102,2017-10-13,27.1,27.1,26.85,27,1113611
1102,2017-10-12,27,27.1,26.8,27.1,2244316
1102,2017-10-11,26.9,27.25,26.9,27.05,3181648
1102,2017-10-06,26.75,26.9,26.75,26.9,827082
1102,2017-10-05,26.65,26.9,26.65,26.7,1391420
1102,2017-10-03,27,27,26.7,26.7,1413248
1102,2017-10-02,26.9,26.95,26.8,26.9,761796
1102,2017-09-30,26.75,26.95,26.75,26.85,205599
1102,2017-09-29,26.7,26.95,26.65,26.75,2103258
1102,2017-09-28,27.05,27.1,26.65,26.7,4079153
1102,2017-09-27,27.05,27.2,27,27.05,1616491
1102,2017-09-26,27.4,27.4,27.05,27.25,1039137
1102,2017-09-25,26.95,27.45,26.85,27.35,2749546
1102,2017-09-22,27.2,27.2,26.95,26.95,5382746
1102,2017-09-21,27.5,27.5,27.2,27.25,1967469
1102,2017-09-20,27.3,27.6,27.25,27.55,1858452
1102,2017-09-19,27.7,27.7,27.45,27.6,2012329
1102,2017-09-18,27.5,27.65,27.3,27.65,3323904
1102,2017-09-15,27.25,27.5,27,27.5,3562428
1102,2017-09-14,26.8,27.25,26.8,27.25,1714303
1102,2017-09-13,27.1,27.1,26.95,26.95,1732912
1102,2017-09-12,27.25,27.25,27.05,27.15,1988872
1102,2017-09-11,27.3,27.35,27.1,27.2,1863056
1102,2017-09-08,27.1,27.4,27,27.3,2028684
1102,2017-09-07,27.2,27.2,26.95,27.1,2705381
1102,2017-09-06,27.35,27.35,27.1,27.2,3256535
1102,2017-09-05,27.45,27.6,27.3,27.45,3664250
1102,2017-09-04,27.3,27.45,27.15,27.45,1711265
1102,2017-09-01,27.4,27.6,27.3,27.45,3451475
1102,2017-08-31,27,27.35,27,27.35,3695972
1102,2017-08-30,26.6,27,26.6,26.9,3838522
1102,2017-08-29,27.4,27.4,27.25,27.4,3203620
1102,2017-08-28,27.45,27.45,27.35,27.4,2451080
1102,2017-08-25,27.5,27.55,27.35,27.35,2735921
1102,2017-08-24,27.2,27.45,27.15,27.45,1893695
1102,2017-08-23,27.4,27.4,27.1,27.25,1961836
1102,2017-08-22,27.3,27.4,27.25,27.3,1246889
1102,2017-08-21,27.2,27.35,27.05,27.25,1832333
1102,2017-08-18,27.2,27.25,26.95,27.2,2082974
1102,2017-08-17,27,27.3,27,27.25,2024489
1102,2017-08-16,27,27.2,26.85,27,3706894
1102,2017-08-15,26.95,27.1,26.9,27,3004786
1102,2017-08-14,26.85,26.9,26.65,26.8,2389099
1102,2017-08-11,26.4,26.75,26.4,26.75,2283968
1102,2017-08-10,27.1,27.2,26.5,26.55,5065267
1102,2017-08-09,27,27.25,27,27.1,3048151
1102,2017-08-08,27.05,27.25,27,27,3524867
1102,2017-08-07,27.5,27.5,27.25,27.3,2968366
1102,2017-08-04,27.2,27.45,27.1,27.45,3256655
1102,2017-08-03,27,27.2,26.85,27.15,3441797
1102,2017-08-02,27,27.25,27,27.15,3852160
1102,2017-08-01,26.75,27,26.75,26.95,4081873
1102,2017-07-31,26.7,26.8,26.6,26.7,5052643
1102,2017-07-28,26.6,26.75,26.35,26.65,5227486
1102,2017-07-27,26.1,26.6,26.1,26.6,4215406
1102,2017-07-26,26.35,26.35,26.1,26.1,4514453
1102,2017-07-25,26.25,26.4,26.15,26.35,1811481
1102,2017-07-24,26.45,26.45,26.15,26.3,2886504
1102,2017-07-21,26.5,26.5,26.3,26.45,2225529
1102,2017-07-20,26.55,26.6,26.4,26.45,2545437
1102,2017-07-19,26.75,26.8,26.5,26.5,3104645
1102,2017-07-18,27.1,27.1,26.55,26.6,3450287
1102,2017-07-17,26.3,27.15,26.3,27.1,4700557
1102,2017-07-14,26.5,26.5,26.2,26.3,2488199
1102,2017-07-13,26.25,26.55,26.25,26.35,2838351
1102,2017-07-12,26.5,26.55,26.2,26.2,2438332
1102,2017-07-11,26.4,26.55,26.3,26.5,2412376
1102,2017-07-10,26.35,26.45,26.15,26.35,2835914
1102,2017-07-07,26.6,26.6,26.2,26.35,2249739
1102,2017-07-06,26.7,26.75,26.6,26.6,3207318
1102,2017-07-05,26.6,26.75,26.55,26.65,4262051
1102,2017-07-04,26.4,26.6,26.35,26.45,3500032
1102,2017-07-03,26.2,26.25,26.1,26.2,3510557
1102,2017-06-30,26.3,26.35,26.05,26.1,3137593
1102,2017-06-29,26.6,26.6,26.25,26.35,2350715
1102,2017-06-28,26.3,26.55,26.25,26.45,3283189
1102,2017-06-27,26.35,26.4,26.1,26.3,3283423
1102,2017-06-26,26.35,26.4,26.1,26.3,4897958
1102,2017-06-23,26.5,26.65,26.2,26.35,2078579
1102,2017-06-22,26.45,26.65,26.35,26.5,3217115
1102,2017-06-21,26.05,26.5,25.8,26.35,7713262
1102,2017-06-20,26,26.25,25.95,26.05,6446190
1102,2017-06-19,25.6,25.75,25.5,25.6,5813815
1102,2017-06-16,26.1,26.2,25.75,25.75,7141958
1102,2017-06-15,26.25,26.5,26,26.25,4467277
1102,2017-06-14,26.8,27.2,26.2,26.3,4727104
1102,2017-06-13,26.6,26.8,26,26.8,6056563
1102,2017-06-12,27,27,26.8,26.8,3201435
1102,2017-06-09,27.55,27.55,27.2,27.2,2580101
1102,2017-06-08,27.7,27.7,27.35,27.4,1983101
1102,2017-06-07,27.55,27.7,27.4,27.5,3092194
1102,2017-06-06,27.85,27.85,27.5,27.5,2331445
1102,2017-06-05,27.65,27.8,27.65,27.8,1665653
1102,2017-06-03,27.8,27.85,27.65,27.75,278987
1102,2017-06-02,27.45,27.75,27.45,27.75,1420395
1102,2017-06-01,27.85,27.85,27.45,27.45,3415118
1102,2017-05-31,27.85,27.9,27.6,27.85,10323231
1102,2017-05-26,28.2,28.2,27.6,27.8,3430094
1102,2017-05-25,27.5,28,27.5,28,2463310
1102,2017-05-24,27.9,27.9,27.4,27.5,2156552
1102,2017-05-23,27.25,27.8,27.25,27.8,2825673
1102,2017-05-22,27.7,27.75,27.3,27.3,2631397
1102,2017-05-19,27.6,27.8,27.6,27.75,951251
1102,2017-05-18,27.7,27.8,27.55,27.55,1608883
1102,2017-05-17,28.15,28.15,27.7,27.85,2183068
1102,2017-05-16,28,28.15,27.55,28.15,4535515
1102,2017-05-15,28.15,28.25,27.85,28,2439730
1102,2017-05-12,28.7,28.95,28.1,28.15,1956144
1102,2017-05-11,28.9,29.15,28.65,28.7,1606318
1102,2017-05-10,28.7,29.15,28.7,28.9,1689301
1102,2017-05-09,29,29.15,28.6,28.7,2161239
1102,2017-05-08,29.95,29.95,29.05,29.25,2352595
1102,2017-05-05,30.05,30.15,29.75,29.9,1666085
1102,2017-05-04,29.95,30.2,29.85,30.15,1547827
1102,2017-05-03,29.8,29.95,29.7,29.8,4171749
1102,2017-05-02,29.75,30.25,29.45,29.8,2583798
1102,2017-04-28,30.1,30.15,29.65,29.8,2335954
1102,2017-04-27,30.1,30.8,30.1,30.3,2373347
1102,2017-04-26,30.7,30.7,30.15,30.55,2790237
1102,2017-04-25,30.2,30.7,30.1,30.7,2437438
1102,2017-04-24,30,30.2,29.65,30.1,1462579
1102,2017-04-21,29.25,30.2,29.25,29.65,2206781
1102,2017-04-20,29.1,29.4,28.9,29,2886678
1102,2017-04-19,29.9,30,29.45,29.6,2814906
1102,2017-04-18,30.35,30.5,30.1,30.2,1010315
1102,2017-04-17,30.6,30.8,30.1,30.3,2211452
1102,2017-04-14,31.1,31.1,30.5,30.6,841127
1102,2017-04-13,30.6,31.2,30.6,31.2,2115659
1102,2017-04-12,30.75,31,30.55,30.65,2727132
1102,2017-04-11,31.3,31.35,30.75,30.75,2217624
1102,2017-04-10,31.1,31.55,31,31.3,1474822
1102,2017-04-07,31,31.5,31,31.1,2556295
1102,2017-04-06,31.7,32,31.3,31.3,4701650
1102,2017-04-05,30.85,31.8,30.85,31.5,8797175
1102,2017-03-31,30,30.9,30,30.6,4552581
1102,2017-03-30,29.7,30.25,29.7,30,3113617
1102,2017-03-29,30.65,30.65,30,30,3089619
1102,2017-03-28,30.45,30.65,30.3,30.65,6392445
1102,2017-03-27,30,30.65,29.85,30.2,3847958
1102,2017-03-24,30.7,30.75,30.2,30.25,2663940
1102,2017-03-23,31.1,31.15,30.5,30.8,1998368
1102,2017-03-22,31,31.1,30.7,31.1,1808807
1102,2017-03-21,30.75,31.4,30.7,31,4973279
1102,2017-03-20,30.7,30.85,30.55,30.75,1346257
1102,2017-03-17,30.8,30.95,30.6,30.75,6897171
1102,2017-03-16,30.15,31,30.15,30.8,3347857
1102,2017-03-15,30.55,30.55,30,30.15,2124735
1102,2017-03-14,30.5,30.6,30.2,30.5,2670159
1102,2017-03-13,29.8,30.65,29.8,30.5,2891576
1102,2017-03-10,30.55,30.6,29.55,29.8,4189735
1102,2017-03-09,30.8,30.95,30.55,30.8,5750133
1102,2017-03-08,30.9,31.05,30.75,30.9,4606602
1102,2017-03-07,30.5,31,30.5,30.95,4084006
1102,2017-03-06,30.35,30.85,30.35,30.75,3119995
1102,2017-03-03,30.55,31,30.5,30.85,6217747
1102,2017-03-02,30.6,31.05,30.6,30.85,8511133
1102,2017-03-01,30.4,31.05,30.3,30.6,9651494
1102,2017-02-24,30,30.4,29.7,30.4,8288923
1102,2017-02-23,29.9,30.4,29.85,30.15,6513742
1102,2017-02-22,29.7,30,29.7,29.9,4548396
1102,2017-02-21,29.75,29.9,29.3,29.65,6493399
1102,2017-02-20,29,29.9,29,29.6,8741028
1102,2017-02-18,29,29.15,28.95,29,2525698
1102,2017-02-17,29,29.1,28.85,29,3231726
1102,2017-02-16,29.1,29.65,29,29.1,6918094
1102,2017-02-15,28.85,29.2,28.6,29.05,8536227
1102,2017-02-14,28.7,28.9,28.55,28.7,5982060
1102,2017-02-13,29,29,28.5,28.7,4601349
1102,2017-02-10,28,29,28,28.7,16837784
1102,2017-02-09,27.1,27.55,27,27.55,3657913
1102,2017-02-08,27.1,27.35,27.1,27.2,2745639
1102,2017-02-07,27.15,27.45,27.15,27.35,2986613
1102,2017-02-06,27.05,27.4,27,27.25,4925320
1102,2017-02-03,26.85,27.05,26.75,27,3519654
1102,2017-02-02,26.85,27.1,26.7,26.85,5218787
1102,2017-01-24,26.6,26.85,26.5,26.75,3220387
1102,2017-01-23,26.45,26.65,26.4,26.45,2297002
1102,2017-01-20,26.3,26.35,26.2,26.2,4796904
1102,2017-01-19,26.5,26.5,26.25,26.3,2910181
1102,2017-01-18,26.8,26.9,26.5,26.55,2393213
1102,2017-01-17,26.9,27,26.8,27,1087291
1102,2017-01-16,27.15,27.15,26.6,26.9,1247986
1102,2017-01-13,27.25,27.3,26.9,27.25,1754704
1102,2017-01-12,26.75,27.2,26.75,27.2,3418469
1102,2017-01-11,26.3,26.65,26.2,26.65,2711573
1102,2017-01-10,26.35,26.4,26.1,26.2,2051676
1102,2017-01-09,26.5,26.6,26.25,26.3,1971059
1102,2017-01-06,26.5,26.6,26.4,26.5,1174675
1102,2017-01-05,26.35,26.6,26.35,26.5,2586202
1102,2017-01-04,26.5,26.55,26.35,26.35,1493313
1102,2017-01-03,26.45,26.5,26.3,26.5,1271792
1102,2018-12-28,33.55,34.3,33.55,33.95,5297404
1102,2018-12-27,33.8,33.9,33.55,33.55,4420969
1102,2018-12-26,34,34.1,33.35,33.4,3110260
1102,2018-12-25,33.8,34.05,33.7,33.8,2768222
1102,2018-12-24,34.5,34.7,34.2,34.5,3685392
1102,2018-12-22,34.4,34.55,34.3,34.45,1444542
1102,2018-12-21,34.3,34.55,34.2,34.4,8004563
1102,2018-12-20,34.75,34.85,34.15,34.3,6270533
1102,2018-12-19,34.5,34.8,34.5,34.7,8316578
1102,2018-12-18,34.8,34.85,34.35,34.4,12102881
1102,2018-12-17,34.4,35.25,34.25,34.8,12996092
1102,2018-12-14,33.5,34.05,33.45,34,9572011
1102,2018-12-13,33.3,33.5,33.1,33.5,5888028
1102,2018-12-12,33.2,33.35,32.9,33.15,6079558
1102,2018-12-11,33.3,33.3,32.85,32.95,6623200
1102,2018-12-10,33,33.25,33,33,3668372
1102,2018-12-07,33.3,33.55,33.05,33.5,3244244
1102,2018-12-06,33.6,33.65,33.15,33.15,7805999
1102,2018-12-05,33.3,33.8,33,33.8,9014509
1102,2018-12-04,34.5,34.6,33.5,33.85,21961127
1102,2018-12-03,34.5,34.5,33.75,34.5,15319913
1102,2018-11-30,32.95,33.7,32.85,33.7,17412537
1102,2018-11-29,33.05,33.25,32.65,32.65,9143276
1102,2018-11-28,32.4,33.15,32.15,33.05,5714225
1102,2018-11-27,32.85,32.85,31.85,32.3,15889276
1102,2018-11-26,32.7,33.3,32.65,33.05,5188309
1102,2018-11-23,32.65,32.85,32.45,32.55,3336682
1102,2018-11-22,33.05,33.05,32.55,32.6,6599709
1102,2018-11-21,33.25,33.25,32.8,33,6035446
1102,2018-11-20,33.5,33.75,33.2,33.25,6199554
1102,2018-11-19,34,34,33.45,33.65,7114223
1102,2018-11-16,33.75,33.95,33.4,33.95,7367622
1102,2018-11-15,33.7,33.7,33,33.4,9687186
1102,2018-11-14,34.2,34.2,33.25,33.5,7945180
1102,2018-11-13,32.6,33.95,32.6,33.7,6546618
1102,2018-11-12,33.1,33.8,33.05,33.7,6083929
1102,2018-11-09,33.4,33.5,32.85,33.05,5775169
1102,2018-11-08,34.3,34.6,33.5,33.6,7803613
1102,2018-11-07,32.8,33.8,32.75,33.7,9644756
1102,2018-11-06,32.75,32.95,32.2,32.4,7983070
1102,2018-11-05,33.6,33.6,32.2,32.45,15888730
1102,2018-11-02,34.7,34.7,33.65,34.1,12401302
1102,2018-11-01,32.75,33.7,32.75,33.3,17516018
1102,2018-10-31,32,32.75,31.85,32.75,15961427
1102,2018-10-30,31,31.8,30.75,31.7,12342035
1102,2018-10-29,32.2,32.2,30.4,30.75,30321839
1102,2018-10-26,33.6,33.75,31.85,32.1,22283471
1102,2018-10-25,32.95,33.5,32.75,33.5,13160089
1102,2018-10-24,34,34.5,33,33.55,16716439
1102,2018-10-23,36.05,36.05,33.55,34,23069998
1102,2018-10-22,36.1,36.85,36,36.35,7596715
1102,2018-10-19,37.15,37.15,35.7,36.25,16105515
1102,2018-10-18,38,38,37.05,37.4,5599933
1102,2018-10-17,38.2,38.35,37.5,37.55,5469877
1102,2018-10-16,38.1,38.25,37.5,37.9,8449012
1102,2018-10-15,38.55,38.55,37.95,38.1,7629730
1102,2018-10-12,38.05,39,37.5,39,9445153
1102,2018-10-11,38.4,38.75,37.75,38.15,18086505
1102,2018-10-09,39.65,40.15,39.4,39.55,11477317
1102,2018-10-08,40.15,40.15,39.1,39.3,9237517
1102,2018-10-05,39.15,40.4,39.05,40.15,10977909
1102,2018-10-04,40.1,40.3,39.45,39.7,10418512
1102,2018-10-03,40.6,40.95,40.2,40.5,5490411
1102,2018-10-02,41.4,41.4,40.05,40.15,12159294
1102,2018-10-01,41.7,41.8,41.1,41.4,8547336
1102,2018-09-28,40.9,41.7,40.55,41.5,23025319
1102,2018-09-27,39.9,40.6,39.5,40.55,18559084
1102,2018-09-26,40,40.45,39.3,39.6,18498769
1102,2018-09-25,41.25,41.3,39.55,40,21172153
1102,2018-09-21,39.7,41.25,39.65,41.25,28360092
1102,2018-09-20,39,39.85,38.7,39.45,19294393
1102,2018-09-19,37.5,38.85,37.35,38.65,20068473
1102,2018-09-18,36.6,37.3,36.6,37,10708496
1102,2018-09-17,37.8,37.8,36.3,36.4,12211085
1102,2018-09-14,37.25,38.4,37.05,37.8,23391527
1102,2018-09-13,36.6,37.25,36.2,37,25328089
1102,2018-09-12,36.4,36.45,35.7,36.1,19087686
1102,2018-09-11,36.5,36.5,35.2,36.1,38022273
1102,2018-09-10,39.9,40.15,37.5,38.4,13199505
1102,2018-09-07,39.9,40.2,39.7,39.9,5523518
1102,2018-09-06,40.2,40.45,39.9,39.9,10881992
1102,2018-09-05,41.1,41.15,40.45,40.45,6910477
1102,2018-09-04,40.85,41.7,40.85,41.1,10686856
1102,2018-09-03,41.85,41.95,40.8,40.8,8861335
1102,2018-08-31,42.45,42.45,41.5,41.85,14444481
1102,2018-08-30,44,44.05,41.7,41.95,19596362
1102,2018-08-29,44.8,45.75,44.6,45.4,13318774
1102,2018-08-28,45.15,45.5,44.45,44.85,9899700
1102,2018-08-27,45,45.6,44.75,45.5,10457766
1102,2018-08-24,44.2,44.85,43.65,44.8,6490322
1102,2018-08-23,44.6,45.7,43.95,44.5,10935247
1102,2018-08-22,44.8,45,44.5,44.8,4426818
1102,2018-08-21,44.3,45,43.9,44.85,8021928
1102,2018-08-20,44.35,44.75,43.8,44.35,8354203
1102,2018-08-17,43.5,44.75,43.3,44.25,17955650
1102,2018-08-16,43,43.45,42.6,42.8,10114506
1102,2018-08-15,44,44,42.2,43.5,16308947
1102,2018-08-14,42.1,44.1,42.1,44.1,29778037
1102,2018-08-13,42.4,42.5,41.55,42.1,13459063
1102,2018-08-10,41.65,42,40.95,41.3,6689026
1102,2018-08-09,42.15,42.4,41.3,41.55,11401054
1102,2018-08-08,41.2,42.5,41.2,42.15,14674570
1102,2018-08-07,41,41.6,40.7,41.1,6204191
1102,2018-08-06,40.8,41.35,40.6,41,7727558
1102,2018-08-03,41.1,41.8,40.55,40.8,8793940
1102,2018-08-02,41.45,41.95,40.4,41,11266051
1102,2018-08-01,41,42.4,41,41.4,14401659
1102,2018-07-31,41.5,41.5,40.65,40.8,8516961
1102,2018-07-30,40.75,41.8,40.75,41.5,10005458
1102,2018-07-27,41.6,41.75,40.5,40.6,9434886
1102,2018-07-26,40,41.9,39.95,41.75,22278595
1102,2018-07-25,39.65,40.4,39.55,39.55,13216832
1102,2018-07-24,38,39.9,37.95,39.7,15183014
1102,2018-07-23,38,38.1,37.6,38,3959639
1102,2018-07-20,37.6,38.1,36.8,38,11715928
1102,2018-07-19,36.8,37.75,36.55,37.75,10906833
1102,2018-07-18,35.6,36.95,35.55,36.8,15648441
1102,2018-07-17,35.55,35.65,35.2,35.6,3743649
1102,2018-07-16,36,36.15,35.55,35.55,4093958
1102,2018-07-13,35.95,36,35.75,36,6401159
1102,2018-07-12,35.4,36,35.3,35.7,4534053
1102,2018-07-11,35.65,35.7,34.85,35.55,5074531
1102,2018-07-10,35.4,36.15,35.4,36.1,12060361
1102,2018-07-09,34.5,35.45,34.3,35.25,9645896
1102,2018-07-06,33.75,34.4,33.75,34.2,8072166
1102,2018-07-05,34.4,34.7,33.6,33.7,4277295
1102,2018-07-04,34.5,34.8,34,34.65,6574898
1102,2018-07-03,34.4,34.55,33.9,34.5,14249030
1102,2018-07-02,33.45,34.25,33.4,34,8774201
1102,2018-06-29,32.9,33.5,32.6,33.5,8950939
1102,2018-06-28,33,33.1,32.65,33,9010026
1102,2018-06-27,33.55,33.6,33.15,33.3,6162927
1102,2018-06-26,33.05,33.4,32.8,33.2,9089455
1102,2018-06-25,33.5,33.5,32.65,32.75,6677173
1102,2018-06-22,33.4,34,32.6,33.7,10269464
1102,2018-06-21,33.4,33.4,32.5,33.25,9019851
1102,2018-06-20,32.65,33.3,32.1,33.1,9358646
1102,2018-06-19,32.9,33.25,32.5,32.65,8180653
1102,2018-06-15,33.5,33.55,33.25,33.45,6504145
1102,2018-06-14,33.4,33.65,33.35,33.4,4577632
1102,2018-06-13,33.7,33.9,33.45,33.65,5733433
1102,2018-06-12,33.9,33.9,33.3,33.6,7034404
1102,2018-06-11,34.15,34.15,33.6,33.65,2506634
1102,2018-06-08,34,34,33.6,33.85,5970972
1102,2018-06-07,34.1,34.4,33.7,34.3,5639155
1102,2018-06-06,34.3,34.3,33.75,34.1,4185196
1102,2018-06-05,34.8,34.8,33.7,34.3,7219685
1102,2018-06-04,33.45,34.65,33.45,34.65,11149953
1102,2018-06-01,33.05,33.6,32.75,33.25,6041424
1102,2018-05-31,33,33.35,32.3,33.05,22731842
1102,2018-05-30,32.5,33.3,32.25,32.8,8690984
1102,2018-05-29,33.5,33.5,32.6,32.85,5889542
1102,2018-05-28,33.55,33.85,33.15,33.5,4994331
1102,2018-05-25,33.95,33.95,33.3,33.55,3709302
1102,2018-05-24,33.9,34.25,33.5,33.85,4996243
1102,2018-05-23,34.35,34.6,33.45,33.65,7475605
1102,2018-05-22,35.3,35.4,33,34.3,7472174
1102,2018-05-21,35.4,35.75,34.85,35.25,8408424
1102,2018-05-18,34.4,35.2,34.1,35.05,12939719
1102,2018-05-17,33.9,34.25,33.5,34.1,12258461
1102,2018-05-16,34,34.6,33.35,33.75,15184317
1102,2018-05-15,33.8,33.8,32.8,33.75,11651992
1102,2018-05-14,33,33.95,33,33.95,9930028
1102,2018-05-11,33.4,33.4,32.8,33,4718290
1102,2018-05-10,32.5,33.35,32.45,33,14123485
1102,2018-05-09,32.5,32.7,32,32.4,10276337
1102,2018-05-08,31.7,32.45,31.7,32.4,10487681
1102,2018-05-07,31.95,32.3,31.5,31.5,10675726
1102,2018-05-04,31.3,31.85,31.15,31.65,7697274
1102,2018-05-03,32,32.45,30.8,31,11937179
1102,2018-05-02,31.5,32.6,31.45,32.05,16315042
1102,2018-04-30,32,32.35,31.6,31.75,11393115
1102,2018-04-27,31.65,32.15,31.6,31.75,10055831
1102,2018-04-26,31,31.9,31,31.3,12265648
1102,2018-04-25,30.75,31.05,30.1,30.7,8943756
1102,2018-04-24,31,31.8,30.9,30.9,18079384
1102,2018-04-23,30.5,31.15,30.45,30.95,10355977
1102,2018-04-20,30,30.7,29.8,30.4,8191631
1102,2018-04-19,29.2,30.2,29.2,30.15,10092519
1102,2018-04-18,29.3,29.3,29.05,29.2,1871871
1102,2018-04-17,29.2,29.2,28.75,29.15,3645779
1102,2018-04-16,29.15,29.4,29.05,29.25,2203563
1102,2018-04-13,29.15,29.35,29.1,29.15,1963976
1102,2018-04-12,29.4,29.4,28.9,29.1,2866450
1102,2018-04-11,29.3,29.55,29.3,29.4,2603182
1102,2018-04-10,29.45,29.45,28.9,29.45,4480736
1102,2018-04-09,28.7,29.45,28.65,29.45,9169139
1102,2018-04-03,28.4,28.4,27.95,28.25,4313090
1102,2018-04-02,28.75,28.75,28.4,28.7,1806282
1102,2018-03-31,28.55,28.65,28.5,28.55,1863601
1102,2018-03-30,28.3,28.35,28.15,28.35,2033799
1102,2018-03-29,28.5,28.55,28,28.1,3326433
1102,2018-03-28,28.55,28.65,28.4,28.4,1499473
1102,2018-03-27,28.7,28.85,28.6,28.65,1816960
1102,2018-03-26,28.6,28.6,28.3,28.55,2739480
1102,2018-03-23,28.35,28.95,28.25,28.8,3310309
1102,2018-03-22,29.25,29.5,29.15,29.3,1695594
1102,2018-03-21,29.1,29.3,29.1,29.25,1916720
1102,2018-03-20,29.1,29.3,29,29.1,1913880
1102,2018-03-19,29.2,29.25,29,29.2,1574300
1102,2018-03-16,29.35,29.35,28.8,29.1,9964971
1102,2018-03-15,29.4,29.65,29.3,29.45,2834207
1102,2018-03-14,29.4,29.55,29.1,29.5,4246944
1102,2018-03-13,29.6,29.6,29.3,29.45,8337097
1102,2018-03-12,28.25,29.6,28.25,29.6,11636949
1102,2018-03-09,27.45,28.15,27.45,28.15,5064833
1102,2018-03-08,27.6,27.85,27.3,27.45,6129520
1102,2018-03-07,27.7,27.9,27.5,27.55,3967800
1102,2018-03-06,28.15,28.25,27.85,27.9,3869641
1102,2018-03-05,27.9,28.1,27.85,27.9,2824752
1102,2018-03-02,27.75,27.95,27.55,27.9,4576443
1102,2018-03-01,27.8,28.3,27.8,28.2,4532074
1102,2018-02-27,28.5,28.75,28,28.4,6889240
1102,2018-02-26,28.4,28.5,28.2,28.35,4833866
1102,2018-02-23,28.3,28.45,28.2,28.4,3016257
1102,2018-02-22,28.25,28.25,27.8,28.25,3031622
1102,2018-02-21,27.9,28.4,27.8,28.35,5059399
1102,2018-02-12,27.35,27.45,27.1,27.25,4044450
1102,2018-02-09,27.1,27.35,26.7,27.1,5682182
1102,2018-02-08,27.5,27.95,27.5,27.7,2399961
1102,2018-02-07,27.8,28.4,27.4,27.4,7129683
1102,2018-02-06,28.2,28.35,27,27.2,12675502
1102,2018-02-05,29.45,29.5,29,29.1,4698829
1102,2018-02-02,29.7,29.85,29.45,29.5,3916251
1102,2018-02-01,29.85,30.3,29.85,30,3427473
1102,2018-01-31,29.7,30.3,29.5,30.05,5133744
1102,2018-01-30,30.1,30.4,29.75,29.75,3531034
1102,2018-01-29,30.3,30.45,30,30.15,2627955
1102,2018-01-26,30.15,30.5,30,30.3,4762638
1102,2018-01-25,30,30.3,29.95,30.2,3502359
1102,2018-01-24,30.2,30.2,29.85,30,3211234
1102,2018-01-23,30.25,30.3,29.85,30.2,3835188
1102,2018-01-22,30.15,30.35,29.8,30.25,5313135
1102,2018-01-19,30.75,30.75,30.3,30.5,3629984
1102,2018-01-18,30.95,30.95,30.6,30.75,3818598
1102,2018-01-17,30.45,30.95,30.25,30.9,8100450
1102,2018-01-16,30.6,30.6,30.1,30.45,6055135
1102,2018-01-15,30.3,30.4,30.1,30.4,6430837
1102,2018-01-12,29.9,30.4,29.85,30,9906420
1102,2018-01-11,30.5,30.5,29.35,29.4,12804073
1102,2018-01-10,30.5,30.7,30.15,30.5,6867231
1102,2018-01-09,30.35,30.7,30.05,30.4,10849954
1102,2018-01-08,29.45,30.35,29.45,30.3,12023731
1102,2018-01-05,28.75,29.35,28.75,29.35,9413406
1102,2018-01-04,28.5,28.9,28.4,28.6,7671186
1102,2018-01-03,28.3,28.4,28.1,28.4,7117653
1102,2018-01-02,28.3,28.4,28.05,28.2,6669850
1102,2019-12-31,48.15,48.3,47.9,47.95,7053510
1102,2019-12-30,47.7,48.75,47.6,48.15,14653220
1102,2019-12-27,47.5,47.7,47.2,47.7,7367788
1102,2019-12-26,47.4,47.45,47.05,47.3,6886642
1102,2019-12-25,47.7,48.05,46.95,47.25,8697822
1102,2019-12-24,48.2,48.25,47.6,47.6,14117619
1102,2019-12-23,47.8,48.25,47.5,48.15,14369205
1102,2019-12-20,47.7,48.2,47.45,47.8,19976449
1102,2019-12-19,47.95,48,47.6,47.7,8032607
1102,2019-12-18,47.65,48,47.55,47.95,6952800
1102,2019-12-17,47.4,47.65,47,47.65,9180593
1102,2019-12-16,47.6,47.65,47.1,47.15,7557117
1102,2019-12-13,47.6,47.85,47,47.4,13183356
1102,2019-12-12,47,47.45,46.6,47.45,14132643
1102,2019-12-11,47,47,46.4,46.8,11695383
1102,2019-12-10,46.15,46.5,46.1,46.3,5885919
1102,2019-12-09,46.2,46.65,46.1,46.35,9661121
1102,2019-12-06,45.8,46.5,45.7,46.45,9053787
1102,2019-12-05,46.1,46.1,45.65,45.8,7298035
1102,2019-12-04,46,46.2,45.6,46.1,6299636
1102,2019-12-03,45.1,46.5,45.05,46,11915246
1102,2019-12-02,45.7,45.9,44.95,45.1,10635398
1102,2019-11-29,46.15,46.25,45.35,45.45,10445804
1102,2019-11-28,46.45,46.45,46.05,46.25,4697621
1102,2019-11-27,46.1,46.45,45.9,46.45,5649277
1102,2019-11-26,46.15,46.7,46,46.1,18343612
1102,2019-11-25,46.45,46.45,45.9,46.15,10087901
1102,2019-11-22,46.25,46.45,45.9,46.45,6633534
1102,2019-11-21,46.3,46.35,45.65,46.15,11422256
1102,2019-11-20,45.05,46.3,44.8,46.2,23131180
1102,2019-11-19,44.5,45.05,44.1,45.05,9641949
1102,2019-11-18,45,45.1,44.55,44.85,12579068
1102,2019-11-15,43.8,44.75,43.5,44.75,18431527
1102,2019-11-14,43,43.6,42.8,43.3,10574530
1102,2019-11-13,43.05,43.2,42.75,42.85,5945553
1102,2019-11-12,42.85,43.05,42.75,42.8,6311593
1102,2019-11-11,43.1,43.1,42.7,42.8,5757678
1102,2019-11-08,43.35,43.35,43.1,43.3,4402850
1102,2019-11-07,43.2,43.4,42.95,43.15,6478379
1102,2019-11-06,43.45,43.5,43.1,43.1,7251702
1102,2019-11-05,43.5,43.6,43.2,43.45,6664346
1102,2019-11-04,43.2,43.55,43.1,43.5,7211026
1102,2019-11-01,43.05,43.3,43,43.1,5092631
1102,2019-10-31,43.5,43.65,43.05,43.05,12348490
1102,2019-10-30,43.5,43.6,42.85,43.35,10716264
1102,2019-10-29,43.6,43.7,43.3,43.5,7731837
1102,2019-10-28,44,44.05,43.5,43.5,4492709
1102,2019-10-25,43.9,43.95,43.45,43.7,6114581
1102,2019-10-24,43.95,44.35,43.8,43.95,6619142
1102,2019-10-23,43.95,44,43.6,43.75,5871267
1102,2019-10-22,44.4,44.85,44.15,44.15,9441594
1102,2019-10-21,43.55,44.3,43.55,44.2,8278742
1102,2019-10-18,43.45,43.85,43.4,43.5,13505725
1102,2019-10-17,43.05,43.5,43,43.4,9602671
1102,2019-10-16,43,43.05,42.55,42.75,6584981
1102,2019-10-15,42.9,43.05,42.45,43,4918309
1102,2019-10-14,42.65,42.9,42.55,42.9,5962511
1102,2019-10-09,42.85,43,42.25,42.3,5475908
1102,2019-10-08,42.4,43,42.4,42.85,5230447
1102,2019-10-07,42.2,42.4,42.05,42.4,1930978
1102,2019-10-04,42.3,42.55,41.9,42.05,6964440
1102,2019-10-03,42.3,43.15,42.25,42.35,6749839
1102,2019-10-02,43,43.05,42.6,42.7,4833276
1102,2019-10-01,43.25,43.45,43,43.25,5813916
1102,2019-09-27,43.6,43.65,43.2,43.3,4386443
1102,2019-09-26,43.5,43.55,43.2,43.45,4437357
1102,2019-09-25,43.65,43.65,43.05,43.25,7782473
1102,2019-09-24,43.45,43.55,43.05,43.3,7318067
1102,2019-09-23,43.65,43.65,43.1,43.15,9199111
1102,2019-09-20,43.65,43.9,43.5,43.65,7523427
1102,2019-09-19,44.05,44.15,43.55,43.6,7653436
1102,2019-09-18,44.05,44.3,43.95,44,6711951
1102,2019-09-17,44.25,44.35,43.85,44,4317998
1102,2019-09-16,44,44.7,43.9,44.25,6736157
1102,2019-09-12,44,44.3,43.8,43.8,6493680
1102,2019-09-11,43.85,44.35,43.25,43.65,9063527
1102,2019-09-10,44.95,45.05,43.7,43.85,7928773
1102,2019-09-09,44.35,44.5,44,44.5,6789146
1102,2019-09-06,44.3,44.3,43.85,43.85,7497900
1102,2019-09-05,44.05,44.45,44.05,44.05,5931490
1102,2019-09-04,44.2,44.35,43.9,44.05,6459736
1102,2019-09-03,43.85,44.5,43.65,44.3,11053051
1102,2019-09-02,43.05,43.7,43.05,43.65,10082242
1102,2019-08-30,42.5,43,42.5,43,9546956
1102,2019-08-29,42.4,42.4,42.05,42.15,5569440
1102,2019-08-28,41.9,42.35,41.9,42.05,3965172
1102,2019-08-27,42.3,42.4,41.75,41.75,10667163
1102,2019-08-26,42.05,42.4,41.95,42.25,4767498
1102,2019-08-23,41.95,42.5,41.95,42.5,5447902
1102,2019-08-22,42.5,42.5,41.9,41.95,6534998
1102,2019-08-21,42.5,42.7,42.05,42.05,4871358
1102,2019-08-20,42.6,42.65,42.1,42.5,6916197
1102,2019-08-19,43.1,43.35,42.55,42.6,10827496
1102,2019-08-16,42,42.75,41.95,42.7,11034167
1102,2019-08-15,41.7,42.35,41.7,41.8,14261614
1102,2019-08-14,40.9,41.45,40.8,41.35,7444472
1102,2019-08-13,40.8,40.8,40.4,40.4,6333207
1102,2019-08-12,41.3,41.4,40.7,41,6261311
1102,2019-08-08,40.7,41.35,40.6,41.2,9239526
1102,2019-08-07,40.85,40.95,40.35,40.45,5817921
1102,2019-08-06,40.9,40.9,40.25,40.65,8081368
1102,2019-08-05,40.95,41.75,40.9,41.2,9548006
1102,2019-08-02,41,41.4,40.7,41,9159560
1102,2019-08-01,41.45,41.7,41.2,41.4,8384463
1102,2019-07-31,42.1,42.25,41.65,41.8,9489412
1102,2019-07-30,42.25,42.5,42.05,42.1,7233094
1102,2019-07-29,42.1,42.35,42,42.15,5421560
1102,2019-07-26,42.25,42.7,41.95,42.25,7707479
1102,2019-07-25,42.75,42.95,42,42.1,13051427
1102,2019-07-24,43.2,43.55,42.9,42.9,23186818
1102,2019-07-23,46.8,46.85,46.05,46.8,19007469
1102,2019-07-22,46.9,46.9,46.2,46.35,11860931
1102,2019-07-19,46.2,46.65,46.1,46.2,11560108
1102,2019-07-18,46.7,46.7,46.05,46.4,7500425
1102,2019-07-17,46.8,46.9,46.1,46.55,7695273
1102,2019-07-16,46.4,46.5,46,46.4,8402131
1102,2019-07-15,46.15,46.6,45.65,46.05,9524259
1102,2019-07-12,46.2,46.95,45.5,46.1,20959670
1102,2019-07-11,48.3,48.3,46.7,47.15,22314500
1102,2019-07-10,48.2,48.6,47.9,48.5,8955120
1102,2019-07-09,48.4,48.45,47.9,48.05,9536055
1102,2019-07-08,48.5,48.5,47.75,48,5994837
1102,2019-07-05,47.8,48.5,47.8,48.45,7003105
1102,2019-07-04,48.1,48.1,47.3,47.6,6965077
1102,2019-07-03,48.3,48.45,47.75,48,7913985
1102,2019-07-02,48.1,48.6,47.85,48.6,8474769
1102,2019-07-01,47.6,48,47.55,47.7,4401369
1102,2019-06-28,48.35,48.5,47.55,47.55,10677565
1102,2019-06-27,47.5,48.9,47.45,48.9,13640617
1102,2019-06-26,47.4,47.55,47.1,47.35,5042827
1102,2019-06-25,47.05,47.3,46.8,47.3,4932850
1102,2019-06-24,46.8,47.5,46.7,47.45,7433617
1102,2019-06-21,47.65,47.8,46.65,46.65,10972177
1102,2019-06-20,47.5,48,47.2,47.65,7078176
1102,2019-06-19,47,47.4,46.8,47.4,7811394
1102,2019-06-18,46.8,47,46.6,47,6689189
1102,2019-06-17,46.2,47,46.1,46.75,4284109
1102,2019-06-14,45.8,46.4,45.8,46.35,6032211
1102,2019-06-13,46.5,46.7,45.8,46.15,8768569
1102,2019-06-12,46.5,46.95,46.2,46.75,6919221
1102,2019-06-11,45.9,46.75,45.9,46.75,10459321
1102,2019-06-10,45.85,46,45.6,45.9,6276958
1102,2019-06-06,45.5,46,45.4,45.85,7837392
1102,2019-06-05,45.5,45.9,45.4,45.65,7397972
1102,2019-06-04,45.8,46.05,45.3,45.3,8100557
1102,2019-06-03,45,45.75,44.4,45.5,8447524
1102,2019-05-31,44.65,45.1,44.15,45.1,9735482
1102,2019-05-30,43.65,44.95,43.6,44.95,11932521
1102,2019-05-29,43,43.9,42.75,43.85,8706403
1102,2019-05-28,43.5,43.6,42.85,43,13931072
1102,2019-05-27,44.05,44.1,43.45,43.45,5475029
1102,2019-05-24,44,44.3,43.7,43.75,8696694
1102,2019-05-23,43.9,44.5,43.8,43.9,10590558
1102,2019-05-22,43.95,44.2,43.7,43.9,6227937
1102,2019-05-21,44.2,44.5,43.85,44.4,13257374
1102,2019-05-20,44,44.45,43.55,44,12113236
1102,2019-05-17,43.2,43.9,42.95,43.75,19164574
1102,2019-05-16,41.3,42.85,41.3,42.65,21974832
1102,2019-05-15,40.6,41.3,40.6,40.9,4882417
1102,2019-05-14,41,41.05,40.4,41,9462521
1102,2019-05-13,41.75,41.9,41.25,41.4,3856850
1102,2019-05-10,41.8,42.1,41.4,41.7,5860785
1102,2019-05-09,41.8,42.1,41.65,41.85,4913804
1102,2019-05-08,41.9,42.45,41.8,42.05,4004478
1102,2019-05-07,41.65,42.1,41.5,42.1,6887577
1102,2019-05-06,41.7,41.95,41.5,41.6,4896691
1102,2019-05-03,42,42.4,41.95,42.35,3344330
1102,2019-05-02,41.55,42.1,41.5,42.05,7532966
1102,2019-04-30,41.65,41.75,41.4,41.75,4518916
1102,2019-04-29,41.05,41.55,41.05,41.5,4543660
1102,2019-04-26,40.6,41.1,40.55,41.1,6012303
1102,2019-04-25,40.85,41,40.7,41,3690803
1102,2019-04-24,40.75,41.3,40.6,40.9,6977413
1102,2019-04-23,40.65,40.75,40.2,40.5,10449736
1102,2019-04-22,41.4,41.4,40.5,40.6,10662696
1102,2019-04-19,41.2,41.45,41,41.4,2718947
1102,2019-04-18,41.6,41.65,40.95,41.15,9754301
1102,2019-04-17,41.7,41.8,41.55,41.6,6284674
1102,2019-04-16,41.6,41.75,41.3,41.75,6243665
1102,2019-04-15,41.6,41.9,41.55,41.65,5966200
1102,2019-04-12,41.6,41.85,41.3,41.65,5681164
1102,2019-04-11,41.5,42.2,41.3,41.65,11793629
1102,2019-04-10,41.05,41.5,41.05,41.3,10239960
1102,2019-04-09,41.3,41.35,41.1,41.3,7232499
1102,2019-04-08,41.3,41.4,41,41.3,9043882
1102,2019-04-03,41.5,41.5,40.85,41.3,6428716
1102,2019-04-02,40.85,41.4,40.65,41.25,12960886
1102,2019-04-01,40.4,40.85,40.15,40.5,14565291
1102,2019-03-29,39.75,40.1,39.35,40.1,10717145
1102,2019-03-28,39.25,40,39.25,39.85,14454162
1102,2019-03-27,39.9,39.9,39.15,39.4,13970147
1102,2019-03-26,40,40,39.05,40,12335725
1102,2019-03-25,39,40,39,40,12354720
1102,2019-03-22,39.9,40.15,38.9,39.5,13709179
1102,2019-03-21,38.05,39.9,38,39.5,16124722
1102,2019-03-20,37.8,38.15,37.75,38,8050740
1102,2019-03-19,37.5,38.15,37.5,38,12597196
1102,2019-03-18,38.95,39,37.6,37.65,22744389
1102,2019-03-15,38.75,39.15,38.6,39,13972493
1102,2019-03-14,38.55,39.15,38.55,38.9,5964429
1102,2019-03-13,38.35,39,38.15,38.9,7151425
1102,2019-03-12,38,38.5,37.8,38.35,6113310
1102,2019-03-11,38,38.2,37.55,37.95,6239136
1102,2019-03-08,38,38.1,37.75,38,5324718
1102,2019-03-07,38.05,38.6,38.05,38.15,4566230
1102,2019-03-06,38.2,38.5,38,38.4,4111006
1102,2019-03-05,38.05,38.35,37.9,38.2,3601636
1102,2019-03-04,38.5,38.6,37.8,38.25,8279937
1102,2019-02-27,38.7,39,38.2,38.8,8016088
1102,2019-02-26,37.95,38.9,37.95,38.6,13671823
1102,2019-02-25,38.55,38.75,37.65,37.85,17576053
1102,2019-02-22,38.85,38.85,38.3,38.85,8719290
1102,2019-02-21,38.05,39.2,38.05,38.85,12821758
1102,2019-02-20,38,38.35,37.6,38.35,12381905
1102,2019-02-19,37.4,38,37.4,37.95,6763011
1102,2019-02-18,38,38.1,37.1,37.4,7025972
1102,2019-02-15,37.65,38.05,37.65,37.9,7513759
1102,2019-02-14,37.55,38.2,37.5,38,8280537
1102,2019-02-13,37.25,38.2,37.1,38,12503187
1102,2019-02-12,36.45,37.35,36.25,37.3,9301127
1102,2019-02-11,36.7,36.95,35.95,36.45,12349555
1102,2019-01-30,36,36.6,35.65,36.45,9633122
1102,2019-01-29,35.85,36,35.15,36,10389797
1102,2019-01-28,36.25,36.35,35.95,36.2,8567247
1102,2019-01-25,35.8,36.25,35.7,36.2,8781080
1102,2019-01-24,35.8,36,35.65,36,6596284
1102,2019-01-23,35.8,36,35.55,36,6392048
1102,2019-01-22,35.8,36,35.65,35.8,4486056
1102,2019-01-21,35.95,36.2,35.55,36.15,8682352
1102,2019-01-18,35.8,36.2,35.6,36.15,8428083
1102,2019-01-17,35.2,35.75,35,35.7,6139634
1102,2019-01-16,35,35.55,34.9,35.5,6130344
1102,2019-01-15,35.15,35.15,34.7,35.05,6784908
1102,2019-01-14,35.8,35.95,34.5,35.05,10987863
1102,2019-01-11,35.75,36.15,35.65,36,11848282
1102,2019-01-10,35.25,35.75,35.1,35.6,9719452
1102,2019-01-09,34.95,35.25,34.8,35.25,11038923
1102,2019-01-08,34.95,34.95,34.5,34.65,4475825
1102,2019-01-07,34.2,34.95,34.05,34.85,8647536
1102,2019-01-04,33.85,34.2,33.55,33.85,5283875
1102,2019-01-03,33.95,34.15,33.75,33.9,3918403
1102,2019-01-02,34.4,34.4,33.6,33.8,3677226
1102,2020-12-31,43.3,43.65,43.2,43.2,3214098
1102,2020-12-30,43.1,43.35,42.9,43.15,5140153
1102,2020-12-29,43.1,43.3,43,43.2,3078182
1102,2020-12-28,42.75,43.1,42.75,43.05,3785448
1102,2020-12-25,42.35,42.85,42.35,42.7,3124230
1102,2020-12-24,42.55,42.65,42.3,42.3,4486803
1102,2020-12-23,42.6,42.65,42.05,42.25,6580237
1102,2020-12-22,42.7,43.05,42.65,42.7,5455719
1102,2020-12-21,42.6,43.25,42.6,43.05,8378558
1102,2020-12-18,42.65,43.1,42.5,42.5,8469245
1102,2020-12-17,43.45,43.55,42.6,42.8,9280675
1102,2020-12-16,43.1,43.9,43,43.85,4765448
1102,2020-12-15,42.7,43.1,42.7,42.95,3492528
1102,2020-12-14,43.1,43.3,42.8,42.8,5243219
1102,2020-12-11,43.55,43.8,43.1,43.1,4828037
1102,2020-12-10,43.5,43.95,43.5,43.65,3882077
1102,2020-12-09,44.1,44.2,43.9,43.9,5325604
1102,2020-12-08,44.05,44.25,43.75,44,3999488
1102,2020-12-07,44.1,44.25,43.75,44.15,7933453
1102,2020-12-04,43.85,44.15,43.75,43.95,7024708
1102,2020-12-03,43.35,43.8,43.3,43.6,5359103
1102,2020-12-02,43.3,43.7,43.2,43.25,6041078
1102,2020-12-01,43.4,43.7,43.3,43.3,3606298
1102,2020-11-30,44.1,44.15,43.3,43.3,17653435
1102,2020-11-27,43.65,44.1,43.65,44.1,3561543
1102,2020-11-26,43.8,44,43.6,44,2786782
1102,2020-11-25,43.75,44.1,43.6,43.7,3856730
1102,2020-11-24,44.1,44.3,43.75,43.75,3566497
1102,2020-11-23,44.1,44.45,44,44.15,3456278
1102,2020-11-20,44.2,44.2,43.85,44.1,4069044
1102,2020-11-19,44.2,44.5,44,44.25,4701683
1102,2020-11-18,44.6,44.6,44.05,44.5,5633522
1102,2020-11-17,43.95,44.4,43.75,44.4,7640000
1102,2020-11-16,43.85,44.2,43.75,43.95,6599232
1102,2020-11-13,43.65,43.8,43.1,43.7,5934275
1102,2020-11-12,43.5,43.75,42.9,43.7,8049790
1102,2020-11-11,42.5,43.65,42.45,43.65,10973305
1102,2020-11-10,42.05,42.45,42.05,42.25,5461577
1102,2020-11-09,42.25,42.3,41.9,42,3182845
1102,2020-11-06,42,42,41.7,41.85,2572501
1102,2020-11-05,42.2,42.2,41.9,42,3280095
1102,2020-11-04,42,42.2,41.8,42.2,4196596
1102,2020-11-03,41.9,42.1,41.8,42,4682713
1102,2020-11-02,41.4,41.8,41.2,41.75,4015463
1102,2020-10-30,41,41.45,41,41.15,5549613
1102,2020-10-29,41.5,41.6,41,41,4790990
1102,2020-10-28,41.15,42.1,41.15,41.9,8200138
1102,2020-10-27,41.15,41.4,41.1,41.25,2628833
1102,2020-10-26,41.1,41.5,41.1,41.25,2075998
1102,2020-10-23,41.45,41.6,41.1,41.1,4076366
1102,2020-10-22,40.95,41.8,40.95,41.45,8919218
1102,2020-10-21,41.1,41.4,40.9,41,5209230
1102,2020-10-20,41,41.4,40.8,40.8,5039039
1102,2020-10-19,40.7,41.4,40.7,41,4966697
1102,2020-10-16,40.3,40.8,40.3,40.55,5422472
1102,2020-10-15,40.25,40.7,40.2,40.4,4909278
1102,2020-10-14,40.6,40.75,40.3,40.3,6396637
1102,2020-10-13,40.65,40.7,40.35,40.55,3915155
1102,2020-10-12,41.1,41.25,40.6,40.7,7912158
1102,2020-10-08,41.3,41.6,40.85,41.1,4786413
1102,2020-10-07,41.4,41.6,41.15,41.2,4511302
1102,2020-10-06,41.35,41.8,41,41.8,4048790
1102,2020-10-05,41.75,41.95,41.15,41.15,3131336
1102,2020-09-30,41.55,41.8,41.4,41.5,3530118
1102,2020-09-29,41.4,41.65,41.05,41.35,4020221
1102,2020-09-28,40.8,41.4,40.8,41.4,2237701
1102,2020-09-25,40.7,41.15,40.5,40.8,4020519
1102,2020-09-24,40.8,40.9,40.1,40.2,9032466
1102,2020-09-23,41.5,41.6,41.05,41.3,5072516
1102,2020-09-22,41.6,41.85,41.5,41.5,5992442
1102,2020-09-21,42.65,42.65,41.7,41.9,5182653
1102,2020-09-18,42.5,42.7,42.3,42.7,6094526
1102,2020-09-17,42.6,42.8,42.15,42.4,3361981
1102,2020-09-16,42.8,42.8,42.55,42.8,4298210
1102,2020-09-15,42.9,42.9,42.45,42.7,4435506
1102,2020-09-14,42.4,42.9,42.35,42.9,5626511
1102,2020-09-11,42.3,42.5,42.1,42.2,3520545
1102,2020-09-10,42.65,42.75,42.45,42.6,4803887
1102,2020-09-09,41.6,42.65,41.6,42.6,4906850
1102,2020-09-08,42.35,42.7,42.3,42.35,4202010
1102,2020-09-07,41.75,42.4,41.7,42.3,4209046
1102,2020-09-04,41.15,41.85,41.1,41.7,5540323
1102,2020-09-03,41.7,42.4,41.7,41.75,8818885
1102,2020-09-02,42.1,42.3,41.35,41.6,10913064
1102,2020-09-01,42.5,42.55,41.95,42,8035169
1102,2020-08-31,43.25,43.3,42.5,42.5,7477586
1102,2020-08-28,42.55,42.85,42.1,42.45,6947771
1102,2020-08-27,43,43,42.55,42.65,4060449
1102,2020-08-26,43.1,43.3,42.85,42.85,4711998
1102,2020-08-25,43.6,43.65,43.1,43.35,6457903
1102,2020-08-24,43.4,43.5,42.85,43.3,7023226
1102,2020-08-21,42.95,43.45,42.45,43.4,8294495
1102,2020-08-20,43.05,43.4,41.5,42.25,10579972
1102,2020-08-19,43.3,43.95,43,43.15,11632513
1102,2020-08-18,43,43.45,42.75,43.3,16451088
1102,2020-08-17,41.65,42.75,41.6,42.5,14946985
1102,2020-08-14,40.8,41.75,40.8,41.5,6339031
1102,2020-08-13,41,41.5,40.9,41.1,5615167
1102,2020-08-12,41,41,40.7,40.75,7912994
1102,2020-08-11,41.2,41.25,40.9,40.95,4345532
1102,2020-08-10,41.2,41.35,41,41.2,5734649
1102,2020-08-07,41.05,41.4,41,41.05,7757757
1102,2020-08-06,41.4,41.45,40.9,41.05,6754839
1102,2020-08-05,40.6,41.1,40.55,40.85,10604969
1102,2020-08-04,40.05,40.75,40,40.45,7323732
1102,2020-08-03,40,40.1,39.95,40,7795217
1102,2020-07-31,40,40.1,39.85,39.95,11113564
1102,2020-07-30,40,40,39.5,40,8727046
1102,2020-07-29,39.8,40.4,39.55,39.65,13057643
1102,2020-07-28,40.3,40.5,39.8,39.8,13323909
1102,2020-07-27,41.75,41.75,40.65,40.7,11194725
1102,2020-07-24,41.9,42.25,41.6,41.85,7965367
1102,2020-07-23,41.85,42.4,41.8,41.9,39848943
1102,2020-07-22,46.45,46.75,45.95,46.3,21097017
1102,2020-07-21,45.75,46.65,45.7,46.45,27237051
1102,2020-07-20,45.3,45.7,45,45.5,14976163
1102,2020-07-17,45.8,46.1,45.25,45.3,11666594
1102,2020-07-16,46.4,46.55,45.35,45.4,15263687
1102,2020-07-15,46.4,46.85,46.35,46.4,15578936
1102,2020-07-14,46.45,46.75,46.3,46.5,9754809
1102,2020-07-13,46.35,46.9,46.25,46.4,11993642
1102,2020-07-10,46.2,46.7,46,46.3,10718289
1102,2020-07-09,46,46.75,45.9,46.05,13095375
1102,2020-07-08,45.75,46.25,45.4,45.8,11423233
1102,2020-07-07,45.7,46.4,45.35,45.75,10416381
1102,2020-07-06,45.2,45.6,45.05,45.6,8314522
1102,2020-07-03,44.75,45.05,44.7,45,7152251
1102,2020-07-02,44.15,44.65,43.95,44.5,10431120
1102,2020-07-01,43.5,44.65,43.45,44.1,10384994
1102,2020-06-30,43.4,44.25,43.35,43.6,9830104
1102,2020-06-29,43.25,43.5,43.1,43.25,10959413
1102,2020-06-24,43.45,43.9,43.4,43.45,9005814
1102,2020-06-23,43.5,43.6,43.05,43.25,7722347
1102,2020-06-22,43.5,43.9,43.2,43.2,6690685
1102,2020-06-19,43.35,44.1,42.95,43.45,19517655
1102,2020-06-18,43.75,43.8,43.1,43.35,7237582
1102,2020-06-17,43.7,44.05,43.25,43.4,11045891
1102,2020-06-16,43.95,44.15,43.55,43.9,8764149
1102,2020-06-15,44,44.3,43.5,43.6,5914539
1102,2020-06-12,43.85,44.05,43.55,44.05,7588831
1102,2020-06-11,44.75,44.8,44.1,44.15,7173592
1102,2020-06-10,44.7,44.95,44.55,44.8,6186826
1102,2020-06-09,45.15,45.15,44.5,44.85,8784474
1102,2020-06-08,45.25,45.3,45,45.15,5694686
1102,2020-06-05,45,45.3,44.7,45.2,6003372
1102,2020-06-04,45.2,45.25,44.7,44.7,7727444
1102,2020-06-03,44.8,45.5,44.65,45.2,10303024
1102,2020-06-02,44.25,44.45,44.15,44.4,6428375
1102,2020-06-01,43.8,44.3,43.8,44.1,4755079
1102,2020-05-29,43.25,43.65,43.05,43.55,7384697
1102,2020-05-28,43.8,43.9,43.25,43.25,6713740
1102,2020-05-27,44.1,44.2,43.7,43.7,5734772
1102,2020-05-26,44,44.5,43.9,44.2,4735309
1102,2020-05-25,43.9,43.9,43,43.9,4876120
1102,2020-05-22,43.8,43.95,43.55,43.9,5291940
1102,2020-05-21,43.85,44.1,43.6,44,6636876
1102,2020-05-20,44,44.05,43.75,43.9,8588570
1102,2020-05-19,43.95,44.1,43.65,44.05,6942422
1102,2020-05-18,43.3,43.75,42.6,43.6,7705800
1102,2020-05-15,43.8,44.2,43.5,43.95,7053103
1102,2020-05-14,43.9,43.95,43.5,43.8,7071600
1102,2020-05-13,44.1,44.15,43.8,43.95,4072473
1102,2020-05-12,44.1,44.55,44,44.2,5917836
1102,2020-05-11,44,44.8,43.95,44.5,7088386
1102,2020-05-08,44.1,44.2,43.8,44,8781941
1102,2020-05-07,43.45,43.85,43.3,43.6,3910206
1102,2020-05-06,43.8,43.85,43,43.45,6998764
1102,2020-05-05,43.2,43.8,43.2,43.8,6841360
1102,2020-05-04,42,43.4,41.9,43.05,7521533
1102,2020-04-30,42.95,44.1,42.9,43.9,10138313
1102,2020-04-29,42.35,43.1,42.3,42.95,5879387
1102,2020-04-28,42.3,42.4,41.85,42.05,6543315
1102,2020-04-27,42.15,42.65,42,42.25,5327087
1102,2020-04-24,41.65,41.9,41.4,41.7,4432295
1102,2020-04-23,41.55,42.65,41.35,41.6,10165891
1102,2020-04-22,41.6,41.85,41.3,41.55,7654087
1102,2020-04-21,43.05,43.25,42,42.25,8294000
1102,2020-04-20,43.1,43.65,43.05,43.35,4017937
1102,2020-04-17,43.3,43.6,43,43.5,10307736
1102,2020-04-16,42.8,43.65,42.65,43.25,6691404
1102,2020-04-15,43,43.35,42.75,43.35,9753251
1102,2020-04-14,41.9,43.05,41.85,42.7,8964502
1102,2020-04-13,42,42.05,41.6,41.9,3744404
1102,2020-04-10,41.7,42.15,41.65,42.15,3657117
1102,2020-04-09,42.05,42.2,41.35,42,9348546
1102,2020-04-08,40,42.6,40,42,18093683
1102,2020-04-07,39.4,40.3,39.3,39.9,12131291
1102,2020-04-06,39,39.2,38.1,39.05,8446441
1102,2020-04-01,39.5,39.6,38.6,38.6,10980751
1102,2020-03-31,39.15,39.65,39.15,39.4,9009076
1102,2020-03-30,38.5,39.65,37.75,39.1,7208843
1102,2020-03-27,39.4,39.5,38.7,38.7,9776215
1102,2020-03-26,39.5,39.55,38.6,38.8,8562141
1102,2020-03-25,39.8,40.3,39.15,39.2,7808915
1102,2020-03-24,39.5,40,38.95,39,10985520
1102,2020-03-23,37.1,39.4,36.5,38.1,16255845
1102,2020-03-20,36.05,39.2,36,39.2,13882250
1102,2020-03-19,35.55,36.95,35.2,35.65,19288242
1102,2020-03-18,38.2,38.75,37.5,37.5,10728627
1102,2020-03-17,39.65,39.8,38.25,38.25,18330938
1102,2020-03-16,41,41,39.8,39.8,13706288
1102,2020-03-13,38.7,41.2,38.65,41,19503092
1102,2020-03-12,42.3,42.35,41.4,41.4,15453135
1102,2020-03-11,42,43.25,41.85,42.55,12100948
1102,2020-03-10,42.8,43.5,41.5,42,13476529
1102,2020-03-09,43.15,43.6,42.95,43.2,10254853
1102,2020-03-06,43.55,43.7,43.25,43.65,7562483
1102,2020-03-05,43.5,43.75,43.4,43.55,5738844
1102,2020-03-04,43.1,43.65,43.05,43.4,7594926
1102,2020-03-03,44.15,44.5,43.1,43.1,19215183
1102,2020-03-02,43,44.45,43,43.9,15205546
1102,2020-02-27,44.25,45.05,44.05,44.35,11306775
1102,2020-02-26,44.1,44.8,43.75,44.3,13691964
1102,2020-02-25,45.05,45.25,44.8,44.85,18606637
1102,2020-02-24,45.65,46.25,45.3,46.15,8537295
1102,2020-02-21,46.05,46.5,45.45,46.25,8108780
1102,2020-02-20,47,47.2,45.85,46.15,10395368
1102,2020-02-19,47.3,47.45,47.15,47.2,4222287
1102,2020-02-18,46.5,47.35,46.5,47.35,5737885
1102,2020-02-17,46.6,46.95,46.35,46.95,5510177
1102,2020-02-14,46.35,46.95,46.2,46.95,9165278
1102,2020-02-13,46,46.45,45.85,46.45,7882296
1102,2020-02-12,46,46.3,45.75,46.1,5974096
1102,2020-02-11,45.7,46,45.5,46,5592624
1102,2020-02-10,45.3,46,45,45.8,6818988
1102,2020-02-07,45.35,45.95,45.2,45.8,7168123
1102,2020-02-06,45.2,46.05,45.2,45.95,8615760
1102,2020-02-05,45.5,45.5,44.9,45.1,11926255
1102,2020-02-04,45.4,45.65,44.55,45.5,12717585
1102,2020-02-03,43.7,45.1,42.65,45,14750980
1102,2020-01-31,45.2,45.9,45.05,45.15,17190749
1102,2020-01-30,46.3,46.7,44.7,44.9,28286462
1102,2020-01-20,49,49,48.6,48.7,4890759
1102,2020-01-17,48.6,48.95,48.5,48.85,4042780
1102,2020-01-16,48.45,48.65,48.3,48.5,5450749
1102,2020-01-15,48.9,49.15,48.35,48.5,7897581
1102,2020-01-14,48.9,49.05,48.75,49,7663581
1102,2020-01-13,48.85,49.15,48.65,48.95,7605485
1102,2020-01-10,48.95,48.95,48.45,48.6,5072608
1102,2020-01-09,48.55,49,48.5,48.95,6330170
1102,2020-01-08,47.9,48.55,47.85,48.55,7750971
1102,2020-01-07,48.15,48.5,47.85,48.35,8580403
1102,2020-01-06,48.5,48.5,47.9,48.3,8721686
1102,2020-01-03,49.9,49.9,48.1,48.8,9353803
1102,2020-01-02,48.1,49,48.05,48.9,8890485
1102,2021-12-30,44.3,44.35,44.15,44.3,2657006
1102,2021-12-29,44.3,44.3,44.1,44.25,2223771
1102,2021-12-28,44.25,44.25,44.05,44.2,2179894
1102,2021-12-27,44.25,44.25,44,44.15,2677227
1102,2021-12-24,44.4,44.4,44.1,44.25,2658738
1102,2021-12-23,43.9,44.35,43.85,44.3,10764175
1102,2021-12-22,43.9,44.15,43.85,43.9,11260790
1102,2021-12-21,43.65,43.95,43.5,43.75,11699582
1102,2021-12-20,43.25,43.75,43.25,43.4,15552972
1102,2021-12-17,42.95,43.4,42.85,42.95,32402436
1102,2021-12-16,43.3,43.35,42.6,42.95,12502560
1102,2021-12-15,43.3,43.65,43.25,43.4,4883233
1102,2021-12-14,43,43.35,42.9,43.05,3953319
1102,2021-12-13,43.45,43.65,43,43,6113639
1102,2021-12-10,43.45,43.55,43.3,43.45,3386073
1102,2021-12-09,43.55,43.6,43.3,43.5,4913512
1102,2021-12-08,43.4,43.55,43.3,43.5,5708508
1102,2021-12-07,43.2,43.4,43,43.25,4879669
1102,2021-12-06,42.75,43.25,42.4,43.15,6359313
1102,2021-12-03,42.5,42.95,42.25,42.75,5044777
1102,2021-12-02,42.25,42.5,42.1,42.4,8177124
1102,2021-12-01,42.1,42.7,42.05,42.35,10842685
1102,2021-11-30,42.6,43.15,42,42,21163999
1102,2021-11-29,42,42.65,42,42.45,8859868
1102,2021-11-26,42.3,42.65,42,42.25,10445804
1102,2021-11-25,43,43.05,42.3,42.35,26675958
1102,2021-11-24,43.9,43.9,43.05,43.35,17168229
1102,2021-11-23,44.2,44.3,43.8,44.1,19502136
1102,2021-11-22,45.1,45.1,44.65,44.7,5098969
1102,2021-11-19,44.75,45.05,44.75,45.05,4568043
1102,2021-11-18,44.9,44.9,44.55,44.7,7502024
1102,2021-11-17,45.1,45.1,44.8,44.9,6098849
1102,2021-11-16,45.3,45.3,45,45.1,5514883
1102,2021-11-15,45.7,45.75,45.2,45.25,6146055
1102,2021-11-12,45.2,45.6,45.1,45.55,5998867
1102,2021-11-11,45.1,45.35,45,45.3,5936703
1102,2021-11-10,44.75,44.8,44.6,44.8,3814954
1102,2021-11-09,44.9,45,44.65,44.8,3306633
1102,2021-11-08,44.8,44.9,44.55,44.9,4736417
1102,2021-11-05,44.5,44.8,44.25,44.8,3749287
1102,2021-11-04,44.6,44.6,44.4,44.5,2645674
1102,2021-11-03,44.5,44.55,44.3,44.5,3115187
1102,2021-11-02,44.3,44.7,44.3,44.5,4085367
1102,2021-11-01,44.25,44.3,44,44.2,5023721
1102,2021-10-29,44.4,44.45,44.2,44.3,5403720
1102,2021-10-28,44.35,44.5,44.3,44.35,2808835
1102,2021-10-27,44.45,44.6,44.25,44.3,5944097
1102,2021-10-26,44.6,44.85,44.5,44.5,6451464
1102,2021-10-25,44.9,45,44.6,44.6,3772893
1102,2021-10-22,45,45.2,44.8,44.85,6079229
1102,2021-10-21,44.7,44.95,44.55,44.6,8977536
1102,2021-10-20,45,45.15,44.6,44.75,7608977
1102,2021-10-19,45.45,45.45,45,45.15,5718596
1102,2021-10-18,45.6,45.75,45.4,45.45,4185917
1102,2021-10-15,45.5,45.65,45.3,45.5,4279056
1102,2021-10-14,45.65,45.75,45.2,45.35,3580973
1102,2021-10-13,45.8,45.8,45.2,45.4,4666135
1102,2021-10-12,45.25,45.6,45.1,45.45,5866092
1102,2021-10-08,45.9,45.9,45.65,45.85,3663113
1102,2021-10-07,45.6,45.9,45.35,45.8,7895369
1102,2021-10-06,45.4,45.8,45.2,45.65,9005190
1102,2021-10-05,45.3,45.45,44.85,45.3,6168883
1102,2021-10-04,45.5,45.7,45.25,45.45,6971683
1102,2021-10-01,45.6,45.7,45,45.35,9063543
1102,2021-09-30,45.6,45.9,45.45,45.6,6960830
1102,2021-09-29,44.8,45.9,44.8,45.8,9205949
1102,2021-09-28,46.25,46.4,46,46.35,4360965
1102,2021-09-27,46.45,46.55,46,46.45,6767144
1102,2021-09-24,46.4,46.65,46.3,46.45,8006524
1102,2021-09-23,45.9,46.3,45.85,46.15,11235131
1102,2021-09-22,44.5,45.6,44.35,45.6,16182920
1102,2021-09-17,45.5,45.55,44.8,45,39051598
1102,2021-09-16,46.35,46.5,46.15,46.5,6842121
1102,2021-09-15,46.6,46.65,45.85,46.35,8713252
1102,2021-09-14,46.15,46.6,46.05,46.5,11625869
1102,2021-09-13,45.05,45.9,45,45.9,10397352
1102,2021-09-10,44.5,44.95,44.35,44.95,4284006
1102,2021-09-09,44.5,44.6,44.2,44.35,5539965
1102,2021-09-08,45.1,45.15,44.55,44.75,6774957
1102,2021-09-07,44.9,45.15,44.75,45.15,5617032
1102,2021-09-06,45,45.2,44.45,44.9,6795816
1102,2021-09-03,44.9,45.2,44.9,45.1,5272267
1102,2021-09-02,45.5,45.55,44.8,44.85,10962693
1102,2021-09-01,44.9,45.7,44.8,45.65,11328372
1102,2021-08-31,44.7,44.95,44.4,44.9,7370290
1102,2021-08-30,44.3,44.8,44.3,44.7,6170999
1102,2021-08-27,43.7,44.4,43.7,44.2,5966425
1102,2021-08-26,44,44.1,43.6,43.65,9150363
1102,2021-08-25,43.95,44.3,43.85,43.95,7165746
1102,2021-08-24,43.8,43.9,43.55,43.8,5341101
1102,2021-08-23,43.5,44,43.35,43.6,5750159
1102,2021-08-20,43.35,43.65,43,43,10016245
1102,2021-08-19,44.1,44.15,43.3,43.35,13056881
1102,2021-08-18,43.7,44.2,43.35,44.1,14331289
1102,2021-08-17,44.7,44.75,43.75,43.75,15441638
1102,2021-08-16,45.6,45.6,44.5,44.6,15094757
1102,2021-08-13,45.8,45.95,45.5,45.6,8662187
1102,2021-08-12,45.8,45.85,45.55,45.75,7921546
1102,2021-08-11,45.5,45.9,45.15,45.6,11848539
1102,2021-08-10,46,46,45.4,45.55,10356614
1102,2021-08-09,46.05,46.05,45.05,45.85,19825187
1102,2021-08-06,46.5,46.55,46,46.05,20295408
1102,2021-08-05,45.6,47.15,45.6,46.35,94576477
1102,2021-08-04,52.3,52.4,51.8,51.9,28022550
1102,2021-08-03,52,52.2,51.7,52.1,26329816
1102,2021-08-02,51.5,52.2,51.5,51.8,21511806
1102,2021-07-30,52.1,52.3,51.8,51.8,16737276
1102,2021-07-29,52.3,52.4,51.8,52.4,13060147
1102,2021-07-28,53.1,53.3,51.9,52.1,20838263
1102,2021-07-27,53.3,53.3,52.7,53,6854281
1102,2021-07-26,53.2,53.6,53,53.1,9172105
1102,2021-07-23,52.4,52.9,52.2,52.8,12972242
1102,2021-07-22,52.5,52.7,52,52.2,6994899
1102,2021-07-21,51.9,52.7,51.8,52.5,16511804
1102,2021-07-20,52,52.4,51.9,52,4641853
1102,2021-07-19,51.8,52.5,51.8,52.5,7116866
1102,2021-07-16,51.9,52.2,51.7,52,4783745
1102,2021-07-15,52.5,52.6,51.8,51.9,8267759
1102,2021-07-14,52.4,52.7,52.1,52.5,10461531
1102,2021-07-13,52.8,53,52.3,52.6,12419852
1102,2021-07-12,52.9,53,52.5,52.7,11953702
1102,2021-07-09,52.6,53.2,52.4,52.8,18598295
1102,2021-07-08,51.9,53,51.9,53,25399726
1102,2021-07-07,51,51.7,50.9,51.7,17598248
1102,2021-07-06,50.9,51.1,50.8,51,14212895
1102,2021-07-05,50.9,51.1,50.7,51,7416538
1102,2021-07-02,50.9,51,50.4,50.5,6614419
1102,2021-07-01,50.7,51,50.4,50.6,7058000
1102,2021-06-30,50.9,51.1,50.7,50.7,9249903
1102,2021-06-29,50.9,51,50.6,50.7,6736547
1102,2021-06-28,50.7,51.1,50.4,50.9,10343646
1102,2021-06-25,50.4,51.2,50.2,50.6,10382288
1102,2021-06-24,50.4,50.9,50.2,50.3,11601949
1102,2021-06-23,51.1,51.3,50.2,50.5,16436592
1102,2021-06-22,50,51.6,50,50.8,22314411
1102,2021-06-21,50.3,50.3,49.9,50,10213166
1102,2021-06-18,50.8,51.1,50.2,50.4,21127559
1102,2021-06-17,50.8,51.2,50.7,51.1,7209062
1102,2021-06-16,50.7,51.2,50.5,51.1,7373936
1102,2021-06-15,50.9,51,50.5,50.7,5897556
1102,2021-06-11,50.7,50.9,50.4,50.7,7726749
1102,2021-06-10,50.7,50.9,50.3,50.6,7514569
1102,2021-06-09,50.9,51,50.5,50.6,8786789
1102,2021-06-08,51.3,51.4,50.7,50.9,12774149
1102,2021-06-07,51.6,51.7,50.6,51.1,12165797
1102,2021-06-04,51.9,52.1,51.1,51.4,10402849
1102,2021-06-03,52.4,52.5,51.4,51.8,13118648
1102,2021-06-02,51.6,52.2,51.2,51.9,15195799
1102,2021-06-01,51.9,51.9,51.3,51.6,7274980
1102,2021-05-31,50.6,52.4,50.4,51.9,21653465
1102,2021-05-28,50.8,50.8,49.9,50.4,12359703
1102,2021-05-27,50,50.6,49.8,50.2,10902835
1102,2021-05-26,50.3,50.3,49.8,50.1,7280680
1102,2021-05-25,50.4,50.7,50.1,50.3,7042707
1102,2021-05-24,50,50.7,49.95,50.3,5845275
1102,2021-05-21,54,54,50.1,50.6,17140497
1102,2021-05-20,49.8,50.4,49.5,50.1,10116913
1102,2021-05-19,49.2,49.95,49,49.85,10449727
1102,2021-05-18,48.5,49.95,48.45,49.95,14450270
1102,2021-05-17,47.85,48.75,47.05,48.45,15063624
1102,2021-05-14,48.5,49.5,48.5,49,14704057
1102,2021-05-13,46.8,48.9,46.65,47.95,17384280
1102,2021-05-12,50.1,50.3,47,48.55,36498880
1102,2021-05-11,51.1,51.7,49.8,50.1,23722859
1102,2021-05-10,50.5,51,50.3,50.9,11998316
1102,2021-05-07,50.5,50.7,49.85,50.3,8585361
1102,2021-05-06,49.55,50.5,49.5,50.4,15029188
1102,2021-05-05,48.55,49.8,48.2,49.3,11126408
1102,2021-05-04,49.6,49.9,48.25,48.55,21282563
1102,2021-05-03,49.75,49.95,49.5,49.6,11829848
1102,2021-04-29,49.95,50.4,49.9,49.95,12270033
1102,2021-04-28,50.3,50.6,49.95,50.2,14032922
1102,2021-04-27,50.9,50.9,50.2,50.3,11508196
1102,2021-04-26,50,51,49.9,50.8,14073058
1102,2021-04-23,51,51,49.7,50.2,22050376
1102,2021-04-22,53.1,54.3,51.3,51.6,40856399
1102,2021-04-21,50.7,53,50.3,52.2,31447338
1102,2021-04-20,51.1,52.8,50.2,50.7,25377783
1102,2021-04-19,49.4,50,49.3,50,16653431
1102,2021-04-16,48.3,48.95,48.1,48.95,12329015
1102,2021-04-15,47.4,49.3,47.4,48.3,20865248
1102,2021-04-14,47.4,47.75,47.05,47.4,11924201
1102,2021-04-13,47,47.8,46.9,47.35,17959504
1102,2021-04-12,46.7,47.1,46.65,46.8,11384965
1102,2021-04-09,46.9,47,46.65,46.7,9025700
1102,2021-04-08,46.8,46.95,46.7,46.9,8140236
1102,2021-04-07,47.05,47.1,46.75,47,8479385
1102,2021-04-06,47.15,47.25,46.75,47.1,9697586
1102,2021-04-01,47.8,47.8,47,47.1,13710043
1102,2021-03-31,46.85,47.8,46.85,47.8,17820007
1102,2021-03-30,46.85,47,46.6,46.8,12438302
1102,2021-03-29,46.65,46.85,46.5,46.8,8255689
1102,2021-03-26,46.7,46.85,46.1,46.5,13985744
1102,2021-03-25,45.8,46.05,45.1,46,5672472
1102,2021-03-24,45.7,46,45.65,45.9,3517801
1102,2021-03-23,45.8,46.1,45.55,45.95,5939700
1102,2021-03-22,45.8,47.2,44.9,45.8,16214783
1102,2021-03-19,43.95,44.4,43.8,44.4,11384652
1102,2021-03-18,44.2,45,44.15,44.35,8395088
1102,2021-03-17,44,44.2,43.85,44,6084343
1102,2021-03-16,43.75,44.2,43.6,44.05,4113800
1102,2021-03-15,43.85,44.15,43.7,43.75,4649367
1102,2021-03-12,43.95,44.1,43.6,43.9,5112304
1102,2021-03-11,44,44.2,43.85,43.9,6626676
1102,2021-03-10,43.95,44,43.55,43.75,5311264
1102,2021-03-09,43.5,43.9,43.45,43.9,6666662
1102,2021-03-08,43.25,43.8,43.15,43.45,6823276
1102,2021-03-05,42.75,43.2,42.7,43.15,3948598
1102,2021-03-04,43.2,43.25,42.65,43.2,6725272
1102,2021-03-03,43.1,43.3,42.8,43.1,9027547
1102,2021-03-02,43.1,43.2,42.5,42.5,7418493
1102,2021-02-26,43.1,43.1,42.25,42.65,13631675
1102,2021-02-25,43,43.35,43,43.3,5086117
1102,2021-02-24,43.1,43.2,42.85,43,7303032
1102,2021-02-23,43,43.1,42.55,43,8834937
1102,2021-02-22,41.9,43.05,41.7,42.75,15611185
1102,2021-02-19,41.3,41.8,40.95,41.8,9266283
1102,2021-02-18,41.05,41.5,41.05,41.25,6209090
1102,2021-02-17,41,41.45,40.5,41.15,8853181
1102,2021-02-05,40.75,41,40.65,40.9,3187842
1102,2021-02-04,40.75,40.95,40.65,40.7,2964325
1102,2021-02-03,40.8,41.05,40.55,41.05,3928622
1102,2021-02-02,40.55,40.95,40.45,40.8,5507097
1102,2021-02-01,40.4,40.65,40.1,40.45,3072882
1102,2021-01-29,40.25,40.45,40,40,6818774
1102,2021-01-28,40.6,40.95,40.15,40.35,7486143
1102,2021-01-27,40.55,40.7,40.5,40.5,5252960
1102,2021-01-26,40.9,41,40.45,40.55,5068031
1102,2021-01-25,40.75,41.15,40.55,40.85,4624583
1102,2021-01-22,41.1,41.15,40.5,40.75,8216525
1102,2021-01-21,41.55,41.55,41.05,41.05,5893568
1102,2021-01-20,41.85,41.9,41.05,41.45,8679192
1102,2021-01-19,42,42.2,41.9,42.15,3123014
1102,2021-01-18,41.8,41.9,41.35,41.85,7313914
1102,2021-01-15,42.4,42.5,41.75,41.8,11756995
1102,2021-01-14,43,43,42.5,42.55,7091380
1102,2021-01-13,42.85,43,42.8,42.9,5084070
1102,2021-01-12,43.05,43.15,42.8,42.9,4323227
1102,2021-01-11,43.5,43.5,43,43.25,4057304
1102,2021-01-08,43.3,43.45,43.05,43.45,4414294
1102,2021-01-07,43.3,43.8,43.2,43.25,7361995
1102,2021-01-06,42.95,43.2,42.9,43.15,5573415
1102,2021-01-05,42.95,43.2,42.85,43,6152717
1102,2021-01-04,43.15,43.4,42.85,43,4783009
1102,2022-12-30,40.9,41.1,40.7,41,2299567
1102,2022-12-29,40.8,40.9,40.35,40.8,4686551
1102,2022-12-28,41.4,41.4,41,41.15,3378709
1102,2022-12-27,41.5,41.6,41.4,41.55,3092048
1102,2022-12-26,41.55,41.55,41.25,41.5,2373204
1102,2022-12-23,41,41.55,40.85,41.55,6062301
1102,2022-12-22,40.85,41.65,40.6,41.45,33732998
1102,2022-12-21,41,41.05,40.3,40.55,33660723
1102,2022-12-20,41.25,41.25,40.7,40.9,30874241
1102,2022-12-19,41.1,41.6,40.75,41.3,30453797
1102,2022-12-16,40.75,41.9,40.3,41.9,39208196
1102,2022-12-15,41.15,41.35,40.85,40.95,7320892
1102,2022-12-14,41.4,41.55,41,41.2,6293598
1102,2022-12-13,41.25,41.45,40.9,41.15,7028462
1102,2022-12-12,41.05,41.3,40.95,41.25,4521236
1102,2022-12-09,41.2,41.45,41.05,41.35,7559213
1102,2022-12-08,40.75,41.1,40.75,41,4346295
1102,2022-12-07,41.15,41.3,40.9,40.9,5129310
1102,2022-12-06,41.15,41.35,40.85,41.25,4593846
1102,2022-12-05,40.85,41.2,40.85,41.2,4516861
1102,2022-12-02,40.5,40.9,40.5,40.85,5951741
1102,2022-12-01,41.5,41.6,40.55,40.8,9669186
1102,2022-11-30,40.75,41.3,40.6,41.3,7423358
1102,2022-11-29,40.7,41.1,40.2,41.05,5663869
1102,2022-11-28,40.55,40.85,40.2,40.45,5451308
1102,2022-11-25,41.05,41.35,40.75,40.95,4340138
1102,2022-11-24,41,41.35,40.85,41.1,4190221
1102,2022-11-23,40.95,41.05,40.7,40.75,3020800
1102,2022-11-22,41.25,41.3,40.55,40.95,3781622
1102,2022-11-21,41.25,41.25,40.6,41.05,3940460
1102,2022-11-18,41.05,41.45,40.75,41.25,5442084
1102,2022-11-17,40.35,41.6,40.25,41.45,6991644
1102,2022-11-16,40.5,41,40.2,40.5,6126168
1102,2022-11-15,40.3,40.9,39.8,40.75,5641454
1102,2022-11-14,39.2,40.6,39.15,40.6,9991435
1102,2022-11-11,38.9,39.35,38.7,39.05,5753502
1102,2022-11-10,38.55,38.75,38.45,38.55,3122447
1102,2022-11-09,38.1,38.5,38.05,38.5,4687959
1102,2022-11-08,37.55,38.1,37.5,37.95,4065330
1102,2022-11-07,37.5,37.8,37.35,37.6,3382895
1102,2022-11-04,36.9,37.45,36.85,37.45,4278251
1102,2022-11-03,36.9,37.4,36.6,37.3,3464912
1102,2022-11-02,37.65,37.85,37.35,37.5,2923767
1102,2022-11-01,37.3,37.6,36.7,37.55,2759455
1102,2022-10-31,37.35,37.5,36.85,37.3,3022207
1102,2022-10-28,37.65,37.65,37.1,37.1,3415964
1102,2022-10-27,37.5,37.95,37.25,37.25,5283704
1102,2022-10-26,37.05,37.7,37,37.35,3182189
1102,2022-10-25,37.8,37.8,36.6,37.15,5128642
1102,2022-10-24,38,38,37.3,37.4,2562644
1102,2022-10-21,37.1,37.85,36.9,37.5,3155649
1102,2022-10-20,37.3,37.8,36.8,37.1,14680680
1102,2022-10-19,37.7,38.55,37.65,37.95,7956454
1102,2022-10-18,38.75,39,37.5,37.7,11720094
1102,2022-10-17,38.4,38.4,37.8,38,11017610
1102,2022-10-14,39.15,39.2,38.4,38.45,5217523
1102,2022-10-13,39.75,39.75,38.55,38.7,5878958
1102,2022-10-12,39.6,39.85,39.5,39.8,4926655
1102,2022-10-11,39.8,39.85,39.3,39.7,7604672
1102,2022-10-07,40.15,40.2,39.9,40,3988817
1102,2022-10-06,39.9,40.35,39.9,40.15,5021922
1102,2022-10-05,39.6,40.1,39.55,39.8,6714426
1102,2022-10-04,39.25,39.85,39.25,39.4,6458544
1102,2022-10-03,39.25,39.25,38.85,39,5375765
1102,2022-09-30,40.1,40.2,39.35,39.4,9456824
1102,2022-09-29,40.25,40.4,39.55,40.05,15475681
1102,2022-09-28,40.9,41.15,39.9,39.9,12607400
1102,2022-09-27,41.05,41.7,40.65,40.75,10776800
1102,2022-09-26,42,42.1,40.8,40.95,11510797
1102,2022-09-23,43.35,43.35,42.25,42.35,9138844
1102,2022-09-22,43.4,43.85,42.5,43.85,13251965
1102,2022-09-21,43.8,44,43.2,43.85,13006650
1102,2022-09-20,44.15,44.3,43.95,43.95,11651644
1102,2022-09-19,44.2,44.5,44.1,44.1,9793440
1102,2022-09-16,44.3,44.9,44.15,44.2,18176814
1102,2022-09-15,44.45,44.9,44.1,44.85,11458440
1102,2022-09-14,43.95,44.7,43.85,44.3,8856272
1102,2022-09-13,44.2,44.5,44,44.45,9327782
1102,2022-09-12,44.5,44.6,43.65,44.1,5378793
1102,2022-09-08,43.9,44.05,43.75,44.05,4782005
1102,2022-09-07,43.1,43.9,42.9,43.75,10027634
1102,2022-09-06,43,43.45,42.7,43.45,13915415
1102,2022-09-05,42.55,43.15,42.45,42.65,11915686
1102,2022-09-02,42.35,42.65,42.1,42.3,6360059
1102,2022-09-01,42.75,42.95,42.25,42.35,9309653
1102,2022-08-31,42.4,43.25,42.3,43.25,8772988
1102,2022-08-30,42.5,42.65,42.2,42.45,4467274
1102,2022-08-29,42.3,42.55,42.05,42.45,5315313
1102,2022-08-26,42.7,42.8,42.45,42.8,4216601
1102,2022-08-25,42.5,42.8,42.3,42.65,4846140
1102,2022-08-24,42.3,42.5,42.05,42.5,4970624
1102,2022-08-23,42.5,42.55,42.1,42.55,4118668
1102,2022-08-22,42.3,42.75,42.1,42.75,3548256
1102,2022-08-19,42.8,42.8,42.3,42.6,4559370
1102,2022-08-18,42.75,42.9,42.5,42.9,5650328
1102,2022-08-17,42.55,42.8,42.35,42.8,5303697
1102,2022-08-16,42.3,42.5,42.15,42.4,6589548
1102,2022-08-15,41.95,42.4,41.85,42.25,5698590
1102,2022-08-12,42.15,42.2,41.7,41.95,4741337
1102,2022-08-11,41.3,42.3,41.2,42.25,9180583
1102,2022-08-10,41,41.1,40.85,41,2929540
1102,2022-08-09,40.9,41.3,40.9,41.25,2397414
1102,2022-08-08,40.95,41,40.65,40.9,2047273
1102,2022-08-05,41.15,41.2,40.7,40.95,4858636
1102,2022-08-04,41.4,41.55,40.7,40.7,7310848
1102,2022-08-03,41.4,41.45,41,41.45,5117862
1102,2022-08-02,41.15,41.45,40.85,41.4,6762440
1102,2022-08-01,41.45,41.5,41,41.35,6156627
1102,2022-07-29,41,41.45,40.8,41.45,12461261
1102,2022-07-28,40.9,41.2,40.2,40.5,21948471
1102,2022-07-27,44.65,44.65,44.4,44.45,14595855
1102,2022-07-26,44.75,44.75,44.35,44.65,10770830
1102,2022-07-25,44.55,44.95,44.5,44.9,12375255
1102,2022-07-22,44.5,44.85,44.25,44.85,10983902
1102,2022-07-21,44.1,44.5,43.85,44.5,11351824
1102,2022-07-20,44.25,44.4,43.9,44.05,9913814
1102,2022-07-19,43.85,44.55,43.7,44.1,12820780
1102,2022-07-18,43.3,43.95,42.7,43.95,9410074
1102,2022-07-15,44,44.2,42.9,43,9607409
1102,2022-07-14,44.15,44.45,43.6,44.15,5728739
1102,2022-07-13,44,44.25,43.8,44.2,6363477
1102,2022-07-12,43.8,44,43.6,43.7,4977228
1102,2022-07-11,43.95,44.15,43.7,44.05,2528077
1102,2022-07-08,43.8,44,43.6,43.85,4698097
1102,2022-07-07,44.1,44.3,43.75,43.85,4999329
1102,2022-07-06,44.35,44.55,43.85,44.1,5366489
1102,2022-07-05,44.2,44.4,43.9,44.3,7602670
1102,2022-07-04,44.1,44.3,43.55,43.9,7737993
1102,2022-07-01,43.85,44.4,43.85,44.2,10146275
1102,2022-06-30,43.95,44.15,43.5,43.8,6623433
1102,2022-06-29,43.5,43.95,43.5,43.7,3501258
1102,2022-06-28,44,44,43.4,43.65,2922824
1102,2022-06-27,43.95,44.2,43.75,44,3944223
1102,2022-06-24,43.7,44,43.2,43.6,4520840
1102,2022-06-23,43.8,44.05,42.65,42.95,12054747
1102,2022-06-22,43.05,43.6,43.05,43.6,14386402
1102,2022-06-21,42.45,43.3,42.45,43.05,16682542
1102,2022-06-20,42.9,43,42.4,42.4,17662757
1102,2022-06-17,43,43.45,42.1,43.45,22533433
1102,2022-06-16,43.7,43.7,43.1,43.1,6389566
1102,2022-06-15,43.55,43.8,43.2,43.3,6870437
1102,2022-06-14,43.7,43.8,43.5,43.65,4235603
1102,2022-06-13,43.8,43.9,43.5,43.7,6081626
1102,2022-06-10,44.3,44.55,44.15,44.15,5363479
1102,2022-06-09,44.5,44.8,44.3,44.65,4750658
1102,2022-06-08,44.5,44.85,44.35,44.8,4666168
1102,2022-06-07,44.35,44.75,44.15,44.2,4536670
1102,2022-06-06,44.4,44.6,43.95,44.35,4426680
1102,2022-06-02,44.8,44.85,44.25,44.4,3610804
1102,2022-06-01,44.85,45.15,44.75,44.8,2692167
1102,2022-05-31,45.45,45.6,44.4,44.4,7884150
1102,2022-05-30,45.3,45.6,45.3,45.5,4130878
1102,2022-05-27,44.8,45.2,44.7,45.2,4055435
1102,2022-05-26,44.8,45,44.5,44.5,2727732
1102,2022-05-25,44.05,44.75,44,44.75,4721079
1102,2022-05-24,44.1,44.5,43.9,44,3134268
1102,2022-05-23,44.3,44.5,43.65,44.4,5159293
1102,2022-05-20,43.65,44.05,43.6,44,3965769
1102,2022-05-19,44.2,44.25,43.2,43.65,7277877
1102,2022-05-18,44.7,44.75,44.5,44.65,5015833
1102,2022-05-17,45.25,45.35,44.75,44.75,3966755
1102,2022-05-16,45.15,45.25,44.65,44.95,4793659
1102,2022-05-13,44.4,45.1,44.4,45.05,4468285
1102,2022-05-12,44.85,45.05,44.25,44.4,6126260
1102,2022-05-11,45.75,45.9,45.3,45.3,5373713
1102,2022-05-10,45.95,46.2,45.65,46.15,4024459
1102,2022-05-09,46.5,46.9,46.3,46.3,3969188
1102,2022-05-06,47,47.45,46.75,47.2,4687079
1102,2022-05-05,47.45,47.6,47.3,47.45,2502987
1102,2022-05-04,47.55,47.6,47.15,47.45,2809027
1102,2022-05-03,48,48,47.4,47.5,2510233
1102,2022-04-29,47.85,48.15,47.7,48.1,6140712
1102,2022-04-28,47.1,48,47.1,48,8842096
1102,2022-04-27,46.75,47.3,46.55,47.1,6218454
1102,2022-04-26,46.85,47.45,46.85,47.2,2953905
1102,2022-04-25,46.95,47.05,46.75,46.9,7491901
1102,2022-04-22,47.6,47.6,47.1,47.55,3872097
1102,2022-04-21,47.5,48,47.3,47.7,7283048
1102,2022-04-20,47,47.35,46.85,47.35,5550669
1102,2022-04-19,46.55,47,46.55,46.95,4067794
1102,2022-04-18,46.6,46.65,46.3,46.55,5116156
1102,2022-04-15,47,47.2,46.7,46.9,3989298
1102,2022-04-14,47.4,47.45,47.15,47.2,3584917
1102,2022-04-13,47.3,47.75,47.1,47.5,4593680
1102,2022-04-12,47.6,47.8,47.2,47.2,6082487
1102,2022-04-11,47.85,48.05,47.4,47.6,4873615
1102,2022-04-08,47.95,48,47.8,47.8,3362374
1102,2022-04-07,48,48.3,47.8,47.95,5343015
1102,2022-04-06,48,48.45,47.7,48.45,5948706
1102,2022-04-01,48.35,48.4,47.9,48,5628349
1102,2022-03-31,48.4,48.7,48.3,48.6,5016464
1102,2022-03-30,48.45,48.5,48.35,48.5,4105135
1102,2022-03-29,48.1,48.5,48.05,48.4,4018072
1102,2022-03-28,48.05,48.25,47.8,48.1,3948114
1102,2022-03-25,48.3,48.4,48,48.25,3121842
1102,2022-03-24,48,48.45,47.9,48.45,4205415
1102,2022-03-23,48.3,48.3,48,48.1,5363814
1102,2022-03-22,48.4,48.5,48,48.3,4829078
1102,2022-03-21,47.8,48.25,47.5,48.25,5578280
1102,2022-03-18,48.05,48.2,47.85,47.9,11671801
1102,2022-03-17,47.95,48.15,47.7,48,9407598
1102,2022-03-16,47.3,47.6,47,47.6,5789190
1102,2022-03-15,47.2,47.3,46.8,47.3,7798472
1102,2022-03-14,46.8,47.2,46.8,47.2,5694070
1102,2022-03-11,46.45,46.7,46.3,46.7,5317679
1102,2022-03-10,46.2,46.5,46.15,46.45,6285856
1102,2022-03-09,45.55,46.1,45.5,45.95,7187941
1102,2022-03-08,45,45.25,44.6,44.85,8022261
1102,2022-03-07,45.4,45.7,45.05,45.5,6113384
1102,2022-03-04,46,46.15,45.65,46,2960837
1102,2022-03-03,46.25,46.3,46.05,46.2,3055537
1102,2022-03-02,46.05,46.2,45.8,46.2,3101302
1102,2022-03-01,45.9,46.2,45.7,46.1,6436536
1102,2022-02-25,45.5,45.5,45.05,45.1,8371609
1102,2022-02-24,45.7,45.8,45.25,45.55,6612247
1102,2022-02-23,45.7,46,45.65,45.9,3418274
1102,2022-02-22,45.8,45.95,45.45,45.75,4673354
1102,2022-02-21,45.5,45.95,45.2,45.95,4160024
1102,2022-02-18,45.55,45.8,45.4,45.75,2555938
1102,2022-02-17,45.45,45.75,45.4,45.7,3915589
1102,2022-02-16,45.2,45.4,45.2,45.4,3064971
1102,2022-02-15,45.2,45.3,45,45,4546497
1102,2022-02-14,45.25,45.3,44.9,45.3,3524953
1102,2022-02-11,45.3,45.5,45.2,45.5,5153528
1102,2022-02-10,45.25,45.3,45,45.3,4431990
1102,2022-02-09,44.85,45.2,44.75,45.2,5497952
1102,2022-02-08,44.85,45.05,44.65,44.75,4958189
1102,2022-02-07,44,44.8,43.95,44.8,8305193
1102,2022-01-26,44.15,44.4,44.15,44.2,3315819
1102,2022-01-25,44.05,44.25,43.9,44.15,6541743
1102,2022-01-24,44.3,44.65,44.15,44.65,4260401
1102,2022-01-21,44.35,44.6,44.2,44.5,4371418
1102,2022-01-20,44.35,44.5,44.3,44.35,2959545
1102,2022-01-19,44.55,44.6,44.25,44.4,3832694
1102,2022-01-18,44.6,44.7,44.45,44.55,3924460
1102,2022-01-17,44.45,44.6,44.3,44.4,2398946
1102,2022-01-14,44.45,44.6,44.2,44.6,3754494
1102,2022-01-13,44.4,44.7,44.3,44.4,4314762
1102,2022-01-12,44.35,44.4,44.2,44.4,2581294
1102,2022-01-11,44.2,44.35,44.15,44.35,4154220
1102,2022-01-10,44.35,44.4,44.15,44.3,1824078
1102,2022-01-07,44.1,44.35,44,44.3,3238055
1102,2022-01-06,43.8,44.1,43.7,44.1,2950572
1102,2022-01-05,43.6,44,43.5,43.9,2566459
1102,2022-01-04,44,44,43.6,43.8,3798003
1102,2022-01-03,44.4,44.45,43.85,44,3524973
1102,2023-12-29,41.25,41.5,41.2,41.45,2935085
1102,2023-12-28,41.15,41.45,41.05,41.25,2960839
1102,2023-12-27,41.05,41.55,40.9,41.1,4388976
1102,2023-12-26,40.8,41.2,40.55,41.1,3963940
1102,2023-12-25,40.4,40.75,40.3,40.75,4371101
1102,2023-12-22,40.3,40.9,40.25,40.25,15147632
1102,2023-12-21,40.6,40.85,40.3,40.3,20812325
1102,2023-12-20,40.85,41.35,40.7,40.75,21663579
1102,2023-12-19,41.9,42.3,40.8,40.8,24154817
1102,2023-12-18,42.15,42.55,42,42,18480130
1102,2023-12-15,42.35,42.65,42.25,42.25,17935312
1102,2023-12-14,42.3,42.7,42.2,42.3,8201768
1102,2023-12-13,42.15,42.35,41.95,42.25,6826012
1102,2023-12-12,42,42.2,41.9,42.15,7371195
1102,2023-12-11,41.55,41.95,41.55,41.85,3337717
1102,2023-12-08,41.9,42,41.5,41.8,4087913
1102,2023-12-07,41.5,41.9,41.5,41.6,3050635
1102,2023-12-06,41.6,41.95,41.6,41.7,3505042
1102,2023-12-05,41.75,41.9,41.4,41.6,6704329
1102,2023-12-04,41.65,42,41.6,41.75,7184805
1102,2023-12-01,41.6,41.85,41.55,41.55,3520731
1102,2023-11-30,41.95,41.95,41.7,41.7,9508329
1102,2023-11-29,42.1,42.35,41.95,42,3969556
1102,2023-11-28,42,42.3,41.9,42.1,5388254
1102,2023-11-27,41.6,42.05,41.6,41.8,3841782
1102,2023-11-24,41.7,41.75,41.6,41.6,2819845
1102,2023-11-23,41.5,41.75,41.5,41.7,3169463
1102,2023-11-22,41.5,41.75,41.5,41.6,3219540
1102,2023-11-21,41.4,41.7,41.15,41.7,7012362
1102,2023-11-20,41.55,41.55,41.2,41.35,5767144
1102,2023-11-17,41.5,41.75,41.45,41.45,6032180
1102,2023-11-16,41.05,41.7,41,41.5,8668316
1102,2023-11-15,40.4,41.25,40.35,41.05,12805168
1102,2023-11-14,40.65,40.65,40.05,40.1,5675321
1102,2023-11-13,40.4,40.55,40.3,40.55,3572378
1102,2023-11-10,40.35,40.5,40.1,40.35,2305738
1102,2023-11-09,40.3,40.55,40.15,40.4,3862353
1102,2023-11-08,40.4,40.5,40.25,40.35,2229641
1102,2023-11-07,40.35,40.5,40.15,40.4,3443071
1102,2023-11-06,40.45,40.5,40.2,40.4,4217255
1102,2023-11-03,40.05,40.3,40.05,40.25,3548632
1102,2023-11-02,40.3,40.35,40,40,3878336
1102,2023-11-01,40,40.15,39.85,40,2487877
1102,2023-10-31,40.05,40.2,39.85,40,4923429
1102,2023-10-30,39.55,40.1,39.55,40.1,4803015
1102,2023-10-27,39.1,39.65,39.05,39.4,5493307
1102,2023-10-26,38.9,39.4,38.85,39.1,4849801
1102,2023-10-25,39.2,39.45,38.95,38.95,3872281
1102,2023-10-24,38.85,39.4,38.85,39,4819335
1102,2023-10-23,38.95,39.15,38.85,38.85,3749876
1102,2023-10-20,38.9,39.15,38.6,38.95,6167114
1102,2023-10-19,39.1,39.55,39.05,39.15,7682335
1102,2023-10-18,40.6,40.6,39.05,39.05,19937291
1102,2023-10-17,40.7,40.8,40.5,40.6,4326773
1102,2023-10-16,40.45,40.7,40.35,40.7,5335702
1102,2023-10-13,40.45,40.6,40.3,40.6,4155997
1102,2023-10-12,40.4,40.55,40.05,40.55,5806714
1102,2023-10-11,40,40.4,39.9,40.35,8012352
1102,2023-10-06,39.4,39.9,39.3,39.9,2479900
1102,2023-10-05,39.1,39.35,39.1,39.35,2893405
1102,2023-10-04,39.2,39.3,38.95,39.1,5320315
1102,2023-10-03,39.5,39.65,39.3,39.4,3239808
1102,2023-10-02,39.75,39.8,39.4,39.5,4818185
1102,2023-09-28,39.85,39.95,39.65,39.75,3602605
1102,2023-09-27,39.75,39.8,39.65,39.8,3166705
1102,2023-09-26,39.7,39.85,39.6,39.75,4878217
1102,2023-09-25,39.7,39.85,39.65,39.7,2241537
1102,2023-09-22,39.65,39.85,39.5,39.65,2591706
1102,2023-09-21,40,40.1,39.65,39.65,5055871
1102,2023-09-20,40.35,40.4,40.05,40.05,3019752
1102,2023-09-19,40.35,40.45,40.2,40.3,2547498
1102,2023-09-18,40.2,40.4,40.15,40.35,2111402
1102,2023-09-15,40.35,40.5,40.25,40.45,6772113
1102,2023-09-14,40.15,40.3,40,40.25,4027210
1102,2023-09-13,39.9,40,39.75,40,2657865
1102,2023-09-12,39.8,39.95,39.6,39.95,2884628
1102,2023-09-11,39.55,39.75,39.3,39.75,4272633
1102,2023-09-08,39.6,39.6,39.4,39.55,3884101
1102,2023-09-07,39.9,39.95,39.5,39.6,5258778
1102,2023-09-06,40,40.2,39.75,39.95,7546128
1102,2023-09-05,40.2,40.4,40.1,40.35,2276804
1102,2023-09-04,40.2,40.45,40.2,40.4,2893488
1102,2023-09-01,39.85,40.35,39.85,40.3,4502663
1102,2023-08-31,40.2,40.2,39.9,39.9,5802625
1102,2023-08-30,40.2,40.2,39.9,40.2,4715206
1102,2023-08-29,40,40.1,39.9,40.1,3227888
1102,2023-08-28,39.7,40.1,39.65,40,5020856
1102,2023-08-25,39.85,39.9,39.6,39.6,4711707
1102,2023-08-24,39.9,39.9,39.65,39.85,3822376
1102,2023-08-23,39.6,39.8,39.4,39.8,3056978
1102,2023-08-22,39.85,39.85,39.35,39.5,3231428
1102,2023-08-21,39.35,39.7,39.3,39.7,3885998
1102,2023-08-18,39.3,39.3,38.85,39.1,3813415
1102,2023-08-17,39.1,39.35,38.8,39.3,5786001
1102,2023-08-16,39.7,39.7,39.15,39.25,6345745
1102,2023-08-15,40.3,40.3,39.8,39.8,5716251
1102,2023-08-14,40,40.45,39.9,40.45,6291087
1102,2023-08-11,40,40,39.85,40,3540802
1102,2023-08-10,40.3,40.3,39.8,40,3895787
1102,2023-08-09,40.5,40.5,39.95,40.2,4763113
1102,2023-08-08,40.6,40.6,40.05,40.3,5796605
1102,2023-08-07,40.7,40.75,40.15,40.55,5325543
1102,2023-08-04,40.2,40.65,40.1,40.55,10292991
1102,2023-08-02,40.15,40.15,39.65,39.75,6470032
1102,2023-08-01,40.3,40.3,39.95,40,4473861
1102,2023-07-31,40.3,40.3,40,40.3,7413778
1102,2023-07-28,40.2,40.4,39.9,40.1,6918776
1102,2023-07-27,40.25,40.35,39.8,40,9651490
1102,2023-07-26,39.1,40.55,39.1,40.1,13882911
1102,2023-07-25,38.45,39.3,38.45,39,17120208
1102,2023-07-24,39.2,39.25,38.2,38.2,21250134
1102,2023-07-21,40.65,40.65,39.15,39.15,24069637
1102,2023-07-20,41.2,41.2,40.5,40.5,34604245
1102,2023-07-19,43.7,44.8,43.5,44.8,28156448
1102,2023-07-18,44.15,44.15,43.7,43.8,11208325
1102,2023-07-17,43.95,44.15,43.9,43.9,6387281
1102,2023-07-14,43.9,44,43.7,43.9,6772459
1102,2023-07-13,43.95,44.05,43.8,43.8,6035182
1102,2023-07-12,43.85,44.05,43.8,43.95,3533200
1102,2023-07-11,43.85,44.15,43.85,43.9,2532297
1102,2023-07-10,43.85,44,43.7,43.85,4060199
1102,2023-07-07,43.8,44.15,43.5,43.95,5242778
1102,2023-07-06,44.7,44.7,43.85,44.1,5723198
1102,2023-07-05,44.45,44.8,44.45,44.7,4818616
1102,2023-07-04,44.5,44.7,44.3,44.6,3655385
1102,2023-07-03,44.4,44.7,44.4,44.6,2843634
1102,2023-06-30,44.55,44.7,44.25,44.4,4504610
1102,2023-06-29,44.75,44.75,44.55,44.65,4057765
1102,2023-06-28,44.5,44.65,44.4,44.6,3591101
1102,2023-06-27,44.65,44.65,44.25,44.3,3148924
1102,2023-06-26,44.3,44.8,44.05,44.6,7582333
1102,2023-06-21,44.1,44.3,43.95,44.2,4557168
1102,2023-06-20,44.05,44.3,44,44.1,5543911
1102,2023-06-19,43.95,44.3,43.95,44.05,4597925
1102,2023-06-16,43.95,44.25,43.95,43.95,8331929
1102,2023-06-15,44.1,44.2,43.9,43.9,4628518
1102,2023-06-14,44,44.2,43.85,44,5710653
1102,2023-06-13,44.2,44.4,44,44,5616896
1102,2023-06-12,44.6,44.65,44.15,44.35,2846266
1102,2023-06-09,44.8,44.8,44.4,44.6,2940605
1102,2023-06-08,44.45,44.8,44.35,44.65,4421001
1102,2023-06-07,44.6,44.65,44.3,44.4,6391712
1102,2023-06-06,44.55,44.7,44.35,44.6,3284169
1102,2023-06-05,44.3,44.6,44.25,44.55,3057444
1102,2023-06-02,44.25,44.4,44.1,44.25,4312157
1102,2023-06-01,44.15,44.3,43.9,44.05,3619825
1102,2023-05-31,44.05,44.35,43.95,43.95,6156105
1102,2023-05-30,44.05,44.35,43.85,44.05,4436916
1102,2023-05-29,43.6,44.15,43.6,43.85,4356406
1102,2023-05-26,43.75,44,43.55,43.9,4926247
1102,2023-05-25,44.25,44.3,43.9,44,5538911
1102,2023-05-24,44.65,44.65,44.25,44.35,4146061
1102,2023-05-23,44.45,44.75,44.3,44.65,4768667
1102,2023-05-22,44.5,44.6,44.25,44.5,3974516
1102,2023-05-19,44.4,44.5,44.25,44.5,5096461
1102,2023-05-18,44.15,44.35,44.15,44.3,4910137
1102,2023-05-17,44.4,44.45,44.1,44.35,5771254
1102,2023-05-16,44.3,44.35,43.9,44.35,3011419
1102,2023-05-15,43.95,44.25,43.7,44.25,2848020
1102,2023-05-12,43.9,44.1,43.8,43.95,2748562
1102,2023-05-11,44.15,44.2,43.5,43.85,3310209
1102,2023-05-10,44.45,44.45,43.9,44.15,3739448
1102,2023-05-09,44.5,44.5,44.2,44.45,2330297
1102,2023-05-08,44.4,44.5,43.8,44.5,5476165
1102,2023-05-05,44.4,44.45,44.15,44.25,2308727
1102,2023-05-04,44.25,44.4,44.05,44.35,3610228
1102,2023-05-03,44.3,44.3,44.1,44.15,2315869
1102,2023-05-02,44,44.4,43.95,44.25,4009660
1102,2023-04-28,43.8,43.95,43.65,43.95,3656117
1102,2023-04-27,43.75,43.95,43.6,43.8,2858198
1102,2023-04-26,44,44,43.7,43.95,4641353
1102,2023-04-25,44,44.45,43.85,43.95,6819347
1102,2023-04-24,43.8,44.1,43.7,43.9,4246998
1102,2023-04-21,43.5,44.1,43.45,43.8,4218250
1102,2023-04-20,43.3,43.65,43.25,43.5,2529140
1102,2023-04-19,43.6,43.75,43.3,43.3,4548226
1102,2023-04-18,43.8,43.85,43.6,43.6,3552623
1102,2023-04-17,43.7,43.9,43.65,43.75,3361441
1102,2023-04-14,43.8,43.85,43.4,43.65,4177275
1102,2023-04-13,44.05,44.05,43.7,43.7,3067455
1102,2023-04-12,44.15,44.25,43.8,43.9,4566897
1102,2023-04-11,43.65,44.15,43.6,44.1,5648756
1102,2023-04-10,43.3,43.6,43.25,43.6,2754722
1102,2023-04-07,43.4,43.4,43.25,43.25,1731818
1102,2023-04-06,43.4,43.45,43.2,43.4,3081921
1102,2023-03-31,43.2,43.4,43.1,43.3,3750929
1102,2023-03-30,43.35,43.4,42.95,43.2,3385564
1102,2023-03-29,43.2,43.3,43.15,43.3,4326952
1102,2023-03-28,43,43.2,42.95,43.1,3607083
1102,2023-03-27,43,43.05,42.85,42.9,3915506
1102,2023-03-24,43.1,43.1,42.85,43,3514559
1102,2023-03-23,43,43.1,42.85,43,2894964
1102,2023-03-22,42.95,43.05,42.75,42.9,3940708
1102,2023-03-21,42.8,42.95,42.7,42.7,2794222
1102,2023-03-20,42.7,42.75,42.4,42.7,2944299
1102,2023-03-17,43,43.2,42.65,42.65,13092379
1102,2023-03-16,42.7,43.1,42.65,43,5009946
1102,2023-03-15,42.6,43.1,42.6,42.95,4680549
1102,2023-03-14,42.5,42.85,42.3,42.6,5799500
1102,2023-03-13,42.3,42.85,42.3,42.85,5979885
1102,2023-03-10,43,43,42.7,42.85,5923474
1102,2023-03-09,43.4,43.4,43.15,43.25,5116348
1102,2023-03-08,43.65,43.7,42.8,43.25,13049631
1102,2023-03-07,44.35,44.6,44.35,44.55,3220723
1102,2023-03-06,44.55,44.65,44.25,44.5,4680929
1102,2023-03-03,44.1,44.5,44.1,44.35,3096389
1102,2023-03-02,44.1,44.2,43.6,44.2,3924290
1102,2023-03-01,44.3,44.5,43.95,44.1,7918088
1102,2023-02-24,44.65,44.75,44.35,44.75,6208831
1102,2023-02-23,44.05,44.8,43.85,44.5,5721050
1102,2023-02-22,43.85,44,43.5,44,3675469
1102,2023-02-21,43.8,44.1,43.55,44,4318071
1102,2023-02-20,42.85,43.85,42.75,43.75,7233107
1102,2023-02-17,42.6,42.85,42.45,42.85,3208501
1102,2023-02-16,42.35,42.75,42.3,42.55,3350078
1102,2023-02-15,42.35,42.45,42.1,42.15,5065531
1102,2023-02-14,42.45,42.45,42.15,42.25,3816518
1102,2023-02-13,42,42.2,41.9,42.1,4598207
1102,2023-02-10,42.2,42.35,41.85,42.2,4713317
1102,2023-02-09,42.3,42.5,42.25,42.25,1511954
1102,2023-02-08,42.1,42.5,42.1,42.3,2822425
1102,2023-02-07,42,42.25,42,42.15,2307681
1102,2023-02-06,42.3,42.35,42,42,3456279
1102,2023-02-03,42.35,42.5,42.15,42.3,2998380
1102,2023-02-02,42.95,42.95,42.3,42.45,4676286
1102,2023-02-01,42.25,42.7,42.25,42.65,3226020
1102,2023-01-31,43,43.05,42.15,42.15,6686795
1102,2023-01-30,43.3,43.4,42.8,42.95,11432707
1102,2023-01-17,42.7,42.75,42.4,42.65,3927768
1102,2023-01-16,42.35,42.8,42.35,42.6,4695238
1102,2023-01-13,42.2,42.35,42,42.15,4445566
1102,2023-01-12,41.75,42.15,41.75,41.95,3162472
1102,2023-01-11,41.85,41.95,41.7,41.75,2191960
1102,2023-01-10,41.8,41.9,41.5,41.8,4977835
1102,2023-01-09,41.7,41.8,41.4,41.8,6357458
1102,2023-01-06,41.15,41.35,40.95,41.35,2817344
1102,2023-01-05,41,41.2,40.8,41.1,4233448
1102,2023-01-04,40.6,40.95,40.6,40.75,3829421
1102,2023-01-03,40.95,40.95,40.35,40.6,3878899
1102,2024-05-22,44.3,44.65,43.85,43.9,8589501
1102,2024-05-21,45,45,44.25,44.6,7105419
1102,2024-05-20,44.6,45.5,44.6,45.45,7338367
1102,2024-05-17,45.75,45.75,44.6,44.6,11174571
1102,2024-05-16,45.7,45.85,45.35,45.75,14602349
1102,2024-05-15,45.6,46,45.5,45.6,9026241
1102,2024-05-14,45.7,45.9,45.1,45.6,8562691
1102,2024-05-13,45.6,45.8,45,45.8,12556366
1102,2024-05-10,43.75,46,43.75,46,23946670
1102,2024-05-09,43.85,44.2,43.25,43.45,6222339
1102,2024-05-08,44.2,44.2,43.7,43.9,5864050
1102,2024-05-07,44.5,44.7,43.8,44.2,8343345
1102,2024-05-06,44.1,44.5,43.85,44.5,10741442
1102,2024-05-03,43.8,44.25,43.7,43.95,6502866
1102,2024-05-02,43.7,44,43.55,43.8,6750286
1102,2024-04-30,43.6,43.8,43.25,43.7,7910186
1102,2024-04-29,43,43.6,43,43.6,8594418
1102,2024-04-26,42.4,43,42.3,42.75,5932301
1102,2024-04-25,42.4,42.85,42.1,42.5,2748955
1102,2024-04-24,42.9,43.2,42.4,42.45,5558783
1102,2024-04-23,42.7,43,42.55,42.9,8648772
1102,2024-04-22,42.2,42.7,42.1,42.7,8049235
1102,2024-04-19,42,42.25,41.5,42,7780588
1102,2024-04-18,41.5,42.15,41.5,42.15,5455689
1102,2024-04-17,41.3,41.7,41.15,41.45,5880974
1102,2024-04-16,41.8,41.9,41.15,41.4,5341958
1102,2024-04-15,41.8,42.25,41.7,42.05,4177240
1102,2024-04-12,41.75,42.05,41.5,41.8,4676844
1102,2024-04-11,42.3,42.3,41.7,42.05,3430495
1102,2024-04-10,42.1,42.65,42.1,42.5,5701770
1102,2024-04-09,41.8,42.05,41.7,42,4277165
1102,2024-04-08,41.5,41.95,41.3,41.75,4679398
1102,2024-04-03,41.6,42.4,41.1,41.15,4833520
1102,2024-04-02,41.15,41.25,41.05,41.1,2010112
1102,2024-04-01,41.3,41.5,41.2,41.35,2179558
1102,2024-03-29,41,41.3,40.95,41.3,2747051
1102,2024-03-28,41.05,41.3,40.9,40.95,3688328
1102,2024-03-27,41.6,41.6,41.1,41.2,2837385
1102,2024-03-26,41.2,41.6,41.1,41.6,4690668
1102,2024-03-25,41.1,41.3,40.95,41.3,2380454
1102,2024-03-22,41.35,41.7,41.05,41.25,3793271
1102,2024-03-21,41,41.55,40.85,41.35,5248586
1102,2024-03-20,40.55,41.1,40.5,40.7,5836334
1102,2024-03-19,41.1,41.15,40.55,40.55,6339456
1102,2024-03-18,41.15,41.55,41.1,41.1,4616260
1102,2024-03-15,41.15,41.2,40.75,41.1,8208052
1102,2024-03-14,40.35,41.15,40.35,41.15,7379709
1102,2024-03-13,40.35,40.55,40.2,40.35,5649670
1102,2024-03-12,40.3,40.65,40.25,40.6,4270909
1102,2024-03-11,40.15,40.45,40.15,40.4,2873831
1102,2024-03-08,40.3,40.5,40,40.4,5284181
1102,2024-03-07,40,40.35,39.85,40.35,4817759
1102,2024-03-06,40.25,40.6,40,40,6342455
1102,2024-03-05,40,40.25,40,40.05,3304071
1102,2024-03-04,40,40.15,39.9,40.05,2607512
1102,2024-03-01,40.4,40.4,40,40.15,1908988
1102,2024-02-29,40.1,40.45,40,40.45,5280588
1102,2024-02-27,40.15,40.3,39.95,40.1,2756741
1102,2024-02-26,40.1,40.25,40.1,40.25,1755002
1102,2024-02-23,40.3,40.35,40.15,40.2,2362270
1102,2024-02-22,40.2,40.4,40.15,40.4,3241657
1102,2024-02-21,40.25,40.3,40.05,40.3,2008975
1102,2024-02-20,40.1,40.25,40.05,40.2,2176865
1102,2024-02-19,39.8,40.15,39.7,40.15,2818103
1102,2024-02-16,39.25,39.6,39.25,39.6,2601264
1102,2024-02-15,39.3,39.45,39.2,39.2,6002186
1102,2024-02-05,39.8,39.8,39.4,39.45,3473107
1102,2024-02-02,39.9,40.05,39.8,40.05,1711586
1102,2024-02-01,39.95,40.15,39.85,40.05,2061449
1102,2024-01-31,39.8,39.95,39.65,39.75,3286232
1102,2024-01-30,40.1,40.1,39.6,39.8,3469693
1102,2024-01-29,39.9,40.1,39.8,39.95,1666589
1102,2024-01-26,39.8,40.1,39.8,40.1,1280868
1102,2024-01-25,39.95,40,39.75,40,1591167
1102,2024-01-24,39.75,39.95,39.75,39.9,2085704
1102,2024-01-23,39.55,39.75,39.5,39.75,1631696
1102,2024-01-22,39.45,39.65,39.45,39.55,2012261
1102,2024-01-19,39.2,39.5,39.2,39.4,4043111
1102,2024-01-18,39.35,39.6,39.3,39.3,4603900
1102,2024-01-17,39.8,39.95,39.3,39.35,8141808
1102,2024-01-16,40.25,40.3,39.9,39.95,8604329
1102,2024-01-15,40.7,40.95,40.6,40.65,3402130
1102,2024-01-12,40.65,40.8,40.6,40.65,1820956
1102,2024-01-11,40.5,40.9,40.5,40.8,3115946
1102,2024-01-10,41,41.2,40.7,40.7,2002025
1102,2024-01-09,41.35,41.35,41,41,1551557
1102,2024-01-08,41.1,41.55,41.1,41.3,1995167
1102,2024-01-05,41.15,41.35,41.1,41.1,1327763
1102,2024-01-04,40.65,41.25,40.65,41.15,2282064
1102,2024-01-03,40.95,40.95,40.65,40.65,6014999
1102,2024-01-02,41.4,41.6,41.05,41.15,6223568
1103,2010-12-31,17.1,17.3,17.05,17.2,2175099
1103,2010-12-30,17.3,17.5,17.05,17.05,3765324
1103,2010-12-29,16.8,17.2,16.8,17.2,3833069
1103,2010-12-28,16.9,16.95,16.7,16.7,1895860
1103,2010-12-27,16.8,16.95,16.75,16.9,3130580
1103,2010-12-24,16.9,16.9,16.65,16.75,1824552
1103,2010-12-23,16.65,16.8,16.55,16.75,2547307
1103,2010-12-22,16.6,16.7,16.5,16.5,1550270
1103,2010-12-21,16.5,16.6,16.45,16.5,1243390
1103,2010-12-20,16.6,16.65,16.4,16.45,1307512
1103,2010-12-17,16.4,16.6,16.4,16.45,1473372
1103,2010-12-16,16.45,16.5,16.35,16.4,1043031
1103,2010-12-15,16.35,16.55,16.3,16.45,1190364
1103,2010-12-14,16.2,16.45,16.2,16.3,949582
1103,2010-12-13,16.35,16.45,16.15,16.15,1424169
1103,2010-12-10,16.5,16.5,16.1,16.35,1622335
1103,2010-12-09,16.55,16.75,16.45,16.55,1759470
1103,2010-12-08,16.5,16.8,16.5,16.55,3087889
1103,2010-12-07,16.7,16.85,16.5,16.6,3381163
1103,2010-12-06,16.4,16.9,16.4,16.7,10790702
1103,2010-12-03,16.1,16.45,16.05,16.4,3497074
1103,2010-12-02,16.25,16.45,16.1,16.1,1430048
1103,2010-12-01,15.8,16.6,15.8,16.25,3951316
1103,2010-11-30,15.8,15.95,15.75,15.8,816961
1103,2010-11-29,15.9,15.95,15.75,15.8,809224
1103,2010-11-26,15.95,16,15.5,15.5,2096549
1103,2010-11-25,16,16,15.8,15.85,814005
1103,2010-11-24,15.6,16,15.6,15.95,728848
1103,2010-11-23,16.3,16.3,15.9,15.95,1183220
1103,2010-11-22,15.75,16.4,15.75,16.25,4272838
1103,2010-11-19,15.95,15.95,15.65,15.7,1140197
1103,2010-11-18,15.8,15.9,15.7,15.75,728721
1103,2010-11-17,15.6,15.8,15.55,15.75,1239660
1103,2010-11-16,15.6,15.8,15.6,15.7,1370443
1103,2010-11-15,15.8,15.95,15.65,15.65,1957547
1103,2010-11-12,16.4,16.4,15.9,15.95,3058840
1103,2010-11-11,16.6,16.65,16.25,16.3,3451044
1103,2010-11-10,16.5,17.2,16.5,16.5,8221178
1103,2010-11-09,16.85,16.9,16.45,16.5,4005190
1103,2010-11-08,16.45,17.1,16.3,16.85,12719556
1103,2010-11-05,16,16.55,15.95,16.4,9157902
1103,2010-11-04,15.7,15.85,15.6,15.8,1182519
1103,2010-11-03,15.9,16.15,15.5,15.55,3475244
1103,2010-11-02,16,16.05,15.8,15.8,1467520
1103,2010-11-01,15.55,16.1,15.55,15.9,3027211
1103,2010-10-29,15.8,15.85,15.5,15.5,1737374
1103,2010-10-28,15.7,15.85,15.6,15.8,1721024
1103,2010-10-27,16.1,16.1,15.7,15.7,1925595
1103,2010-10-26,16,16.1,15.95,16,2088487
1103,2010-10-25,15.8,16.1,15.8,15.95,2265047
1103,2010-10-22,16.15,16.15,15.9,15.9,2047110
1103,2010-10-21,15.6,16.2,15.6,15.95,5738408
1103,2010-10-20,15.55,15.65,15.5,15.55,1634898
1103,2010-10-19,15.9,15.9,15.65,15.65,2049882
1103,2010-10-18,16.2,16.3,15.8,15.8,2667695
1103,2010-10-15,16.1,16.25,16,16,3701561
1103,2010-10-14,16,16.2,15.9,16,3676872
1103,2010-10-13,16.1,16.15,15.75,15.9,3097430
1103,2010-10-12,16.15,16.3,15.9,16.05,3481287
1103,2010-10-11,15.9,16.35,15.9,16.15,5645162
1103,2010-10-08,16.7,16.7,16.1,16.1,3890498
1103,2010-10-06,16.2,16.5,15.95,16.4,8652755
1103,2010-10-05,16.2,16.2,15.8,16,4089774
1103,2010-10-04,15.25,16.35,15.25,16.2,10500367
1103,2010-10-01,15.2,15.35,15,15.3,2424222
1103,2010-09-30,15.3,15.4,15.15,15.15,1595599
1103,2010-09-29,15.25,15.4,15.25,15.3,1038637
1103,2010-09-28,15.5,15.5,15.2,15.25,1188283
1103,2010-09-27,15.3,15.55,15.3,15.35,1042717
1103,2010-09-24,15.45,15.5,15.25,15.3,1363259
1103,2010-09-23,15.6,15.65,15.45,15.45,623200
1103,2010-09-21,15.85,15.85,15.55,15.6,899351
1103,2010-09-20,15.6,15.95,15.6,15.7,3081616
1103,2010-09-17,15.5,15.55,15.4,15.55,1767700
1103,2010-09-16,15.6,15.6,15.45,15.45,950150
1103,2010-09-15,15.6,15.6,15.45,15.5,1086036
1103,2010-09-14,15.45,15.6,15.4,15.5,987367
1103,2010-09-13,15.35,15.5,15.3,15.45,1224793
1103,2010-09-10,15.3,15.4,15.2,15.25,634263
1103,2010-09-09,15.55,15.55,15.2,15.25,983891
1103,2010-09-08,15.45,15.55,15.35,15.45,800760
1103,2010-09-07,15.5,15.6,15.4,15.45,1328837
1103,2010-09-06,15.55,15.65,15.45,15.5,1226473
1103,2010-09-03,15.5,15.75,15.4,15.45,1669714
1103,2010-09-02,15.55,15.9,15.45,15.45,2687042
1103,2010-09-01,15.15,15.4,15.1,15.35,1583045
1103,2010-08-31,15.7,15.7,14.9,15.1,2872340
1103,2010-08-30,16.15,16.25,15.7,15.75,3075375
1103,2010-08-27,15.8,15.95,15.7,15.85,1603721
1103,2010-08-26,16.15,16.2,15.85,15.9,2326027
1103,2010-08-25,16.85,16.85,15.95,16.1,5783375
1103,2010-08-24,16.85,17.55,16.55,16.85,17438286
1103,2010-08-23,15.55,16.5,15.55,16.5,8345693
1103,2010-08-20,15,15.45,15,15.45,2679314
1103,2010-08-19,15.05,15.3,15.05,15.1,1219577
1103,2010-08-18,15.25,15.25,15.05,15.05,1066907
1103,2010-08-17,15,15.25,14.85,15.15,1493060
1103,2010-08-16,14.85,15,14.85,14.95,328739
1103,2010-08-13,14.85,14.95,14.75,14.9,430495
1103,2010-08-12,14.65,14.9,14.6,14.85,626150
1103,2010-08-11,15.3,15.45,15.05,15.1,1732955
1103,2010-08-10,15.6,15.6,15.3,15.3,922396
1103,2010-08-09,15.45,15.6,15.3,15.55,1383629
1103,2010-08-06,15,15.2,14.9,15.15,725399
1103,2010-08-05,15.6,15.6,14.95,14.95,1745005
1103,2010-08-04,15.4,15.5,15.3,15.4,1389464
1103,2010-08-03,15.75,15.75,15.45,15.45,1311597
1103,2010-08-02,15.7,15.75,15.45,15.55,1452255
1103,2010-07-30,15.35,15.9,15.35,15.4,4049011
1103,2010-07-29,15.1,15.35,15,15.3,1480033
1103,2010-07-28,14.95,15.05,14.8,15,561160
1103,2010-07-27,14.95,15.05,14.9,14.9,821427
1103,2010-07-26,14.9,14.95,14.8,14.95,770441
1103,2010-07-23,14.7,14.85,14.7,14.75,597413
1103,2010-07-22,14.75,14.8,14.6,14.65,505855
1103,2010-07-21,14.85,14.85,14.7,14.75,606854
1103,2010-07-20,14.8,14.9,14.65,14.8,1077375
1103,2010-07-19,14.6,14.8,14.45,14.75,843880
1103,2010-07-16,14.45,14.95,14.45,14.7,2566257
1103,2010-07-15,14.4,14.5,14.3,14.4,507481
1103,2010-07-14,14.3,14.45,14.25,14.35,355182
1103,2010-07-13,14.4,14.4,14.25,14.25,582090
1103,2010-07-12,14.45,14.5,14.35,14.4,791528
1103,2010-07-09,14.25,14.5,14.25,14.45,465155
1103,2010-07-08,14.25,14.4,14.25,14.25,507595
1103,2010-07-07,14.15,14.35,14.1,14.2,868199
1103,2010-07-06,14.1,14.25,14,14.15,571027
1103,2010-07-05,14,14.25,13.9,14.2,578320
1103,2010-07-02,13.8,14.1,13.8,14,563256
1103,2010-07-01,13.9,13.9,13.75,13.8,632259
1103,2010-06-30,13.85,13.95,13.65,13.9,1037762
1103,2010-06-29,14,14.1,13.85,13.95,838795
1103,2010-06-28,14.05,14.1,13.9,13.95,549299
1103,2010-06-25,14,14,13.8,13.9,341970
1103,2010-06-24,14,14.1,13.85,14.1,594184
1103,2010-06-23,13.85,14.1,13.75,14,726336
1103,2010-06-22,14,14.1,13.85,14,595775
1103,2010-06-21,13.7,14.1,13.65,14,985292
1103,2010-06-18,13.65,13.65,13.3,13.5,490219
1103,2010-06-17,13.65,13.65,13.5,13.65,520627
1103,2010-06-15,13.4,13.65,13.4,13.5,824433
1103,2010-06-14,13.4,13.4,13.25,13.3,375795
1103,2010-06-11,13.3,13.45,13.25,13.3,465336
1103,2010-06-10,13.1,13.2,12.95,13.2,378680
1103,2010-06-09,12.85,13.2,12.8,13.1,462744
1103,2010-06-08,12.7,13,12.65,13,701193
1103,2010-06-07,12.6,12.9,12.6,12.8,455060
1103,2010-06-04,13.1,13.25,13.1,13.2,251448
1103,2010-06-03,13.1,13.25,13.05,13.15,478993
1103,2010-06-02,13.15,13.25,13,13.05,249552
1103,2010-06-01,13.4,13.4,13.1,13.2,228018
1103,2010-05-31,13.2,13.3,13.1,13.3,428304
1103,2010-05-28,13,13.25,13,13.15,547730
1103,2010-05-27,12.75,12.95,12.6,12.95,410900
1103,2010-05-26,12.55,12.8,12.55,12.6,684719
1103,2010-05-25,13.15,13.15,12.45,12.55,1231087
1103,2010-05-24,13.2,13.25,12.95,13.1,566413
1103,2010-05-21,13.3,13.3,12.9,13.05,2131091
1103,2010-05-20,13.85,13.9,13.6,13.6,484169
1103,2010-05-19,13.85,13.95,13.6,13.85,420731
1103,2010-05-18,13.9,13.9,13.75,13.85,381610
1103,2010-05-17,14,14,13.8,13.95,312029
1103,2010-05-14,14.15,14.15,14.05,14.15,153754
1103,2010-05-13,13.95,14.2,13.95,14.15,484572
1103,2010-05-12,14,14.15,13.85,13.85,363650
1103,2010-05-11,14.15,14.25,13.85,13.95,362543
1103,2010-05-10,13.5,14.15,13.5,14.05,711877
1103,2010-05-07,13.4,13.65,13.05,13.55,2276268
1103,2010-05-06,14.1,14.2,13.8,13.8,806856
1103,2010-05-05,14.5,14.5,14.1,14.1,2899740
1103,2010-05-04,14.8,14.95,14.65,14.8,497733
1103,2010-05-03,15.15,15.15,14.75,14.8,1131727
1103,2010-04-30,15.2,15.35,15.1,15.15,1056457
1103,2010-04-29,15.25,15.3,15.1,15.2,815734
1103,2010-04-28,15.15,15.25,15.05,15.15,616646
1103,2010-04-27,15.45,15.45,15.3,15.35,557792
1103,2010-04-26,15.25,15.5,15.25,15.45,1048655
1103,2010-04-23,15.3,15.3,15.05,15.1,1157676
1103,2010-04-22,15.4,15.4,15.2,15.25,740656
1103,2010-04-21,15.25,15.5,15.25,15.4,911982
1103,2010-04-20,15.3,15.4,15.15,15.2,2035859
1103,2010-04-19,15.85,15.9,15.25,15.3,1149302
1103,2010-04-16,16.3,16.35,16,16.1,1350620
1103,2010-04-15,16.1,16.25,16.1,16.25,1416446
1103,2010-04-14,15.8,16.05,15.8,16,660730
1103,2010-04-13,16.1,16.2,15.75,15.8,1314271
1103,2010-04-12,16.1,16.2,16.05,16.1,1186730
1103,2010-04-09,16.1,16.15,15.95,16.1,929829
1103,2010-04-08,16,16.15,15.9,16,954238
1103,2010-04-07,16,16.15,15.9,16.05,1298520
1103,2010-04-06,15.95,16.15,15.85,16,1533204
1103,2010-04-02,15.9,15.95,15.8,15.9,1053693
1103,2010-04-01,15.7,15.9,15.7,15.85,1535217
1103,2010-03-31,15.7,15.8,15.6,15.65,1041798
1103,2010-03-30,15.9,15.9,15.6,15.7,998162
1103,2010-03-29,15.6,15.9,15.6,15.85,1473463
1103,2010-03-26,15.55,15.75,15.45,15.6,711489
1103,2010-03-25,15.7,15.7,15.45,15.55,1096808
1103,2010-03-24,15.7,15.85,15.55,15.6,1434634
1103,2010-03-23,15.6,15.65,15.5,15.55,572977
1103,2010-03-22,15.7,15.7,15.5,15.6,579935
1103,2010-03-19,15.7,15.75,15.6,15.7,1056206
1103,2010-03-18,15.35,15.65,15.35,15.55,1395812
1103,2010-03-17,15.3,15.45,15.25,15.35,959776
1103,2010-03-16,15.1,15.25,15.05,15.25,493219
1103,2010-03-15,15.3,15.4,15.1,15.1,1032452
1103,2010-03-12,15.35,15.35,15.25,15.3,472664
1103,2010-03-11,15.3,15.4,15.25,15.3,652970
1103,2010-03-10,15.25,15.35,15.2,15.25,491047
1103,2010-03-09,15.3,15.3,15.2,15.25,550479
1103,2010-03-08,15.3,15.45,15.25,15.35,1430598
1103,2010-03-05,15.4,15.55,15.25,15.25,818948
1103,2010-03-04,15.3,15.65,15.2,15.3,1911128
1103,2010-03-03,15.1,15.35,15,15.15,812675
1103,2010-03-02,15,15.15,14.95,15.1,814949
1103,2010-03-01,14.65,15,14.6,14.95,1378282
1103,2010-02-26,14.75,14.85,14.6,14.6,619120
1103,2010-02-25,15,15.05,14.65,14.7,869549
1103,2010-02-24,15,15,14.9,15,546702
1103,2010-02-23,14.95,15.1,14.85,15.1,858009
1103,2010-02-22,15.1,15.1,14.85,15,961623
1103,2010-02-10,14.65,14.85,14.65,14.7,1077114
1103,2010-02-09,14,14.65,13.95,14.55,1141022
1103,2010-02-08,14,14.15,13.9,14.05,1587855
1103,2010-02-06,14.3,14.45,13.6,14,1959817
1103,2010-02-05,15.2,15.2,14.4,14.45,2075108
1103,2010-02-04,15.5,15.6,15.45,15.45,650890
1103,2010-02-03,15.6,15.6,15.35,15.5,866370
1103,2010-02-02,15.85,15.9,15.3,15.35,1594183
1103,2010-02-01,15.8,16.05,15.6,15.65,1221376
1103,2010-01-29,15.8,15.85,15.5,15.8,1071419
1103,2010-01-28,15.6,16.1,15.6,16,1178764
1103,2010-01-27,15.8,15.95,15.5,15.6,2071258
1103,2010-01-26,16.8,16.85,15.55,15.8,4502521
1103,2010-01-25,16.9,16.95,16.6,16.7,2184204
1103,2010-01-22,17.1,17.7,17.05,17.05,5555723
1103,2010-01-21,17.75,17.75,17.2,17.2,2990018
1103,2010-01-20,17.9,17.95,17.6,17.6,2196511
1103,2010-01-19,17.75,18.25,17.7,17.75,5881658
1103,2010-01-18,17.7,17.85,17.65,17.75,2114531
1103,2010-01-15,17.8,17.9,17.7,17.8,2312064
1103,2010-01-14,17.75,17.85,17.7,17.75,1861398
1103,2010-01-13,18,18,17.65,17.65,3855286
1103,2010-01-12,18.5,18.6,18.05,18.05,2920580
1103,2010-01-11,17.95,18.65,17.95,18.4,8934259
1103,2010-01-08,17.8,18,17.7,17.95,2642759
1103,2010-01-07,18.1,18.3,17.7,17.7,4891869
1103,2010-01-06,18.4,18.55,17.95,18,9804962
1103,2010-01-05,18.4,18.9,18.15,18.3,5511581
1103,2010-01-04,18.2,18.6,17.85,18.4,5756588
1103,2011-12-30,11.95,12,11.85,11.85,303066
1103,2011-12-29,12,12,11.8,11.85,361640
1103,2011-12-28,11.9,12,11.8,12,617332
1103,2011-12-27,11.9,12,11.8,11.9,292512
1103,2011-12-26,12.1,12.1,11.9,11.9,536998
1103,2011-12-23,11.9,12.15,11.8,12.05,813412
1103,2011-12-22,11.75,11.8,11.65,11.8,360181
1103,2011-12-21,11.5,11.85,11.5,11.8,693769
1103,2011-12-20,11.3,11.4,11.15,11.35,595773
1103,2011-12-19,11.7,11.7,11.35,11.35,669110
1103,2011-12-16,11.8,11.85,11.6,11.7,493351
1103,2011-12-15,11.9,11.9,11.7,11.8,612252
1103,2011-12-14,11.95,12,11.8,11.9,992693
1103,2011-12-13,12.1,12.1,11.9,12,796453
1103,2011-12-12,12.4,12.45,12.15,12.15,978130
1103,2011-12-09,12.5,12.5,12.25,12.3,1163823
1103,2011-12-08,12.65,12.7,12.5,12.5,363094
1103,2011-12-07,12.75,12.75,12.65,12.65,453550
1103,2011-12-06,12.8,12.85,12.6,12.7,540568
1103,2011-12-05,13.05,13.05,12.75,12.9,597835
1103,2011-12-02,13.2,13.2,13,13.05,370844
1103,2011-12-01,13.15,13.35,13.1,13.2,1405149
1103,2011-11-30,12.85,13,12.6,12.8,606312
1103,2011-11-29,12.95,13.1,12.8,12.9,715670
1103,2011-11-28,12.6,12.8,12.6,12.8,421929
1103,2011-11-25,12.65,12.7,12.45,12.6,581598
1103,2011-11-24,12.25,12.65,12.25,12.6,1083210
1103,2011-11-23,12.8,12.8,12.5,12.55,1201743
1103,2011-11-22,12.65,12.95,12.5,12.8,1243699
1103,2011-11-21,13.3,13.35,12.45,12.8,1998070
1103,2011-11-18,13.55,13.55,13.3,13.35,1556172
1103,2011-11-17,14.2,14.2,13.75,13.8,2185423
1103,2011-11-16,14.6,14.7,14.3,14.3,855036
1103,2011-11-15,14.55,14.7,14.5,14.55,705679
1103,2011-11-14,14.8,14.9,14.7,14.7,802432
1103,2011-11-11,14.6,14.8,14.5,14.6,1009246
1103,2011-11-10,14.9,14.9,14.5,14.6,1239637
1103,2011-11-09,15.45,15.5,15.1,15.1,1152244
1103,2011-11-08,15.65,15.8,15.3,15.3,3308265
1103,2011-11-07,15.05,15.4,14.85,15.4,2049678
1103,2011-11-04,14.85,15,14.8,14.9,1056702
1103,2011-11-03,14.85,14.9,14.5,14.55,947969
1103,2011-11-02,14.65,14.9,14.5,14.9,868684
1103,2011-11-01,14.7,15,14.5,14.9,1548181
1103,2011-10-31,15.45,15.45,14.9,14.9,1879274
1103,2011-10-28,15.75,15.85,15.4,15.45,1148201
1103,2011-10-27,15.2,15.45,15.1,15.45,1307284
1103,2011-10-26,15,15.1,14.85,15.05,640106
1103,2011-10-25,15.2,15.2,14.9,15.1,767514
1103,2011-10-24,14.7,15.1,14.7,15.1,977822
1103,2011-10-21,14.8,14.85,14.4,14.6,1323457
1103,2011-10-20,15,15.15,14.75,14.75,1774668
1103,2011-10-19,15.3,15.5,15.3,15.35,291073
1103,2011-10-18,15.45,15.55,15.2,15.4,474430
1103,2011-10-17,15.55,15.7,15.4,15.55,647374
1103,2011-10-14,15.5,15.6,15.25,15.25,456950
1103,2011-10-13,15.6,15.65,15.4,15.5,872872
1103,2011-10-12,15.65,15.65,15.3,15.4,829496
1103,2011-10-11,15.4,15.7,15.4,15.65,1415102
1103,2011-10-07,14.8,15.35,14.75,15.25,2126552
1103,2011-10-06,14.6,14.85,14.6,14.75,751438
1103,2011-10-05,14.5,14.5,14.3,14.45,547705
1103,2011-10-04,14.5,14.75,14.3,14.4,1870271
1103,2011-10-03,15.1,15.1,14.65,14.75,1672611
1103,2011-09-30,15.15,15.25,15.05,15.25,1951389
1103,2011-09-29,15,15.3,14.8,15.15,1906640
1103,2011-09-28,15.2,15.3,15,15,1690873
1103,2011-09-27,15.25,15.4,14.9,15.1,1277008
1103,2011-09-26,15.55,15.65,14.75,14.75,2333635
1103,2011-09-23,16.3,16.3,15.3,15.55,2688213
1103,2011-09-22,16.5,16.65,16.3,16.35,1974308
1103,2011-09-21,16.9,16.95,16.8,16.85,1799615
1103,2011-09-20,16.75,17,16.7,16.9,658251
1103,2011-09-19,16.9,17,16.8,16.85,1471102
1103,2011-09-16,16.65,17.2,16.65,17,1357068
1103,2011-09-15,16.4,16.8,16.4,16.6,1602517
1103,2011-09-14,16.8,16.9,16.05,16.4,1323692
1103,2011-09-13,17.1,17.1,16.6,16.7,990328
1103,2011-09-09,17.4,17.5,17.3,17.35,1168670
1103,2011-09-08,17.4,17.5,17.25,17.3,1643017
1103,2011-09-07,17.25,17.3,16.7,17.2,1520768
1103,2011-09-06,17.9,17.9,17,17.05,1977584
1103,2011-09-05,18,18.3,17.65,18.05,3072654
1103,2011-09-02,17.95,18.1,17.8,18,1414397
1103,2011-09-01,18.15,18.35,17.7,17.9,2429899
1103,2011-08-31,17.3,17.95,17.3,17.9,3923824
1103,2011-08-30,16.85,17.1,16.8,17,1392658
1103,2011-08-29,16.2,16.55,16.2,16.5,631157
1103,2011-08-26,16.5,16.55,16.05,16.2,823595
1103,2011-08-25,16.7,16.85,16.3,16.5,952401
1103,2011-08-24,16.5,16.6,16.35,16.55,866456
1103,2011-08-23,16.15,16.5,16.1,16.5,840928
1103,2011-08-22,16.5,16.7,16,16.1,1238699
1103,2011-08-19,16.75,16.75,16.2,16.5,972930
1103,2011-08-18,17.05,17.25,16.8,17.15,1122522
1103,2011-08-17,17.15,17.2,16.95,17.15,617615
1103,2011-08-16,17.25,17.25,17.05,17.05,983865
1103,2011-08-15,17.25,17.25,16.8,17.05,898815
1103,2011-08-12,17.2,17.4,16.65,17.05,1574659
1103,2011-08-11,16.2,17.3,16.2,17.3,1667731
1103,2011-08-10,16.85,17.6,16.8,17.4,3127402
1103,2011-08-09,15.1,16.8,15.05,16.6,2636299
1103,2011-08-08,16.3,16.9,15.8,16.05,2471681
1103,2011-08-05,17.05,17.35,16.9,16.9,4028813
1103,2011-08-04,18.4,18.6,18.1,18.15,1367726
1103,2011-08-03,18.7,18.7,18.3,18.4,2107597
1103,2011-08-02,19,19,18.75,18.85,1926061
1103,2011-08-01,19,19.05,18.7,19,2304526
1103,2011-07-29,19,19.4,18.8,18.8,6932998
1103,2011-07-28,18.65,19.1,18.4,19,4410384
1103,2011-07-27,19.85,20,19.5,19.65,5606900
1103,2011-07-26,19.55,20.15,19.35,20.15,3796358
1103,2011-07-25,20.1,20.2,19.5,19.55,4988747
1103,2011-07-22,19,20.3,19,20.3,11859002
1103,2011-07-21,19.2,19.2,18.9,19,1751448
1103,2011-07-20,18.95,19.2,18.8,19.1,2624202
1103,2011-07-19,19.2,19.25,18.85,18.95,1680968
1103,2011-07-18,19,19.3,18.95,19.15,2370998
1103,2011-07-15,19.15,19.25,18.85,19,1686519
1103,2011-07-14,19.2,19.5,18.6,19.1,4203814
1103,2011-07-13,19.2,19.4,18.9,19.2,4056874
1103,2011-07-12,18.7,19.55,18.6,19.2,8071192
1103,2011-07-11,18.85,19.3,18.8,18.8,7137321
1103,2011-07-08,18.55,19.2,18.55,18.8,8960040
1103,2011-07-07,18.2,18.8,18,18.4,6397559
1103,2011-07-06,18.4,18.45,18,18,1391023
1103,2011-07-05,18.15,18.3,18,18.3,1196983
1103,2011-07-04,18.1,18.45,18,18.1,2578229
1103,2011-07-01,18.15,18.2,17.85,17.95,2061572
1103,2011-06-30,18.1,18.2,17.9,18.1,802710
1103,2011-06-29,18.1,18.25,18,18.05,1628816
1103,2011-06-28,17.65,18.15,17.65,17.9,1025878
1103,2011-06-27,17.8,17.8,17.6,17.65,397978
1103,2011-06-24,17.8,17.9,17.7,17.8,363641
1103,2011-06-23,17.5,17.75,17.5,17.75,713378
1103,2011-06-22,17.55,17.7,17.5,17.5,783956
1103,2011-06-21,17.6,17.8,17.35,17.55,921791
1103,2011-06-20,18,18.2,17.6,17.6,1261795
1103,2011-06-17,18.2,18.25,17.9,17.95,945802
1103,2011-06-16,18.15,18.25,17.9,18.2,2518873
1103,2011-06-15,17.8,18.4,17.8,18.3,5398509
1103,2011-06-14,17.7,17.95,17.65,17.8,975712
1103,2011-06-13,17.75,17.85,17.65,17.65,1312929
1103,2011-06-10,17.9,18.1,17.7,17.8,3223516
1103,2011-06-09,17.6,17.75,17.6,17.75,839557
1103,2011-06-08,17.75,17.75,17.5,17.6,688283
1103,2011-06-07,17.8,17.8,17.6,17.7,847397
1103,2011-06-03,17.8,17.85,17.65,17.65,879647
1103,2011-06-02,17.6,17.95,17.4,17.8,2728140
1103,2011-06-01,17.8,17.85,17.7,17.7,1042033
1103,2011-05-31,17.8,17.85,17.6,17.75,1558823
1103,2011-05-30,17.25,17.95,17.25,17.8,3304443
1103,2011-05-27,17.1,17.35,17.1,17.25,680878
1103,2011-05-26,17,17.1,16.95,17,463588
1103,2011-05-25,16.85,16.95,16.75,16.85,407722
1103,2011-05-24,16.8,16.9,16.65,16.85,752339
1103,2011-05-23,17,17,16.65,16.7,1564996
1103,2011-05-20,17.3,17.3,16.95,17,1388674
1103,2011-05-19,17.6,17.6,17.25,17.25,1017338
1103,2011-05-18,17.3,17.45,17.2,17.35,842757
1103,2011-05-17,17.5,17.65,17.15,17.25,1777345
1103,2011-05-16,17.8,17.9,17.55,17.55,1519548
1103,2011-05-13,18.05,18.2,17.65,17.9,2391595
1103,2011-05-12,18.05,18.2,17.95,18,1285311
1103,2011-05-11,18.15,18.35,18.05,18.1,2861038
1103,2011-05-10,18.3,18.35,18.05,18.2,1640844
1103,2011-05-09,18.1,18.45,18.05,18.25,2830451
1103,2011-05-06,18.5,18.55,17.95,18,3995092
1103,2011-05-05,18.6,19,18.3,18.65,8600510
1103,2011-05-04,18.3,18.6,17.85,18.6,4642357
1103,2011-05-03,18.45,18.45,18.05,18.25,3556155
1103,2011-04-29,18.3,18.3,17.75,18,1673124
1103,2011-04-28,18.35,18.45,18.05,18.1,4495258
1103,2011-04-27,17.65,18.2,17.65,18.2,5390568
1103,2011-04-26,17.9,18,17.5,17.5,2800087
1103,2011-04-25,18.1,18.2,17.9,17.9,1842167
1103,2011-04-22,18.3,18.35,17.95,18,2573063
1103,2011-04-21,18.6,18.6,18.1,18.25,6117582
1103,2011-04-20,17.85,18.7,17.85,18.5,13718586
1103,2011-04-19,18,18,17.75,17.75,4147193
1103,2011-04-18,17.8,18.2,17.8,18.1,8542970
1103,2011-04-15,18,18.1,17.6,17.7,4515763
1103,2011-04-14,17.7,18.3,17.65,18,12093735
1103,2011-04-13,17.5,17.65,17.35,17.6,3893275
1103,2011-04-12,17.6,17.6,17.3,17.4,4532126
1103,2011-04-11,17.75,17.8,17.35,17.65,6163335
1103,2011-04-08,16.85,17.4,16.75,17.4,6404324
1103,2011-04-07,16.9,17,16.7,16.8,2310711
1103,2011-04-06,17.05,17.05,16.65,16.85,2616574
1103,2011-04-01,16.85,17,16.6,16.85,1532401
1103,2011-03-31,17.2,17.45,16.6,16.8,3545259
1103,2011-03-30,17.2,17.4,17,17.2,4398634
1103,2011-03-29,16.5,17.1,16.5,17.05,5643574
1103,2011-03-28,16.25,16.65,16.15,16.5,3206817
1103,2011-03-25,16.3,16.35,16.1,16.2,960714
1103,2011-03-24,16.55,16.7,16.2,16.25,1162800
1103,2011-03-23,15.65,16.7,15.65,16.5,2917833
1103,2011-03-22,15.65,15.8,15.55,15.65,867841
1103,2011-03-21,15.45,15.7,15.45,15.6,898878
1103,2011-03-18,15.5,15.6,15.35,15.45,1914502
1103,2011-03-17,15.55,15.55,15.3,15.35,764411
1103,2011-03-16,15.7,15.75,15.4,15.55,1375730
1103,2011-03-15,16.3,16.45,15.25,15.5,1290372
1103,2011-03-14,16.45,16.7,16.15,16.3,1214668
1103,2011-03-11,16.3,16.45,16.1,16.2,2025992
1103,2011-03-10,16.45,16.55,16.4,16.5,578690
1103,2011-03-09,16.6,16.75,16.5,16.55,867613
1103,2011-03-08,16.45,16.65,16.3,16.4,1131599
1103,2011-03-07,16.3,16.45,16.25,16.35,559946
1103,2011-03-04,16.45,16.5,16.35,16.35,699794
1103,2011-03-03,16.3,16.5,16.2,16.45,997513
1103,2011-03-02,16,16.3,15.9,16.2,987237
1103,2011-03-01,16,16.15,15.95,16.1,776687
1103,2011-02-25,15.9,16,15.75,15.9,899638
1103,2011-02-24,15.85,15.95,15.75,15.9,964109
1103,2011-02-23,15.8,16,15.7,15.75,988758
1103,2011-02-22,16.15,16.3,15.85,15.9,1020941
1103,2011-02-21,16.25,16.5,16.2,16.25,575176
1103,2011-02-18,16.25,16.4,16.2,16.3,572608
1103,2011-02-17,16.2,16.25,16.05,16.15,919625
1103,2011-02-16,16.15,16.2,16,16.2,1034336
1103,2011-02-15,16,16.2,15.9,16.15,2386275
1103,2011-02-14,16,16.2,15.95,16,1571459
1103,2011-02-11,16.7,16.7,15.8,16,1927277
1103,2011-02-10,16.8,16.85,16.6,16.7,964323
1103,2011-02-09,16.85,16.95,16.6,16.85,793209
1103,2011-02-08,17,17,16.65,16.85,732226
1103,2011-01-28,17,17,16.75,16.8,1012178
1103,2011-01-27,16.95,17,16.85,16.85,793569
1103,2011-01-26,16.85,17.05,16.8,16.85,799224
1103,2011-01-25,16.85,16.95,16.8,16.85,669125
1103,2011-01-24,16.9,17.05,16.7,16.8,1451781
1103,2011-01-21,17.05,17.05,16.8,16.9,1690425
1103,2011-01-20,17.4,17.4,17.15,17.15,2441102
1103,2011-01-19,16.8,17.55,16.8,17.45,10448265
1103,2011-01-18,16.65,16.95,16.55,16.95,3029309
1103,2011-01-17,16.95,16.95,16.5,16.65,2808540
1103,2011-01-14,16.85,17,16.8,16.85,1144867
1103,2011-01-13,16.8,16.95,16.75,16.85,1281820
1103,2011-01-12,16.85,16.9,16.7,16.8,891282
1103,2011-01-11,16.6,16.8,16.6,16.65,645839
1103,2011-01-10,16.6,16.8,16.6,16.6,1278948
1103,2011-01-07,17.4,17.4,16.5,16.6,2272516
1103,2011-01-06,17.25,17.35,17.15,17.3,1201886
1103,2011-01-05,17.5,17.8,17.05,17.2,2922636
1103,2011-01-04,17.8,17.9,17.35,17.45,2882465
1103,2011-01-03,17.2,17.7,17.2,17.7,4767546
1103,2012-12-28,13.9,13.95,13.8,13.85,272900
1103,2012-12-27,14.05,14.1,13.8,13.8,525508
1103,2012-12-26,13.7,14.1,13.7,13.9,754001
1103,2012-12-25,13.55,13.75,13.5,13.7,398924
1103,2012-12-24,13.55,13.65,13.55,13.55,334922
1103,2012-12-22,13.55,13.65,13.55,13.55,160677
1103,2012-12-21,13.8,13.8,13.45,13.65,435903
1103,2012-12-20,13.75,13.8,13.65,13.75,206179
1103,2012-12-19,13.8,13.95,13.65,13.8,326437
1103,2012-12-18,13.75,13.9,13.75,13.9,585196
1103,2012-12-17,13.65,13.8,13.65,13.7,199074
1103,2012-12-14,13.75,13.75,13.65,13.7,413869
1103,2012-12-13,13.7,13.8,13.65,13.75,502559
1103,2012-12-12,13.6,13.8,13.6,13.7,349872
1103,2012-12-11,13.6,13.7,13.55,13.6,253478
1103,2012-12-10,13.7,13.75,13.6,13.65,201969
1103,2012-12-07,13.7,13.95,13.65,13.7,425379
1103,2012-12-06,13.7,13.8,13.65,13.7,352520
1103,2012-12-05,13.65,13.7,13.55,13.65,422346
1103,2012-12-04,13.5,13.6,13.4,13.55,367401
1103,2012-12-03,13.4,13.65,13.4,13.5,342302
1103,2012-11-30,13.4,13.5,13.35,13.35,623038
1103,2012-11-29,13.25,13.4,13.2,13.35,496779
1103,2012-11-28,13.2,13.3,13.15,13.2,271645
1103,2012-11-27,13.25,13.3,13.15,13.25,232842
1103,2012-11-26,13.15,13.35,13.15,13.25,360768
1103,2012-11-23,13,13.2,13,13.15,411272
1103,2012-11-22,12.85,13,12.85,12.9,142508
1103,2012-11-21,13,13.05,12.85,12.85,404489
1103,2012-11-20,13.1,13.15,13.05,13.05,125905
1103,2012-11-19,13.1,13.15,13.05,13.05,257340
1103,2012-11-16,13.15,13.25,13.05,13.1,353673
1103,2012-11-15,13.25,13.25,13.1,13.2,242117
1103,2012-11-14,13.35,13.4,13.25,13.3,218025
1103,2012-11-13,13.6,13.6,13.35,13.35,321086
1103,2012-11-12,13.7,13.7,13.4,13.6,523075
1103,2012-11-09,13.5,13.7,13.35,13.7,351584
1103,2012-11-08,13.4,13.55,13.35,13.5,371872
1103,2012-11-07,13.5,13.65,13.35,13.55,394138
1103,2012-11-06,13.3,13.5,13.3,13.5,253356
1103,2012-11-05,13.3,13.4,13.2,13.35,275968
1103,2012-11-02,13.2,13.5,13.15,13.25,441534
1103,2012-11-01,13.15,13.25,12.9,13.2,234049
1103,2012-10-31,13.3,13.3,12.95,13.15,548498
1103,2012-10-30,13.35,13.55,13.15,13.3,618736
1103,2012-10-29,13.25,13.3,12.9,13,654350
1103,2012-10-26,13.4,13.5,13.15,13.25,1023391
1103,2012-10-25,13.6,13.6,13.4,13.4,356061
1103,2012-10-24,13.5,13.6,13.4,13.6,764123
1103,2012-10-23,14,14,13.55,13.6,1198840
1103,2012-10-22,14,14,13.85,14,866191
1103,2012-10-19,14.25,14.25,14.05,14.1,981805
1103,2012-10-18,14.25,14.3,14.05,14.25,607135
1103,2012-10-17,14.4,14.45,14.2,14.25,935557
1103,2012-10-16,14.5,14.5,14.2,14.4,1118516
1103,2012-10-15,14.9,14.95,14.6,14.7,865062
1103,2012-10-12,14.65,14.75,14.55,14.75,1179943
1103,2012-10-11,14.85,14.95,14.65,14.75,1713382
1103,2012-10-09,15.05,15.25,14.9,15.05,1694166
1103,2012-10-08,15.6,15.6,15.05,15.2,2538369
1103,2012-10-05,14.8,15.7,14.8,15.65,9036329
1103,2012-10-04,14.5,14.7,14.5,14.7,459130
1103,2012-10-03,14.85,14.85,14.55,14.55,762398
1103,2012-10-02,14.95,15.05,14.75,14.75,1043391
1103,2012-10-01,14.7,15.1,14.7,14.8,1039409
1103,2012-09-28,14.7,14.85,14.55,14.7,687163
1103,2012-09-27,14.7,14.9,14.7,14.7,472165
1103,2012-09-26,14.8,15.05,14.7,14.8,483698
1103,2012-09-25,15.4,15.45,14.7,14.9,1274239
1103,2012-09-24,14.85,15.4,14.8,15.35,3683662
1103,2012-09-21,14.6,14.75,14.5,14.75,891259
1103,2012-09-20,14.8,14.8,14.5,14.6,710960
1103,2012-09-19,14.5,14.8,14.45,14.75,1287733
1103,2012-09-18,14.6,14.65,14.45,14.5,636328
1103,2012-09-17,14.35,14.9,14.35,14.65,1906512
1103,2012-09-14,14,14.35,14,14.25,1724741
1103,2012-09-13,14,14.1,13.95,13.95,605245
1103,2012-09-12,14.1,14.1,13.85,14,629432
1103,2012-09-11,14.2,14.2,13.85,14,553752
1103,2012-09-10,13.6,14.35,13.6,14.05,2509419
1103,2012-09-07,13.4,13.7,13.4,13.65,1465493
1103,2012-09-06,13.3,13.4,13.25,13.35,158283
1103,2012-09-05,13.4,13.45,13.3,13.3,192738
1103,2012-09-04,13.4,13.55,13.35,13.45,500004
1103,2012-09-03,13.2,13.45,13.2,13.45,301136
1103,2012-08-31,13.45,13.45,13.3,13.3,260195
1103,2012-08-30,13.4,13.5,13.35,13.4,184522
1103,2012-08-29,13.5,13.6,13.3,13.5,757313
1103,2012-08-28,13.7,13.7,13.55,13.55,428171
1103,2012-08-27,13.8,13.85,13.65,13.7,206097
1103,2012-08-24,13.6,13.8,13.6,13.7,338986
1103,2012-08-23,13.7,13.75,13.6,13.7,316965
1103,2012-08-22,13.7,13.7,13.55,13.6,467037
1103,2012-08-21,13.5,13.75,13.5,13.7,388583
1103,2012-08-20,13.6,13.6,13.5,13.55,231929
1103,2012-08-17,13.6,13.75,13.55,13.6,679329
1103,2012-08-16,13.5,13.7,13.4,13.7,838485
1103,2012-08-15,13.35,13.45,13.35,13.45,329406
1103,2012-08-14,13.3,13.45,13.3,13.45,485402
1103,2012-08-13,13.35,13.4,13.25,13.25,1137497
1103,2012-08-10,13.85,13.95,13.8,13.85,1535037
1103,2012-08-09,13.65,13.85,13.6,13.8,748788
1103,2012-08-08,13.75,13.75,13.55,13.6,514434
1103,2012-08-07,13.7,13.7,13.5,13.55,487312
1103,2012-08-06,13.5,13.65,13.5,13.65,313410
1103,2012-08-03,13.6,13.6,13.45,13.5,221221
1103,2012-08-01,13.5,13.65,13.5,13.6,165942
1103,2012-07-31,13.5,13.55,13.45,13.55,207289
1103,2012-07-30,13.3,13.55,13.3,13.5,391195
1103,2012-07-27,13.3,13.35,13.25,13.3,257097
1103,2012-07-26,13.2,13.25,13.15,13.2,436008
1103,2012-07-25,13.15,13.2,13.15,13.2,147721
1103,2012-07-24,13.2,13.3,13.15,13.15,180942
1103,2012-07-23,13.3,13.35,13.2,13.35,313173
1103,2012-07-20,13.45,13.45,13.25,13.35,338772
1103,2012-07-19,13.45,13.5,13.4,13.45,198683
1103,2012-07-18,13.5,13.5,13.35,13.45,145694
1103,2012-07-17,13.4,13.5,13.3,13.5,743448
1103,2012-07-16,13.25,13.4,13.2,13.35,719800
1103,2012-07-13,13.35,13.4,13.2,13.25,954223
1103,2012-07-12,13.45,13.5,13.35,13.35,712632
1103,2012-07-11,13.4,13.5,13.4,13.45,659099
1103,2012-07-10,13.45,13.55,13.35,13.35,166231
1103,2012-07-09,13.55,13.55,13.4,13.45,79541
1103,2012-07-06,13.5,13.55,13.45,13.5,130329
1103,2012-07-05,13.65,13.65,13.45,13.5,314198
1103,2012-07-04,13.6,13.7,13.6,13.65,796484
1103,2012-07-03,13.55,13.7,13.55,13.6,359376
1103,2012-07-02,13.6,13.6,13.5,13.55,703863
1103,2012-06-29,13.45,13.55,13.4,13.55,706592
1103,2012-06-28,13.5,13.55,13.4,13.4,324945
1103,2012-06-27,13.4,13.5,13.4,13.45,689228
1103,2012-06-26,13.5,13.5,13.45,13.45,776417
1103,2012-06-25,13.55,13.65,13.5,13.5,739322
1103,2012-06-22,13.45,13.65,13.45,13.6,228728
1103,2012-06-21,13.75,13.75,13.6,13.65,160262
1103,2012-06-20,13.75,13.85,13.7,13.8,254856
1103,2012-06-19,13.9,13.9,13.7,13.7,504513
1103,2012-06-18,14,14,13.65,13.85,1512034
1103,2012-06-15,13.25,14.15,13.25,14.15,2059142
1103,2012-06-14,13.15,13.25,13.15,13.25,646877
1103,2012-06-13,13.2,13.25,12.9,13.25,590076
1103,2012-06-12,13.05,13.2,13,13.15,793000
1103,2012-06-11,12.95,13.1,12.9,13.1,1197465
1103,2012-06-08,12.85,13,12.85,12.9,2430984
1103,2012-06-07,12.9,13,12.85,12.85,667507
1103,2012-06-06,12.9,12.9,12.8,12.8,929959
1103,2012-06-05,12.8,13,12.8,12.9,752292
1103,2012-06-04,13,13,12.65,12.8,1354755
1103,2012-06-01,13.2,13.2,13.1,13.1,794953
1103,2012-05-31,13.05,13.2,13.05,13.2,613030
1103,2012-05-30,13.1,13.2,13.1,13.15,1252501
1103,2012-05-29,12.8,13.2,12.8,13.1,934050
1103,2012-05-28,12.8,12.9,12.7,12.8,744289
1103,2012-05-25,13,13.15,12.8,12.8,796415
1103,2012-05-24,12.9,13.2,12.85,13,735662
1103,2012-05-23,13.1,13.1,12.9,12.9,692503
1103,2012-05-22,13.1,13.15,13.05,13.15,715718
1103,2012-05-21,12.95,13.1,12.95,13.1,219209
1103,2012-05-18,13.05,13.1,12.85,12.95,1636973
1103,2012-05-17,13.25,13.35,13.1,13.1,468950
1103,2012-05-16,13.3,13.3,13.05,13.25,534800
1103,2012-05-15,13.3,13.35,13.2,13.3,292496
1103,2012-05-14,13.35,13.35,13.2,13.35,245410
1103,2012-05-11,13.25,13.35,13.2,13.35,346133
1103,2012-05-10,13.3,13.45,13.25,13.35,258834
1103,2012-05-09,13.55,13.55,13.3,13.4,218792
1103,2012-05-08,13.4,13.5,13.4,13.45,149276
1103,2012-05-07,13.5,13.5,13.35,13.5,291117
1103,2012-05-04,13.45,13.6,13.45,13.55,287287
1103,2012-05-03,13.55,13.6,13.5,13.5,353940
1103,2012-05-02,13.45,13.65,13.45,13.55,655861
1103,2012-04-30,13.3,13.5,13.2,13.4,871967
1103,2012-04-27,13.3,13.4,13.3,13.3,253961
1103,2012-04-26,13.3,13.4,13.3,13.3,300949
1103,2012-04-25,13.3,13.45,13.3,13.3,535747
1103,2012-04-24,13.35,13.45,13.25,13.3,292335
1103,2012-04-23,13.4,13.4,13.2,13.3,330721
1103,2012-04-20,13.35,13.4,13.3,13.35,424405
1103,2012-04-19,13.25,13.45,13.25,13.35,266080
1103,2012-04-18,13.4,13.5,13.25,13.25,819134
1103,2012-04-17,13.4,13.45,13.25,13.3,617621
1103,2012-04-16,13.35,13.45,13.35,13.4,267359
1103,2012-04-13,13.35,13.6,13.35,13.5,1288823
1103,2012-04-12,13.15,13.3,13.15,13.3,483509
1103,2012-04-11,13.2,13.4,13.2,13.2,724420
1103,2012-04-10,13.4,13.45,13.3,13.3,285361
1103,2012-04-09,13.35,13.55,13.2,13.25,654294
1103,2012-04-06,13.45,13.8,13.35,13.4,925820
1103,2012-04-05,13.45,13.55,13.2,13.45,1552343
1103,2012-04-03,13.85,14.05,13.55,13.55,720232
1103,2012-04-02,13.6,13.9,13.5,13.9,537764
1103,2012-03-30,13.6,13.7,13.55,13.6,170687
1103,2012-03-29,13.8,13.8,13.45,13.6,1040689
1103,2012-03-28,13.8,13.9,13.8,13.85,427394
1103,2012-03-27,13.75,13.85,13.75,13.8,315126
1103,2012-03-26,13.75,13.8,13.7,13.75,221023
1103,2012-03-23,13.75,13.85,13.75,13.75,287438
1103,2012-03-22,13.8,14.15,13.75,13.75,1523009
1103,2012-03-21,13.8,13.9,13.75,13.75,828125
1103,2012-03-20,14,14.05,13.8,13.8,473534
1103,2012-03-19,14.2,14.2,13.9,13.9,402455
1103,2012-03-16,14.05,14.15,14,14.1,499484
1103,2012-03-15,14.25,14.3,14.05,14.05,685541
1103,2012-03-14,14.1,14.4,14.1,14.3,3207154
1103,2012-03-13,13.85,14.1,13.75,14.05,829525
1103,2012-03-12,13.8,13.9,13.8,13.8,445778
1103,2012-03-09,13.85,13.95,13.75,13.9,711443
1103,2012-03-08,13.75,13.95,13.7,13.85,810998
1103,2012-03-07,13.5,13.75,13.45,13.7,287118
1103,2012-03-06,13.9,13.95,13.5,13.65,1307787
1103,2012-03-05,14.15,14.15,13.9,13.9,459104
1103,2012-03-03,14,14.2,13.9,14.15,1246614
1103,2012-03-02,14,14.1,13.95,14.05,417081
1103,2012-03-01,14,14.1,13.9,13.9,856304
1103,2012-02-29,14,14.1,13.9,14,1655110
1103,2012-02-24,13.7,13.85,13.65,13.75,525444
1103,2012-02-23,13.85,14,13.7,13.75,1256102
1103,2012-02-22,13.95,14.05,13.85,13.95,1208450
1103,2012-02-21,14.25,14.45,13.85,13.9,1679657
1103,2012-02-20,14.2,14.6,14.05,14.2,3517163
1103,2012-02-17,14.15,14.25,13.85,14.1,1354166
1103,2012-02-16,14.05,14.45,13.8,14.05,1603642
1103,2012-02-15,14,14.15,13.85,14.05,1286266
1103,2012-02-14,14.55,14.55,14,14,1393935
1103,2012-02-13,14,14.7,14,14.55,2984456
1103,2012-02-10,13.7,14.05,13.6,14,2154238
1103,2012-02-09,13.3,13.45,13.3,13.4,817119
1103,2012-02-08,13,13.3,12.9,13.25,857374
1103,2012-02-07,13.05,13.25,12.9,13,679117
1103,2012-02-06,13.35,13.4,13.1,13.15,533934
1103,2012-02-04,13.05,13.4,13.05,13.3,955989
1103,2012-02-03,13,13.1,12.9,13,841433
1103,2012-02-02,13.2,13.35,12.9,13.05,1081938
1103,2012-02-01,12.75,13.1,12.75,13.1,1146261
1103,2012-01-31,12.5,12.8,12.4,12.75,1258591
1103,2012-01-30,12.25,12.6,12.2,12.5,2452129
1103,2012-01-18,12,12.1,11.9,11.95,669754
1103,2012-01-17,11.8,12.05,11.8,12,669864
1103,2012-01-16,12.3,12.3,11.75,11.8,862060
1103,2012-01-13,11.65,11.8,11.65,11.7,604819
1103,2012-01-12,11.7,11.75,11.65,11.65,418347
1103,2012-01-11,11.75,11.85,11.75,11.75,329453
1103,2012-01-10,11.7,11.8,11.7,11.75,431712
1103,2012-01-09,11.7,11.75,11.6,11.65,384084
1103,2012-01-06,11.8,11.95,11.7,11.7,640381
1103,2012-01-05,11.85,11.95,11.8,11.8,424257
1103,2012-01-04,12.05,12.05,11.7,11.9,515147
1103,2012-01-03,11.8,11.95,11.8,11.95,286429
1103,2012-01-02,11.9,11.9,11.7,11.7,313733
1103,2013-12-31,15.85,15.85,15.7,15.7,334192
1103,2013-12-30,15.75,15.8,15.7,15.8,416376
1103,2013-12-27,15.8,15.8,15.7,15.75,368619
1103,2013-12-26,15.7,15.8,15.7,15.8,191706
1103,2013-12-25,15.85,15.85,15.75,15.8,458684
1103,2013-12-24,15.75,15.85,15.65,15.85,631527
1103,2013-12-23,15.75,15.9,15.75,15.8,1461040
1103,2013-12-20,15.9,15.9,15.75,15.75,552780
1103,2013-12-19,15.95,15.95,15.8,15.9,374837
1103,2013-12-18,15.9,16,15.8,15.9,711108
1103,2013-12-17,15.85,15.95,15.8,15.85,452966
1103,2013-12-16,15.8,15.9,15.7,15.85,582801
1103,2013-12-13,15.9,15.9,15.75,15.8,535247
1103,2013-12-12,15.9,16,15.75,15.95,673257
1103,2013-12-11,16.05,16.15,15.85,15.9,1026880
1103,2013-12-10,15.9,15.95,15.75,15.75,1231852
1103,2013-12-09,16.25,16.25,15.9,15.95,1782411
1103,2013-12-06,16.2,16.3,16.1,16.15,917652
1103,2013-12-05,16.25,16.5,16.2,16.2,3006744
1103,2013-12-04,16.35,16.35,16.05,16.1,4992845
1103,2013-12-03,16,16.25,15.7,16.25,3651628
1103,2013-12-02,15.8,15.95,15.7,15.8,2691638
1103,2013-11-29,15.8,15.85,15.5,15.55,2156017
1103,2013-11-28,15.6,15.95,15.5,15.55,3993460
1103,2013-11-27,15.5,16.1,15.45,15.5,6477247
1103,2013-11-26,14.8,15.8,14.65,15.35,7242900
1103,2013-11-25,14.6,14.8,14.6,14.8,216308
1103,2013-11-22,14.55,14.75,14.55,14.55,121970
1103,2013-11-21,14.85,14.85,14.55,14.7,393941
1103,2013-11-20,14.9,14.9,14.8,14.85,383518
1103,2013-11-19,14.7,14.75,14.6,14.75,185045
1103,2013-11-18,14.6,14.75,14.5,14.55,332652
1103,2013-11-15,14.4,14.6,14.4,14.6,252569
1103,2013-11-14,14.3,14.5,14.3,14.45,134797
1103,2013-11-13,14.5,14.6,14.25,14.25,270718
1103,2013-11-12,14.7,14.7,14.5,14.5,179937
1103,2013-11-11,14.6,14.7,14.55,14.65,221899
1103,2013-11-08,14.6,14.7,14.5,14.55,218366
1103,2013-11-07,14.8,14.8,14.55,14.6,436169
1103,2013-11-06,15.05,15.05,14.7,14.8,441813
1103,2013-11-05,15.05,15.3,15,15.05,505115
1103,2013-11-04,14.95,15.35,14.95,15.1,578928
1103,2013-11-01,15.15,15.15,14.95,15,490999
1103,2013-10-31,15.1,15.2,15,15,371734
1103,2013-10-30,15.05,15.35,15.05,15.2,990214
1103,2013-10-29,15.1,15.2,15,15.15,989215
1103,2013-10-28,15,15.3,15,15.1,662033
1103,2013-10-25,15.2,15.2,14.85,15,793530
1103,2013-10-24,14.9,15.15,14.85,15.1,685773
1103,2013-10-23,15.3,15.35,14.9,14.9,1348646
1103,2013-10-22,15.35,15.45,15.1,15.35,669248
1103,2013-10-21,15.45,15.5,15.3,15.45,470623
1103,2013-10-18,15.4,15.45,15.3,15.45,678200
1103,2013-10-17,15.55,15.6,15.4,15.4,847825
1103,2013-10-16,15.55,15.6,15.25,15.55,936540
1103,2013-10-15,15.4,15.5,15.2,15.45,840108
1103,2013-10-14,15.35,15.8,15.25,15.25,2420122
1103,2013-10-11,15.45,15.45,15.15,15.15,935248
1103,2013-10-09,15.4,15.45,15.2,15.25,914066
1103,2013-10-08,15.3,15.5,15.25,15.4,1389223
1103,2013-10-07,14.9,15.45,14.9,15.3,1806721
1103,2013-10-04,14.85,14.95,14.8,14.9,690573
1103,2013-10-03,14.6,14.95,14.6,14.8,1492996
1103,2013-10-02,14.6,14.7,14.55,14.55,730027
1103,2013-10-01,14.5,14.8,14.5,14.55,1414000
1103,2013-09-30,14.4,14.55,14.35,14.5,673768
1103,2013-09-27,14.4,14.4,14.25,14.4,726958
1103,2013-09-26,14.45,14.5,14.3,14.35,504570
1103,2013-09-25,14.35,14.5,14.35,14.4,649910
1103,2013-09-24,14.45,14.7,14.35,14.35,952135
1103,2013-09-23,14.25,14.4,14.25,14.35,373470
1103,2013-09-18,14.3,14.3,14.2,14.3,273136
1103,2013-09-17,14.3,14.3,14.2,14.3,453873
1103,2013-09-16,14,14.6,13.95,14.3,3331480
1103,2013-09-14,14,14,13.9,14,228164
1103,2013-09-13,14,14.05,13.95,14.05,444537
1103,2013-09-12,13.95,14.1,13.8,14,720035
1103,2013-09-11,13.85,13.9,13.75,13.9,401879
1103,2013-09-10,13.9,13.9,13.75,13.8,877025
1103,2013-09-09,14.05,14.05,13.85,13.9,600277
1103,2013-09-06,14.1,14.1,13.95,14.05,346671
1103,2013-09-05,13.9,14,13.9,14,400544
1103,2013-09-04,13.95,14,13.9,13.95,208595
1103,2013-09-03,13.8,14,13.8,13.95,355340
1103,2013-09-02,13.8,13.9,13.7,13.8,480679
1103,2013-08-30,13.6,13.75,13.6,13.7,318706
1103,2013-08-29,13.5,13.7,13.5,13.6,209551
1103,2013-08-28,13.6,13.6,13.45,13.45,260626
1103,2013-08-27,13.8,13.8,13.6,13.6,178527
1103,2013-08-26,13.8,13.8,13.7,13.8,84687
1103,2013-08-23,13.7,13.8,13.65,13.8,264056
1103,2013-08-22,13.65,13.75,13.6,13.65,171438
1103,2013-08-20,13.85,13.85,13.65,13.65,397766
1103,2013-08-19,13.9,13.9,13.8,13.85,344407
1103,2013-08-16,13.85,14.05,13.8,13.85,747739
1103,2013-08-15,13.9,13.9,13.85,13.85,400056
1103,2013-08-14,13.95,14.05,13.9,13.95,407037
1103,2013-08-13,14,14.05,13.9,13.95,419784
1103,2013-08-12,13.9,14.1,13.85,14,488056
1103,2013-08-09,14,14.1,13.85,13.9,526243
1103,2013-08-08,14.05,14.1,13.95,14,370420
1103,2013-08-07,14.15,14.2,14.05,14.05,191459
1103,2013-08-06,14.2,14.2,14.1,14.15,210182
1103,2013-08-05,14.2,14.25,14.15,14.15,299651
1103,2013-08-02,14.25,14.3,14.2,14.25,365424
1103,2013-08-01,14.3,14.3,14.2,14.25,109762
1103,2013-07-31,14.2,14.25,14.15,14.25,241258
1103,2013-07-30,14.2,14.3,14.2,14.3,183394
1103,2013-07-29,14.25,14.35,14.15,14.25,819107
1103,2013-07-26,14.15,14.2,14.1,14.15,184074
1103,2013-07-25,14.25,14.25,14.15,14.15,187837
1103,2013-07-24,14.25,14.3,14.25,14.3,173492
1103,2013-07-23,14.4,14.4,14.25,14.3,721781
1103,2013-07-22,14.25,14.4,14.2,14.4,700230
1103,2013-07-19,14.2,14.3,14.1,14.2,452606
1103,2013-07-18,13.9,14.3,13.9,14.3,790123
1103,2013-07-17,14.05,14.1,13.9,13.95,557251
1103,2013-07-16,13.95,14.1,13.95,14.05,464408
1103,2013-07-15,14,14,13.9,13.95,144084
1103,2013-07-12,14,14,13.85,14,375000
1103,2013-07-11,13.9,14.05,13.85,14,249392
1103,2013-07-10,13.85,13.95,13.8,13.8,317101
1103,2013-07-09,14.05,14.05,13.75,13.85,375340
1103,2013-07-08,14.15,14.15,13.9,13.9,175508
1103,2013-07-05,14.1,14.2,14,14.05,216222
1103,2013-07-04,14.1,14.15,14,14.05,147121
1103,2013-07-03,14.1,14.2,14,14.05,364701
1103,2013-07-02,14.1,14.25,14.05,14.05,526644
1103,2013-07-01,14.1,14.2,14,14.05,589327
1103,2013-06-28,14.25,14.3,14.1,14.25,221454
1103,2013-06-27,13.8,14.6,13.8,14.1,913923
1103,2013-06-26,13.65,13.8,13.65,13.75,497076
1103,2013-06-25,13.95,13.95,13.5,13.65,963955
1103,2013-06-24,13.95,14.05,13.8,13.95,313259
1103,2013-06-21,14.2,14.2,13.75,13.95,423378
1103,2013-06-20,14.1,14.45,14.1,14.2,1150411
1103,2013-06-19,14.5,14.5,14,14.05,1058263
1103,2013-06-18,14.35,14.45,14.3,14.4,461460
1103,2013-06-17,14.2,14.35,14.2,14.35,471418
1103,2013-06-14,14.4,14.45,14.2,14.2,626348
1103,2013-06-13,14.35,14.4,14.25,14.35,763932
1103,2013-06-11,14.65,14.65,14.45,14.45,914530
1103,2013-06-10,14.6,14.75,14.5,14.6,2729366
1103,2013-06-07,14.25,14.55,14.25,14.3,1268083
1103,2013-06-06,14.15,14.25,14.05,14.25,1537612
1103,2013-06-05,14.45,14.65,14.4,14.55,1483432
1103,2013-06-04,14.15,14.45,14.15,14.45,802091
1103,2013-06-03,14.3,14.3,13.95,14.15,934123
1103,2013-05-31,14.45,14.7,14.3,14.35,1680040
1103,2013-05-30,14.45,14.45,14.25,14.3,732637
1103,2013-05-29,14.55,14.6,14.45,14.5,821958
1103,2013-05-28,14.6,14.7,14.4,14.55,1515203
1103,2013-05-27,14.2,14.6,14.1,14.5,3300705
1103,2013-05-24,13.65,14.3,13.65,14,2330105
1103,2013-05-23,13.85,13.85,13.65,13.65,537846
1103,2013-05-22,13.7,13.9,13.65,13.85,785106
1103,2013-05-21,13.5,13.7,13.5,13.7,746849
1103,2013-05-20,13.5,13.55,13.4,13.5,507301
1103,2013-05-17,13.35,13.5,13.35,13.4,328732
1103,2013-05-16,13.3,13.5,13.3,13.35,659554
1103,2013-05-15,13.3,13.35,13.25,13.3,341946
1103,2013-05-14,13.25,13.3,13.25,13.3,315590
1103,2013-05-13,13.2,13.3,13.2,13.25,246175
1103,2013-05-10,13.15,13.35,13.15,13.35,390792
1103,2013-05-09,13.2,13.25,13.15,13.25,336692
1103,2013-05-08,13.1,13.2,13.1,13.15,305619
1103,2013-05-07,13.1,13.15,13.1,13.1,202803
1103,2013-05-06,13.15,13.2,13.05,13.1,304660
1103,2013-05-03,13.2,13.25,13.1,13.1,659985
1103,2013-05-02,13,13.2,13,13.2,208579
1103,2013-04-30,13.05,13.1,13,13,175255
1103,2013-04-29,13.05,13.1,12.95,13,360953
1103,2013-04-26,13.1,13.2,13,13.05,530080
1103,2013-04-25,13.1,13.2,13.05,13.15,125443
1103,2013-04-24,13.05,13.2,13.05,13.2,365225
1103,2013-04-23,13.1,13.1,12.95,13.05,364248
1103,2013-04-22,13.2,13.3,13,13.1,727029
1103,2013-04-19,12.9,13,12.9,12.95,223825
1103,2013-04-18,13.05,13.05,12.85,12.9,95470
1103,2013-04-17,12.95,13.05,12.9,13.05,146366
1103,2013-04-16,12.8,12.9,12.8,12.9,375881
1103,2013-04-15,12.9,13,12.9,12.95,91112
1103,2013-04-12,13.05,13.05,12.9,12.9,157854
1103,2013-04-11,12.95,13.05,12.9,13,89025
1103,2013-04-10,12.95,12.95,12.9,12.9,245752
1103,2013-04-09,13.05,13.05,12.85,12.9,315330
1103,2013-04-08,13.1,13.15,12.95,12.95,205487
1103,2013-04-03,13.25,13.25,13.1,13.25,220533
1103,2013-04-02,13.25,13.25,13.1,13.25,126126
1103,2013-04-01,13.15,13.25,13.15,13.25,192499
1103,2013-03-29,13.1,13.15,13.05,13.15,154543
1103,2013-03-28,13.1,13.1,13,13.05,229764
1103,2013-03-27,13.15,13.15,13,13.05,680544
1103,2013-03-26,13.2,13.25,13.1,13.15,282237
1103,2013-03-25,13.2,13.3,13.15,13.2,242253
1103,2013-03-22,13.25,13.3,13.2,13.2,248918
1103,2013-03-21,13.2,13.3,13.2,13.3,133126
1103,2013-03-20,13.15,13.25,13.15,13.2,462612
1103,2013-03-19,13.2,13.3,13.1,13.15,527111
1103,2013-03-18,13.45,13.45,13.15,13.15,498733
1103,2013-03-15,13.5,13.6,13.45,13.45,199114
1103,2013-03-14,13.55,13.6,13.5,13.5,298442
1103,2013-03-13,13.55,13.6,13.5,13.6,427958
1103,2013-03-12,13.7,13.7,13.55,13.55,738221
1103,2013-03-11,13.8,13.85,13.65,13.7,438254
1103,2013-03-08,13.65,13.85,13.65,13.75,369098
1103,2013-03-07,13.65,13.7,13.6,13.7,375063
1103,2013-03-06,13.8,13.8,13.65,13.65,835814
1103,2013-03-05,13.8,13.85,13.7,13.75,430853
1103,2013-03-04,13.85,13.95,13.75,13.8,403992
1103,2013-03-01,13.95,14,13.85,13.85,532131
1103,2013-02-27,13.8,13.95,13.8,13.95,315227
1103,2013-02-26,13.9,13.9,13.8,13.8,259018
1103,2013-02-25,14.05,14.05,13.9,13.9,264134
1103,2013-02-23,13.95,14.05,13.9,13.95,248325
1103,2013-02-22,13.85,13.95,13.85,13.95,220391
1103,2013-02-21,13.9,13.95,13.85,13.9,456908
1103,2013-02-20,14,14,13.9,13.95,299393
1103,2013-02-19,13.9,14,13.85,14,320499
1103,2013-02-18,14.05,14.05,13.85,13.9,310169
1103,2013-02-06,13.95,13.95,13.85,13.85,356247
1103,2013-02-05,14,14,13.8,13.85,261089
1103,2013-02-04,14,14.2,14,14,553057
1103,2013-02-01,13.95,14,13.9,13.9,233366
1103,2013-01-31,14,14.05,13.9,13.9,203320
1103,2013-01-30,13.9,14.05,13.9,14,434191
1103,2013-01-29,13.75,13.95,13.75,13.85,235161
1103,2013-01-28,13.75,13.85,13.75,13.8,94069
1103,2013-01-25,13.8,13.85,13.75,13.8,230912
1103,2013-01-24,13.8,13.85,13.75,13.8,255469
1103,2013-01-23,13.9,14,13.85,13.85,135588
1103,2013-01-22,13.8,13.95,13.8,13.85,150226
1103,2013-01-21,13.85,13.85,13.75,13.75,172859
1103,2013-01-18,13.75,13.95,13.75,13.8,416700
1103,2013-01-17,14.1,14.1,13.7,13.7,574262
1103,2013-01-16,14.15,14.15,14,14,427200
1103,2013-01-15,14.2,14.2,14.1,14.1,248821
1103,2013-01-14,14.35,14.35,14.05,14.2,382541
1103,2013-01-11,14.15,14.35,14.15,14.25,859967
1103,2013-01-10,14,14.15,13.95,14.05,677773
1103,2013-01-09,13.85,14,13.85,14,293703
1103,2013-01-08,13.85,14,13.85,13.95,442941
1103,2013-01-07,13.85,14.05,13.8,13.9,1125397
1103,2013-01-04,14,14,13.8,13.8,593248
1103,2013-01-03,13.9,14.05,13.9,13.9,397003
1103,2013-01-02,13.9,13.95,13.85,13.85,315832
1103,2014-12-31,14.15,14.2,14.1,14.15,130526
1103,2014-12-30,14.2,14.2,14.05,14.15,224937
1103,2014-12-29,14.2,14.2,14.1,14.2,181169
1103,2014-12-27,14.1,14.15,14.05,14.15,226568
1103,2014-12-26,14.2,14.2,14.05,14.1,114003
1103,2014-12-25,14.15,14.15,14.05,14.15,160008
1103,2014-12-24,14,14.15,14,14.15,243917
1103,2014-12-23,14,14,13.95,14,126468
1103,2014-12-22,13.95,13.95,13.9,13.95,110202
1103,2014-12-19,13.95,14,13.85,14,196160
1103,2014-12-18,13.9,13.95,13.85,13.95,149163
1103,2014-12-17,14,14,13.65,13.9,618004
1103,2014-12-16,14,14.05,13.9,13.9,215004
1103,2014-12-15,13.85,14,13.85,14,269056
1103,2014-12-12,13.95,14,13.9,14,51137
1103,2014-12-11,13.85,13.95,13.85,13.95,130527
1103,2014-12-10,13.9,14,13.85,13.95,220585
1103,2014-12-09,14,14,13.85,14,197527
1103,2014-12-08,14,14,13.9,14,140763
1103,2014-12-05,13.9,14,13.9,14,258010
1103,2014-12-04,14,14,13.9,14,145927
1103,2014-12-03,13.9,14,13.85,14,238392
1103,2014-12-02,14.1,14.15,13.85,14,272853
1103,2014-12-01,13.85,14,13.8,14,212673
1103,2014-11-28,14.1,14.1,13.85,14,160501
1103,2014-11-27,14.05,14.05,13.85,13.95,134305
1103,2014-11-26,14,14,13.8,13.95,121433
1103,2014-11-25,14,14.05,13.8,13.8,373614
1103,2014-11-24,14,14.05,14,14,76009
1103,2014-11-21,14.05,14.1,14,14,77518
1103,2014-11-20,13.95,14.1,13.95,14.1,223500
1103,2014-11-19,13.95,14,13.95,14,199039
1103,2014-11-18,14.05,14.1,13.95,14,174569
1103,2014-11-17,14.2,14.2,13.95,14.1,254258
1103,2014-11-14,14.2,14.3,14.15,14.3,172293
1103,2014-11-13,14.2,14.3,14.15,14.3,71485
1103,2014-11-12,14.45,14.45,14.15,14.3,177912
1103,2014-11-11,14.4,14.45,14.4,14.4,138264
1103,2014-11-10,14.4,14.4,14.25,14.4,52615
1103,2014-11-07,14.35,14.35,14.25,14.35,76267
1103,2014-11-06,14.35,14.35,14.15,14.25,137348
1103,2014-11-05,14.45,14.45,14.3,14.35,151910
1103,2014-11-04,14.3,14.4,14.25,14.35,178665
1103,2014-11-03,14.4,14.45,14.2,14.3,336022
1103,2014-10-31,14.3,14.35,14.2,14.35,86246
1103,2014-10-30,14.25,14.35,14.1,14.3,136003
1103,2014-10-29,14.1,14.3,14.1,14.25,156747
1103,2014-10-28,14,14.1,13.95,14.1,159474
1103,2014-10-27,14.1,14.1,13.85,13.85,241365
1103,2014-10-24,14.2,14.2,13.9,14.1,436190
1103,2014-10-23,14.25,14.25,14,14.2,178988
1103,2014-10-22,14.2,14.3,14,14.3,267512
1103,2014-10-21,14.05,14.15,14,14.15,201369
1103,2014-10-20,14.1,14.2,14.05,14.05,173127
1103,2014-10-17,14.2,14.2,13.95,14.1,595466
1103,2014-10-16,14.4,14.4,14.2,14.3,168897
1103,2014-10-15,14.5,14.5,14.4,14.5,284655
1103,2014-10-14,14.45,14.55,14.4,14.5,128251
1103,2014-10-13,14.5,14.7,14.4,14.55,383366
1103,2014-10-09,14.8,14.8,14.65,14.7,172174
1103,2014-10-08,14.8,14.85,14.8,14.8,74324
1103,2014-10-07,14.9,14.9,14.75,14.85,236957
1103,2014-10-06,14.85,14.95,14.85,14.9,79142
1103,2014-10-03,14.8,14.9,14.8,14.85,134997
1103,2014-10-02,14.9,14.9,14.8,14.9,46000
1103,2014-10-01,14.9,14.9,14.8,14.9,122078
1103,2014-09-30,14.9,14.9,14.75,14.85,541577
1103,2014-09-29,14.9,14.9,14.8,14.85,138329
1103,2014-09-26,14.95,14.95,14.8,14.9,111624
1103,2014-09-25,15.05,15.1,14.85,15,126697
1103,2014-09-24,14.95,15.1,14.95,15.05,166187
1103,2014-09-23,14.95,15.1,14.95,15,94967
1103,2014-09-22,14.95,15.05,14.9,15,122774
1103,2014-09-19,14.95,15.05,14.95,14.95,299065
1103,2014-09-18,15,15.05,14.95,14.95,144096
1103,2014-09-17,15.05,15.2,14.85,15,472168
1103,2014-09-16,15.1,15.15,15,15.15,72318
1103,2014-09-15,15.05,15.15,15,15.15,108778
1103,2014-09-12,15.2,15.2,15,15.05,291412
1103,2014-09-11,15.25,15.25,15.15,15.2,134777
1103,2014-09-10,15.3,15.3,15.1,15.15,168242
1103,2014-09-09,15.4,15.4,15.25,15.25,264275
1103,2014-09-05,15.3,15.4,15.2,15.35,90710
1103,2014-09-04,15.25,15.35,15.2,15.3,150084
1103,2014-09-03,15.4,15.4,15.25,15.35,178803
1103,2014-09-02,15.45,15.45,15.35,15.4,196755
1103,2014-09-01,15.35,15.5,15.35,15.45,231361
1103,2014-08-29,15.4,15.4,15.25,15.35,166095
1103,2014-08-28,15.4,15.4,15.25,15.35,255930
1103,2014-08-27,15.25,15.4,15.25,15.4,415653
1103,2014-08-26,15.2,15.25,15.15,15.25,684885
1103,2014-08-25,15.2,15.25,15.15,15.2,406589
1103,2014-08-22,15,15.25,15,15.2,733247
1103,2014-08-21,15.05,15.2,15.05,15.15,376948
1103,2014-08-20,15.05,15.1,15.05,15.05,221385
1103,2014-08-19,15,15.15,15,15.1,235160
1103,2014-08-18,15.15,15.15,14.95,15,285866
1103,2014-08-15,15.05,15.15,15,15.15,138630
1103,2014-08-14,15.15,15.15,15.05,15.05,191828
1103,2014-08-13,15.1,15.2,15,15.15,419850
1103,2014-08-12,15.15,15.15,14.95,15,172005
1103,2014-08-11,15,15.1,15,15.1,70439
1103,2014-08-08,15.1,15.1,14.95,14.95,171432
1103,2014-08-07,15.1,15.1,14.95,15.05,244306
1103,2014-08-06,15.05,15.2,14.95,15,469775
1103,2014-08-05,15.3,15.3,15,15.05,430677
1103,2014-08-04,15.25,15.35,15.15,15.25,618874
1103,2014-08-01,15.1,15.25,15.1,15.15,134543
1103,2014-07-31,15.3,15.3,15.15,15.25,210015
1103,2014-07-30,15.3,15.3,15.15,15.25,413783
1103,2014-07-29,15.15,15.3,15.1,15.25,484437
1103,2014-07-28,15.1,15.2,15,15.1,409481
1103,2014-07-25,15.15,15.15,15.05,15.1,273641
1103,2014-07-24,15.15,15.15,15.05,15.1,236782
1103,2014-07-22,15.1,15.15,15,15.15,823179
1103,2014-07-21,15.05,15.1,14.95,15.05,337003
1103,2014-07-18,15.05,15.05,14.85,15.05,813790
1103,2014-07-17,15.1,15.1,15,15.1,477017
1103,2014-07-16,15.05,15.15,15,15.1,807229
1103,2014-07-15,15.05,15.1,15.05,15.05,529294
1103,2014-07-14,14.9,15.2,14.9,15.05,1302356
1103,2014-07-11,15.1,15.1,14.8,14.95,1858678
1103,2014-07-10,15.2,15.2,15.05,15.15,1640066
1103,2014-07-09,16.15,16.2,16.1,16.1,2761566
1103,2014-07-08,16.2,16.2,16.1,16.15,983014
1103,2014-07-07,16.05,16.2,16,16.1,1460763
1103,2014-07-04,16,16.1,15.9,16,913465
1103,2014-07-03,16,16.05,15.95,16,611986
1103,2014-07-02,16.05,16.1,15.95,16,1112446
1103,2014-07-01,16,16,15.9,16,947444
1103,2014-06-30,15.9,16,15.85,15.95,562908
1103,2014-06-27,15.9,16,15.85,15.9,415353
1103,2014-06-26,15.9,16,15.85,15.9,389265
1103,2014-06-25,15.95,15.95,15.85,15.85,473728
1103,2014-06-24,16.1,16.1,15.85,15.95,547331
1103,2014-06-23,15.95,16.1,15.9,15.95,519733
1103,2014-06-20,16.05,16.1,15.9,15.95,996871
1103,2014-06-19,16.25,16.35,16,16,1208663
1103,2014-06-18,16,16.25,15.9,16.15,914907
1103,2014-06-17,16,16.1,15.9,15.95,538086
1103,2014-06-16,15.95,16.1,15.95,16,749731
1103,2014-06-13,15.95,16.1,15.9,15.95,312505
1103,2014-06-12,16,16.1,15.95,16,178152
1103,2014-06-11,15.95,16.1,15.9,16,1088841
1103,2014-06-10,15.9,16,15.9,15.95,133183
1103,2014-06-09,15.95,15.95,15.9,15.95,169652
1103,2014-06-06,16.1,16.1,15.95,15.95,437511
1103,2014-06-05,16,16.1,15.95,16.1,804401
1103,2014-06-04,15.9,16.05,15.9,15.95,868739
1103,2014-06-03,15.9,16,15.85,15.9,405252
1103,2014-05-30,15.9,16,15.8,15.8,753970
1103,2014-05-29,15.6,15.7,15.5,15.65,302272
1103,2014-05-28,15.55,15.6,15.5,15.6,521739
1103,2014-05-27,15.55,15.6,15.5,15.6,183899
1103,2014-05-26,15.6,15.65,15.45,15.5,827677
1103,2014-05-23,15.6,15.7,15.6,15.6,303873
1103,2014-05-22,15.6,15.7,15.6,15.65,351213
1103,2014-05-21,15.6,15.7,15.55,15.65,297941
1103,2014-05-20,15.65,15.7,15.6,15.65,169275
1103,2014-05-19,15.55,15.7,15.5,15.65,329233
1103,2014-05-16,15.6,15.65,15.55,15.6,453118
1103,2014-05-15,15.5,15.65,15.5,15.65,342519
1103,2014-05-14,15.7,15.7,15.45,15.65,818776
1103,2014-05-13,15.8,15.8,15.65,15.7,748623
1103,2014-05-12,15.8,15.85,15.75,15.8,347995
1103,2014-05-09,15.85,15.9,15.75,15.8,650608
1103,2014-05-08,15.95,15.95,15.8,15.9,414323
1103,2014-05-07,15.9,16,15.85,15.95,206886
1103,2014-05-06,16,16.05,15.85,16,177255
1103,2014-05-05,15.9,16,15.8,16,234593
1103,2014-05-02,15.75,16.05,15.75,16,332452
1103,2014-04-30,16,16.05,15.75,15.85,547936
1103,2014-04-29,15.9,16,15.85,16,253692
1103,2014-04-28,15.75,15.85,15.65,15.85,715824
1103,2014-04-25,16.35,16.35,15.85,15.85,1102313
1103,2014-04-24,16.4,16.4,16.15,16.25,582356
1103,2014-04-23,16.7,16.8,16.3,16.35,1017470
1103,2014-04-22,16.7,16.8,16.65,16.7,563322
1103,2014-04-21,16.85,16.85,16.6,16.75,717260
1103,2014-04-18,16.95,17.05,16.8,16.85,1133227
1103,2014-04-17,16.1,17.1,16.1,16.8,2696114
1103,2014-04-16,16.1,16.2,16,16.1,405297
1103,2014-04-15,16,16.15,16,16.1,648804
1103,2014-04-14,16.1,16.1,15.95,16.05,442555
1103,2014-04-11,16.1,16.1,16,16.05,859488
1103,2014-04-10,16.05,16.15,16.05,16.1,1375150
1103,2014-04-09,16,16.1,15.95,16,382661
1103,2014-04-08,16.1,16.2,15.95,16.05,639517
1103,2014-04-07,16.15,16.25,16.05,16.1,684085
1103,2014-04-03,16.2,16.2,16.05,16.1,1680751
1103,2014-04-02,15.9,16.1,15.85,15.9,892541
1103,2014-04-01,16.05,16.05,15.8,15.9,1142884
1103,2014-03-31,15.4,16.05,15.4,15.9,1643596
1103,2014-03-28,15.5,15.6,15.4,15.45,419549
1103,2014-03-27,15.3,15.6,15.3,15.6,455988
1103,2014-03-26,15.35,15.35,15.25,15.35,395561
1103,2014-03-25,15.15,15.35,15.15,15.35,419982
1103,2014-03-24,15.05,15.15,15,15.15,245238
1103,2014-03-21,15.2,15.25,15,15.15,571340
1103,2014-03-20,15.3,15.3,15.2,15.2,482076
1103,2014-03-19,15.4,15.45,15.3,15.35,516409
1103,2014-03-18,15.5,15.5,15.3,15.4,265434
1103,2014-03-17,15.4,15.5,15.3,15.4,314056
1103,2014-03-14,15.3,15.4,15.3,15.4,375697
1103,2014-03-13,15.3,15.45,15.3,15.45,355365
1103,2014-03-12,15.35,15.4,15.3,15.4,209555
1103,2014-03-11,15.45,15.45,15.3,15.35,360806
1103,2014-03-10,15.3,15.4,15.3,15.4,321796
1103,2014-03-07,15.45,15.45,15.3,15.3,361762
1103,2014-03-06,15.45,15.5,15.35,15.4,481097
1103,2014-03-05,15.4,15.45,15.35,15.45,287664
1103,2014-03-04,15.5,15.5,15.3,15.4,628892
1103,2014-03-03,15.55,15.6,15.45,15.55,452478
1103,2014-02-27,15.7,15.75,15.6,15.6,386844
1103,2014-02-26,15.7,15.8,15.65,15.7,545713
1103,2014-02-25,15.65,15.75,15.55,15.7,729530
1103,2014-02-24,15.65,15.7,15.55,15.6,284928
1103,2014-02-21,15.6,15.65,15.5,15.65,527633
1103,2014-02-20,15.65,15.65,15.5,15.6,542739
1103,2014-02-19,15.7,15.7,15.55,15.7,266619
1103,2014-02-18,15.5,15.7,15.5,15.7,364158
1103,2014-02-17,15.75,15.75,15.5,15.6,275849
1103,2014-02-14,15.75,15.75,15.6,15.7,500492
1103,2014-02-13,15.6,15.7,15.5,15.7,907114
1103,2014-02-12,15.65,15.65,15.5,15.6,560394
1103,2014-02-11,15.5,15.6,15.5,15.55,490670
1103,2014-02-10,15.6,15.6,15.5,15.5,344490
1103,2014-02-07,15.45,15.5,15.35,15.45,462087
1103,2014-02-06,15.45,15.5,15.35,15.5,527075
1103,2014-02-05,15.35,15.5,15.3,15.45,383384
1103,2014-01-27,15.45,15.5,15.25,15.5,474429
1103,2014-01-24,15.45,15.55,15.35,15.55,408094
1103,2014-01-23,15.45,15.55,15.35,15.45,676379
1103,2014-01-22,15.45,15.55,15.35,15.55,599520
1103,2014-01-21,15.4,15.45,15.3,15.45,408139
1103,2014-01-20,15.4,15.55,15.25,15.45,543923
1103,2014-01-17,15.55,15.55,15.35,15.4,495481
1103,2014-01-16,15.6,15.6,15.45,15.55,462306
1103,2014-01-15,15.5,15.65,15.45,15.55,742652
1103,2014-01-14,15.5,15.55,15.45,15.5,474891
1103,2014-01-13,15.65,15.7,15.45,15.5,298030
1103,2014-01-10,15.6,15.65,15.45,15.65,393085
1103,2014-01-09,15.55,15.6,15.35,15.45,666200
1103,2014-01-08,15.6,15.75,15.35,15.55,1050763
1103,2014-01-07,15.4,15.65,15.4,15.65,660977
1103,2014-01-06,15.8,15.85,15.3,15.35,898872
1103,2014-01-03,15.7,16,15.7,15.8,904292
1103,2014-01-02,15.7,15.75,15.6,15.7,905905
1103,2015-12-31,9.55,9.55,9.48,9.52,10956
1103,2015-12-30,9.48,9.55,9.47,9.55,127787
1103,2015-12-29,9.55,9.55,9.48,9.49,80022
1103,2015-12-28,9.5,9.58,9.5,9.55,700598
1103,2015-12-25,9.55,9.65,9.55,9.6,116795
1103,2015-12-24,9.56,9.68,9.56,9.65,80940
1103,2015-12-23,9.49,9.69,9.49,9.65,124107
1103,2015-12-22,9.5,9.5,9.42,9.49,62790
1103,2015-12-21,9.3,9.54,9.3,9.5,126365
1103,2015-12-18,9.75,9.75,9.27,9.27,115313
1103,2015-12-17,9.6,9.64,9.55,9.64,136025
1103,2015-12-16,9.59,9.6,9.53,9.6,77569
1103,2015-12-15,9.58,9.59,9.53,9.58,25496
1103,2015-12-14,9.58,9.58,9.49,9.58,133315
1103,2015-12-11,9.62,9.63,9.54,9.6,98520
1103,2015-12-10,9.75,9.75,9.61,9.62,149823
1103,2015-12-09,9.85,9.85,9.68,9.76,120998
1103,2015-12-08,9.8,9.86,9.8,9.85,47280
1103,2015-12-07,9.83,9.87,9.8,9.87,53022
1103,2015-12-04,9.84,9.88,9.78,9.83,313992
1103,2015-12-03,9.82,9.86,9.82,9.84,59687
1103,2015-12-02,9.89,9.9,9.83,9.86,234922
1103,2015-12-01,9.88,9.9,9.83,9.9,52032
1103,2015-11-30,9.86,9.88,9.75,9.88,126168
1103,2015-11-27,9.91,9.94,9.9,9.94,32109
1103,2015-11-26,9.93,9.98,9.93,9.94,62104
1103,2015-11-25,9.9,9.97,9.87,9.93,126333
1103,2015-11-24,10,10,9.85,9.9,153410
1103,2015-11-23,10,10,9.93,10,27785
1103,2015-11-20,9.93,10.05,9.93,9.97,70905
1103,2015-11-19,10.05,10.05,9.9,10.05,284442
1103,2015-11-18,10.15,10.15,9.95,10.05,203120
1103,2015-11-17,10.1,10.2,10.1,10.15,111522
1103,2015-11-16,10.1,10.2,10,10.1,205092
1103,2015-11-13,10.2,10.3,10.05,10.1,205142
1103,2015-11-12,10.35,10.4,10.25,10.4,83904
1103,2015-11-11,10.45,10.55,10.35,10.35,148073
1103,2015-11-10,10.6,10.6,10.5,10.55,197440
1103,2015-11-09,10.7,10.75,10.6,10.65,156931
1103,2015-11-06,10.7,10.8,10.65,10.7,212188
1103,2015-11-05,10.8,10.85,10.65,10.8,513152
1103,2015-11-04,10.75,10.95,10.7,10.8,545815
1103,2015-11-03,10.85,10.9,10.7,10.85,209906
1103,2015-11-02,10.8,10.85,10.7,10.85,138646
1103,2015-10-30,10.7,10.85,10.7,10.8,274986
1103,2015-10-29,10.75,10.8,10.7,10.75,112442
1103,2015-10-28,10.8,10.85,10.7,10.75,164735
1103,2015-10-27,10.8,10.8,10.7,10.75,75176
1103,2015-10-26,10.65,10.8,10.65,10.8,73016
1103,2015-10-23,10.75,10.8,10.6,10.65,227761
1103,2015-10-22,10.7,10.75,10.6,10.75,135718
1103,2015-10-21,10.8,10.85,10.75,10.75,186558
1103,2015-10-20,10.8,10.85,10.75,10.85,118079
1103,2015-10-19,10.8,10.8,10.75,10.8,113259
1103,2015-10-16,10.85,10.9,10.75,10.8,235052
1103,2015-10-15,10.75,10.85,10.75,10.8,222391
1103,2015-10-14,10.7,10.7,10.6,10.7,143192
1103,2015-10-13,10.4,10.75,10.4,10.65,214412
1103,2015-10-12,10.35,10.55,10.3,10.5,360077
1103,2015-10-08,10.3,10.3,10.25,10.3,110653
1103,2015-10-07,10.3,10.3,10.2,10.3,213891
1103,2015-10-06,10.3,10.35,10.25,10.3,148339
1103,2015-10-05,10.15,10.25,10.15,10.25,113560
1103,2015-10-02,10,10.15,10,10.15,127450
1103,2015-10-01,10.05,10.15,10.05,10.15,96086
1103,2015-09-30,10,10.05,10,10.05,71256
1103,2015-09-25,10.05,10.05,9.98,10,99788
1103,2015-09-24,10.05,10.05,9.9,9.99,245654
1103,2015-09-23,10.15,10.15,9.88,10.05,285311
1103,2015-09-22,10.15,10.15,10.1,10.15,119179
1103,2015-09-21,10.2,10.2,10.05,10.15,174438
1103,2015-09-18,10.15,10.25,10.15,10.25,111591
1103,2015-09-17,10.15,10.25,10.1,10.15,246602
1103,2015-09-16,10.1,10.15,10.05,10.1,81206
1103,2015-09-15,10.05,10.15,10.05,10.05,116017
1103,2015-09-14,10.15,10.25,10,10.15,289038
1103,2015-09-11,10.1,10.2,10.1,10.15,151694
1103,2015-09-10,10.1,10.2,10.05,10.1,312260
1103,2015-09-09,10.3,10.65,10.3,10.4,576994
1103,2015-09-08,10.2,10.3,10.2,10.25,95257
1103,2015-09-07,10.1,10.25,10.1,10.2,139271
1103,2015-09-04,10.3,10.35,10.1,10.1,115035
1103,2015-09-03,10.2,10.3,10.1,10.3,170121
1103,2015-09-02,10.1,10.25,10.1,10.2,421015
1103,2015-09-01,9.7,10.45,9.7,10.45,869128
1103,2015-08-31,9.79,9.89,9.7,9.73,644419
1103,2015-08-28,8.95,9.77,8.95,9.65,800921
1103,2015-08-27,8.82,8.98,8.75,8.89,435636
1103,2015-08-26,8.32,8.89,8.32,8.82,187596
1103,2015-08-25,7.97,8.79,7.97,8.71,900562
1103,2015-08-24,9.37,9.37,8.66,8.83,969541
1103,2015-08-21,9.88,9.89,9.52,9.57,312268
1103,2015-08-20,9.95,10,9.86,9.94,288562
1103,2015-08-19,10.4,10.4,9.86,9.86,618229
1103,2015-08-18,10.55,10.55,10.4,10.4,182625
1103,2015-08-17,10.6,10.6,10.5,10.55,74561
1103,2015-08-14,10.55,10.6,10.5,10.6,133472
1103,2015-08-13,10.7,10.7,10.55,10.65,81721
1103,2015-08-12,10.7,10.7,10.55,10.7,150184
1103,2015-08-11,10.7,10.85,10.65,10.75,279002
1103,2015-08-10,10.55,10.7,10.55,10.7,121021
1103,2015-08-07,10.5,10.65,10.5,10.6,24952
1103,2015-08-06,10.65,10.65,10.6,10.65,52567
1103,2015-08-05,10.6,10.65,10.45,10.65,399005
1103,2015-08-04,10.6,10.6,10.45,10.6,143004
1103,2015-08-03,10.7,10.7,10.5,10.6,266920
1103,2015-07-31,10.8,10.85,10.7,10.8,196380
1103,2015-07-30,10.8,10.9,10.8,10.8,223995
1103,2015-07-29,10.8,10.8,10.7,10.8,162106
1103,2015-07-28,10.75,10.85,10.7,10.8,287688
1103,2015-07-27,10.95,10.95,10.75,10.75,187788
1103,2015-07-24,11.15,11.15,10.8,10.95,552057
1103,2015-07-23,11.5,11.5,10.95,11.15,1137876
1103,2015-07-22,11.6,11.65,11.45,11.5,168206
1103,2015-07-21,11.6,11.65,11.55,11.6,137871
1103,2015-07-20,11.8,11.85,11.6,11.6,264347
1103,2015-07-17,11.9,11.95,11.8,11.8,179545
1103,2015-07-16,11.95,12,11.85,11.9,77226
1103,2015-07-15,12.25,12.25,11.85,11.95,179056
1103,2015-07-14,12,12.1,11.9,11.95,219095
1103,2015-07-13,11.9,12,11.9,11.95,56041
1103,2015-07-09,11.95,12,11.8,12,219637
1103,2015-07-08,12.1,12.1,11.85,12,278262
1103,2015-07-07,12.1,12.1,12.05,12.1,155960
1103,2015-07-06,12,12.1,12,12.1,182000
1103,2015-07-03,12,12.15,12,12.15,244313
1103,2015-07-02,12.15,12.15,12.05,12.15,257642
1103,2015-07-01,12.05,12.2,12.05,12.15,93458
1103,2015-06-30,12,12.15,12,12.05,133150
1103,2015-06-29,12.2,12.2,12,12.1,170000
1103,2015-06-26,12.25,12.35,12.2,12.2,177991
1103,2015-06-25,12.25,12.4,12.25,12.35,101282
1103,2015-06-24,12.4,12.4,12.2,12.35,180972
1103,2015-06-23,12.55,12.55,12.25,12.3,377696
1103,2015-06-22,12.4,12.5,12.3,12.4,213740
1103,2015-06-18,12.2,12.55,12.15,12.4,414072
1103,2015-06-17,12.2,12.3,12.1,12.2,464167
1103,2015-06-16,12.4,12.45,12.1,12.2,204125
1103,2015-06-15,12.2,12.4,12.2,12.4,153110
1103,2015-06-12,12.05,12.2,12.05,12.15,217623
1103,2015-06-11,12.5,12.5,12.1,12.15,627837
1103,2015-06-10,12.5,12.55,12.4,12.45,306814
1103,2015-06-09,12.65,12.75,12.45,12.55,281577
1103,2015-06-08,12.9,12.95,12.6,12.75,467128
1103,2015-06-05,13.2,13.25,12.9,12.95,677193
1103,2015-06-04,13.4,13.45,13.15,13.15,503840
1103,2015-06-03,13.45,13.55,13.3,13.4,241352
1103,2015-06-02,13.5,13.55,13.45,13.5,239811
1103,2015-06-01,13.55,13.6,13.45,13.55,219379
1103,2015-05-29,13.7,13.7,13.45,13.45,536230
1103,2015-05-28,13.7,13.75,13.65,13.65,183828
1103,2015-05-27,13.65,13.7,13.6,13.7,135429
1103,2015-05-26,13.75,13.75,13.65,13.7,269724
1103,2015-05-25,13.75,13.75,13.65,13.75,175874
1103,2015-05-22,13.9,13.9,13.75,13.75,193043
1103,2015-05-21,13.8,13.8,13.75,13.75,316311
1103,2015-05-20,13.9,13.9,13.85,13.85,347195
1103,2015-05-19,13.95,13.95,13.85,13.95,194696
1103,2015-05-18,13.85,13.95,13.8,13.9,221460
1103,2015-05-15,13.9,13.9,13.8,13.85,392866
1103,2015-05-14,14,14,13.8,13.9,343608
1103,2015-05-13,14.1,14.1,14.05,14.1,115038
1103,2015-05-12,14.05,14.15,14.05,14.05,266223
1103,2015-05-11,14.15,14.25,14,14.1,625865
1103,2015-05-08,14.2,14.25,14.15,14.2,349753
1103,2015-05-07,14.3,14.3,14.15,14.2,411057
1103,2015-05-06,14.1,14.25,14,14.25,312562
1103,2015-05-05,14.15,14.15,14,14.05,443352
1103,2015-05-04,14.2,14.25,14.1,14.2,205153
1103,2015-04-30,14.15,14.3,14.15,14.2,620618
1103,2015-04-29,14.05,14.25,14,14.05,704843
1103,2015-04-28,14.25,14.25,14.05,14.05,671880
1103,2015-04-27,14.2,14.3,14.05,14.25,763200
1103,2015-04-24,14.1,14.25,14.1,14.2,589549
1103,2015-04-23,13.95,14.15,13.95,14.1,662256
1103,2015-04-22,14.1,14.1,13.9,13.95,467601
1103,2015-04-21,14.2,14.2,14,14.1,689572
1103,2015-04-20,14.3,14.35,14.15,14.25,486179
1103,2015-04-17,14.5,14.5,14.2,14.35,1077893
1103,2015-04-16,13.95,14.75,13.85,14.5,3799980
1103,2015-04-15,13.95,14,13.85,13.95,471359
1103,2015-04-14,13.8,13.95,13.8,13.95,192314
1103,2015-04-13,13.95,13.95,13.85,13.95,219684
1103,2015-04-10,13.75,14,13.7,13.9,242012
1103,2015-04-09,13.7,13.75,13.7,13.75,306373
1103,2015-04-08,13.7,13.75,13.65,13.7,195000
1103,2015-04-07,13.8,13.8,13.65,13.7,256798
1103,2015-04-02,13.7,13.75,13.65,13.75,225110
1103,2015-04-01,13.8,13.8,13.65,13.7,600847
1103,2015-03-31,13.85,13.85,13.8,13.8,388400
1103,2015-03-30,13.85,13.95,13.85,13.85,242848
1103,2015-03-27,13.85,13.85,13.75,13.85,303087
1103,2015-03-26,13.75,13.85,13.7,13.85,394756
1103,2015-03-25,13.7,13.75,13.7,13.7,229080
1103,2015-03-24,13.7,13.75,13.65,13.7,275744
1103,2015-03-23,13.75,13.75,13.65,13.7,272448
1103,2015-03-20,13.75,13.75,13.65,13.75,118113
1103,2015-03-19,13.75,13.75,13.65,13.75,215299
1103,2015-03-18,13.75,13.75,13.65,13.7,138982
1103,2015-03-17,13.7,13.75,13.65,13.7,238622
1103,2015-03-16,13.7,13.7,13.65,13.7,79777
1103,2015-03-13,13.7,13.75,13.65,13.75,183062
1103,2015-03-12,13.7,13.75,13.6,13.75,248209
1103,2015-03-11,13.7,13.7,13.6,13.7,242313
1103,2015-03-10,13.75,13.85,13.75,13.75,156075
1103,2015-03-09,13.7,13.75,13.65,13.7,101052
1103,2015-03-06,13.7,13.7,13.6,13.7,420544
1103,2015-03-05,13.7,13.7,13.6,13.7,312018
1103,2015-03-04,13.7,13.7,13.65,13.65,121088
1103,2015-03-03,13.65,13.7,13.6,13.65,158287
1103,2015-03-02,13.65,13.7,13.65,13.65,410473
1103,2015-02-26,13.7,13.7,13.6,13.6,218267
1103,2015-02-25,13.65,13.7,13.6,13.65,186981
1103,2015-02-24,13.7,13.7,13.6,13.7,186063
1103,2015-02-13,13.7,13.7,13.65,13.7,114645
1103,2015-02-12,13.65,13.7,13.6,13.7,84998
1103,2015-02-11,13.65,13.65,13.6,13.65,123201
1103,2015-02-10,13.7,13.7,13.6,13.7,224186
1103,2015-02-09,13.7,13.75,13.65,13.7,359204
1103,2015-02-06,13.75,13.75,13.65,13.7,389470
1103,2015-02-05,13.8,13.8,13.7,13.75,569264
1103,2015-02-04,13.85,13.85,13.8,13.8,111956
1103,2015-02-03,13.9,13.9,13.75,13.8,287397
1103,2015-02-02,13.85,13.9,13.8,13.85,179149
1103,2015-01-30,13.9,13.9,13.8,13.9,297392
1103,2015-01-29,13.9,13.9,13.8,13.9,198104
1103,2015-01-28,13.9,13.95,13.85,13.95,188888
1103,2015-01-27,13.9,13.95,13.8,13.9,387598
1103,2015-01-26,13.9,13.95,13.85,13.9,372892
1103,2015-01-23,14,14.05,13.9,14,499913
1103,2015-01-22,13.95,14,13.9,14,220088
1103,2015-01-21,14,14,13.9,14,290006
1103,2015-01-20,13.85,14,13.85,14,183066
1103,2015-01-19,13.85,13.95,13.85,13.9,189796
1103,2015-01-16,14,14.1,13.75,13.85,816413
1103,2015-01-15,14.2,14.2,14,14,422870
1103,2015-01-14,14.15,14.2,14,14.2,378747
1103,2015-01-13,14.15,14.15,14.05,14.15,346742
1103,2015-01-12,14.35,14.35,14.15,14.2,181206
1103,2015-01-09,14.35,14.35,14.25,14.35,157382
1103,2015-01-08,14.2,14.3,14.15,14.3,338067
1103,2015-01-07,14.15,14.2,14.1,14.2,155672
1103,2015-01-06,14.15,14.15,14.1,14.15,191911
1103,2015-01-05,14.15,14.25,13.9,14.25,587976
1103,2016-12-29,8.75,8.77,8.72,8.73,77057
1103,2016-12-28,8.76,8.77,8.72,8.73,145649
1103,2016-12-27,8.73,8.78,8.71,8.71,95532
1103,2016-12-26,8.72,8.75,8.72,8.75,47117
1103,2016-12-23,8.67,8.72,8.67,8.72,51366
1103,2016-12-22,8.67,8.7,8.66,8.7,88088
1103,2016-12-21,8.67,8.74,8.67,8.72,176761
1103,2016-12-20,8.67,8.71,8.65,8.67,145949
1103,2016-12-19,8.75,8.76,8.68,8.69,154015
1103,2016-12-16,8.83,8.86,8.73,8.73,514715
1103,2016-12-15,8.85,8.85,8.8,8.83,118004
1103,2016-12-14,8.85,8.86,8.8,8.85,122004
1103,2016-12-13,8.82,8.85,8.78,8.85,240163
1103,2016-12-12,8.75,8.89,8.75,8.81,331431
1103,2016-12-09,8.83,8.84,8.79,8.8,179198
1103,2016-12-08,8.82,8.86,8.79,8.83,285523
1103,2016-12-07,8.76,8.9,8.76,8.78,548806
1103,2016-12-06,8.93,8.94,8.81,8.84,556381
1103,2016-12-05,9.03,9.04,8.88,8.88,322294
1103,2016-12-02,9.15,9.15,8.99,9.02,785551
1103,2016-12-01,8.83,9.12,8.81,9.06,1859756
1103,2016-11-30,8.55,8.89,8.52,8.89,3574066
1103,2016-11-29,8.44,8.61,8.43,8.51,311890
1103,2016-11-28,8.41,8.46,8.41,8.42,386704
1103,2016-11-25,8.51,8.51,8.4,8.43,1212007
1103,2016-11-24,8.54,8.54,8.5,8.5,605943
1103,2016-11-23,8.58,8.63,8.54,8.54,339874
1103,2016-11-22,8.52,8.57,8.51,8.53,296110
1103,2016-11-21,8.57,8.7,8.5,8.52,531353
1103,2016-11-18,8.64,8.64,8.54,8.57,715693
1103,2016-11-17,8.8,8.8,8.61,8.66,526619
1103,2016-11-16,8.84,8.84,8.75,8.75,401106
1103,2016-11-15,8.7,8.95,8.7,8.84,687232
1103,2016-11-14,8.71,8.77,8.7,8.7,136096
1103,2016-11-11,8.82,8.82,8.68,8.69,245609
1103,2016-11-10,8.79,8.82,8.71,8.79,228552
1103,2016-11-09,8.99,8.99,8.64,8.64,512146
1103,2016-11-08,8.82,9,8.82,8.99,257561
1103,2016-11-07,8.83,8.86,8.83,8.86,91391
1103,2016-11-04,8.81,8.86,8.81,8.85,67155
1103,2016-11-03,8.82,8.89,8.81,8.86,171196
1103,2016-11-02,8.87,8.95,8.81,8.86,296399
1103,2016-11-01,8.86,8.97,8.86,8.86,119672
1103,2016-10-31,8.91,8.92,8.86,8.92,164505
1103,2016-10-28,8.91,8.98,8.91,8.91,84492
1103,2016-10-27,8.98,9.06,8.86,8.96,177549
1103,2016-10-26,8.99,9.05,8.96,8.98,166513
1103,2016-10-25,9.01,9.07,8.97,8.99,293473
1103,2016-10-24,9.08,9.08,8.98,9.01,304745
1103,2016-10-21,8.9,9.13,8.88,9.08,290050
1103,2016-10-20,8.92,8.97,8.89,8.9,158383
1103,2016-10-19,8.85,9.05,8.85,8.95,242975
1103,2016-10-18,8.86,8.93,8.82,8.91,135660
1103,2016-10-17,8.81,8.89,8.8,8.88,104141
1103,2016-10-14,8.83,8.89,8.8,8.82,121285
1103,2016-10-13,8.88,8.92,8.82,8.82,239550
1103,2016-10-12,8.91,8.95,8.88,8.95,89772
1103,2016-10-11,8.96,9,8.92,8.95,66038
1103,2016-10-07,9,9,8.93,9,109224
1103,2016-10-06,8.95,9,8.95,9,142629
1103,2016-10-05,9.03,9.07,8.94,8.94,237640
1103,2016-10-04,8.96,9.09,8.96,9.08,385635
1103,2016-10-03,8.99,9.15,8.98,9.03,671181
1103,2016-09-30,9.07,9.09,8.98,9,100832
1103,2016-09-29,8.97,9.09,8.93,9.07,263446
1103,2016-09-26,8.94,8.98,8.88,8.95,129747
1103,2016-09-23,8.98,9.01,8.9,8.95,216548
1103,2016-09-22,8.96,8.99,8.92,8.98,107972
1103,2016-09-21,8.89,9.06,8.85,8.99,259648
1103,2016-09-20,8.88,8.9,8.83,8.89,56918
1103,2016-09-19,8.81,8.93,8.81,8.89,307909
1103,2016-09-14,8.84,8.87,8.78,8.78,4081404
1103,2016-09-13,8.9,8.9,8.83,8.85,216586
1103,2016-09-12,8.93,8.96,8.88,8.9,117039
1103,2016-09-10,8.97,8.99,8.91,8.99,91890
1103,2016-09-09,9.08,9.08,9,9,191573
1103,2016-09-08,9.15,9.16,9.1,9.12,160152
1103,2016-09-07,9.06,9.17,9.06,9.12,240577
1103,2016-09-06,9.05,9.16,9,9.12,384442
1103,2016-09-05,8.94,9.04,8.93,9.02,187795
1103,2016-09-02,8.91,8.99,8.86,8.99,450750
1103,2016-09-01,9.03,9.03,8.89,8.94,310991
1103,2016-08-31,8.99,9.03,8.89,9.03,307688
1103,2016-08-30,9.05,9.08,8.9,8.98,183146
1103,2016-08-29,8.97,9.09,8.97,9.05,277145
1103,2016-08-26,8.82,8.97,8.82,8.97,105405
1103,2016-08-25,8.85,8.91,8.82,8.9,108125
1103,2016-08-24,9,9,8.9,8.92,119241
1103,2016-08-23,8.93,8.96,8.89,8.95,267225
1103,2016-08-22,9.13,9.13,8.91,8.95,245339
1103,2016-08-19,9.1,9.17,9.1,9.13,331074
1103,2016-08-18,9.09,9.16,9.05,9.1,308394
1103,2016-08-17,8.88,9.12,8.87,9.09,438427
1103,2016-08-16,8.93,8.93,8.88,8.88,84734
1103,2016-08-15,8.9,8.95,8.88,8.93,86625
1103,2016-08-12,8.88,8.95,8.88,8.88,142023
1103,2016-08-11,8.91,8.99,8.88,8.93,165607
1103,2016-08-10,8.9,8.98,8.9,8.96,108804
1103,2016-08-09,8.9,8.96,8.9,8.93,7507
1103,2016-08-08,8.94,8.95,8.89,8.94,42532
1103,2016-08-05,8.88,8.95,8.88,8.92,52096
1103,2016-08-04,8.92,8.92,8.89,8.92,54764
1103,2016-08-03,8.94,8.95,8.87,8.94,46262
1103,2016-08-02,8.95,8.98,8.95,8.98,66621
1103,2016-08-01,8.9,9,8.9,8.97,193980
1103,2016-07-29,8.94,8.95,8.88,8.92,64810
1103,2016-07-28,8.9,8.99,8.9,8.94,65942
1103,2016-07-27,8.91,8.94,8.91,8.94,92469
1103,2016-07-26,8.87,8.92,8.85,8.91,220539
1103,2016-07-25,8.9,8.9,8.77,8.81,196719
1103,2016-07-22,8.9,8.97,8.9,8.92,178044
1103,2016-07-21,8.85,8.99,8.85,8.9,200653
1103,2016-07-20,8.84,8.94,8.82,8.89,95381
1103,2016-07-19,8.9,8.95,8.88,8.94,79404
1103,2016-07-18,8.89,8.93,8.84,8.93,101702
1103,2016-07-15,8.8,8.94,8.77,8.9,139208
1103,2016-07-14,8.75,8.9,8.65,8.89,203384
1103,2016-07-13,8.8,8.8,8.69,8.71,208916
1103,2016-07-12,8.7,8.7,8.62,8.7,118309
1103,2016-07-11,8.76,8.76,8.61,8.7,167861
1103,2016-07-07,8.45,8.84,8.45,8.76,375767
1103,2016-07-06,8.5,8.52,8.41,8.45,88865
1103,2016-07-05,8.41,8.54,8.38,8.5,84200
1103,2016-07-04,8.4,8.43,8.37,8.43,115755
1103,2016-07-01,8.36,8.39,8.35,8.37,64929
1103,2016-06-30,8.32,8.38,8.3,8.35,69912
1103,2016-06-29,8.35,8.35,8.3,8.32,62043
1103,2016-06-28,8.26,8.35,8.26,8.34,164757
1103,2016-06-27,8.24,8.26,8.21,8.26,47785
1103,2016-06-24,8.27,8.3,8.15,8.21,265124
1103,2016-06-23,8.3,8.3,8.26,8.28,98252
1103,2016-06-22,8.28,8.31,8.25,8.29,191741
1103,2016-06-21,8.31,8.36,8.26,8.3,173558
1103,2016-06-20,8.31,8.33,8.31,8.33,128917
1103,2016-06-17,8.29,8.36,8.27,8.31,110671
1103,2016-06-16,8.35,8.35,8.28,8.29,155051
1103,2016-06-15,8.3,8.35,8.29,8.35,61996
1103,2016-06-14,8.3,8.3,8.25,8.3,87348
1103,2016-06-13,8.43,8.43,8.27,8.29,176138
1103,2016-06-08,8.42,8.43,8.39,8.43,86702
1103,2016-06-07,8.4,8.44,8.38,8.39,111805
1103,2016-06-06,8.45,8.45,8.35,8.41,147226
1103,2016-06-04,8.43,8.47,8.43,8.47,84368
1103,2016-06-03,8.4,8.44,8.36,8.43,92011
1103,2016-06-02,8.44,8.46,8.39,8.4,305658
1103,2016-06-01,8.43,8.43,8.38,8.43,106581
1103,2016-05-31,8.5,8.51,8.36,8.36,535305
1103,2016-05-30,8.58,8.58,8.47,8.51,66537
1103,2016-05-27,8.5,8.57,8.45,8.57,50177
1103,2016-05-26,8.47,8.54,8.41,8.49,141278
1103,2016-05-25,8.43,8.48,8.42,8.42,93214
1103,2016-05-24,8.5,8.5,8.42,8.42,115686
1103,2016-05-23,8.41,8.5,8.41,8.49,196499
1103,2016-05-20,8.4,8.44,8.36,8.44,86501
1103,2016-05-19,8.41,8.41,8.36,8.4,114916
1103,2016-05-18,8.48,8.48,8.39,8.46,172078
1103,2016-05-17,8.51,8.55,8.45,8.48,75332
1103,2016-05-16,8.53,8.55,8.49,8.55,136670
1103,2016-05-13,8.74,8.74,8.55,8.6,351655
1103,2016-05-12,8.78,8.78,8.7,8.74,56511
1103,2016-05-11,8.85,8.85,8.77,8.78,97544
1103,2016-05-10,8.8,8.86,8.78,8.85,237002
1103,2016-05-09,8.84,8.86,8.82,8.82,79530
1103,2016-05-06,9,9.02,8.81,8.84,179620
1103,2016-05-05,8.89,8.96,8.86,8.96,214038
1103,2016-05-04,9.05,9.05,8.97,9,82044
1103,2016-05-03,9.16,9.16,8.98,9.04,358087
1103,2016-04-29,9.24,9.24,9.12,9.17,97952
1103,2016-04-28,9.3,9.3,9.2,9.24,133965
1103,2016-04-27,9.3,9.33,9.29,9.3,178434
1103,2016-04-26,9.26,9.42,9.26,9.42,156806
1103,2016-04-25,9.32,9.32,9.23,9.26,142865
1103,2016-04-22,9.26,9.3,9.23,9.25,135760
1103,2016-04-21,9.28,9.31,9.26,9.26,123749
1103,2016-04-20,9.35,9.41,9.27,9.28,377374
1103,2016-04-19,9.39,9.41,9.32,9.33,371158
1103,2016-04-18,9.45,9.48,9.34,9.4,452600
1103,2016-04-15,9.49,9.49,9.43,9.45,235952
1103,2016-04-14,9.45,9.5,9.42,9.49,170453
1103,2016-04-13,9.41,9.47,9.34,9.46,417381
1103,2016-04-12,9.44,9.44,9.35,9.41,129908
1103,2016-04-11,9.42,9.44,9.36,9.44,187309
1103,2016-04-08,9.42,9.42,9.38,9.41,18374
1103,2016-04-07,9.46,9.46,9.36,9.42,88867
1103,2016-04-06,9.43,9.5,9.36,9.46,178905
1103,2016-04-01,9.45,9.45,9.38,9.43,115014
1103,2016-03-31,9.5,9.54,9.4,9.44,272637
1103,2016-03-30,9.49,9.58,9.45,9.46,86060
1103,2016-03-29,9.54,9.54,9.41,9.45,69473
1103,2016-03-28,9.56,9.6,9.51,9.54,189186
1103,2016-03-25,9.51,9.58,9.51,9.55,104437
1103,2016-03-24,9.51,9.57,9.47,9.52,146517
1103,2016-03-23,9.64,9.64,9.51,9.57,102320
1103,2016-03-22,9.6,9.64,9.56,9.58,161521
1103,2016-03-21,9.37,9.55,9.35,9.53,425420
1103,2016-03-18,9.54,9.58,9.2,9.2,647197
1103,2016-03-17,9.53,9.58,9.53,9.53,100822
1103,2016-03-16,9.53,9.61,9.53,9.53,127703
1103,2016-03-15,9.6,9.65,9.5,9.55,318885
1103,2016-03-14,9,9.76,9,9.71,362847
1103,2016-03-11,9.61,9.78,9.61,9.71,150509
1103,2016-03-10,9.7,9.73,9.64,9.69,348815
1103,2016-03-09,9.72,9.78,9.6,9.7,311076
1103,2016-03-08,9.67,9.75,9.62,9.72,483983
1103,2016-03-07,9.5,9.68,9.5,9.67,441183
1103,2016-03-04,9.55,9.55,9.44,9.5,188561
1103,2016-03-03,9.37,9.5,9.37,9.48,496437
1103,2016-03-02,9.35,9.39,9.3,9.37,438541
1103,2016-03-01,9.32,9.35,9.22,9.33,315547
1103,2016-02-26,9.2,9.35,9.2,9.33,242533
1103,2016-02-25,9.27,9.27,9.18,9.26,126823
1103,2016-02-24,9.3,9.3,9.2,9.2,128875
1103,2016-02-23,9.27,9.3,9.21,9.21,313249
1103,2016-02-22,9.25,9.36,9.17,9.25,106833
1103,2016-02-19,9.28,9.31,9.22,9.25,184017
1103,2016-02-18,9.24,9.34,9.22,9.28,184285
1103,2016-02-17,9.26,9.26,9.13,9.23,114753
1103,2016-02-16,9.24,9.29,9.21,9.26,152113
1103,2016-02-15,9.21,9.21,9.12,9.2,97767
1103,2016-02-03,9.06,9.15,9.05,9.15,99320
1103,2016-02-02,9.15,9.24,9.04,9.2,1701300
1103,2016-02-01,9.05,9.24,9.01,9.15,158267
1103,2016-01-30,9.03,9.06,9.03,9.05,65153
1103,2016-01-29,9,9.03,8.9,9.03,188538
1103,2016-01-28,8.93,9,8.93,8.99,123046
1103,2016-01-27,8.98,8.98,8.88,8.97,155279
1103,2016-01-26,9.04,9.05,8.9,8.98,156541
1103,2016-01-25,8.86,9.08,8.86,9.06,208821
1103,2016-01-22,8.85,8.94,8.81,8.89,130537
1103,2016-01-21,8.91,8.92,8.85,8.86,112607
1103,2016-01-20,9,9,8.88,8.93,205587
1103,2016-01-19,9,9.01,8.93,8.97,199125
1103,2016-01-18,8.92,9.03,8.92,9,69097
1103,2016-01-15,9.1,9.1,8.98,9.07,97810
1103,2016-01-14,9.05,9.06,9,9.06,528176
1103,2016-01-13,9.04,9.05,8.97,9.04,146359
1103,2016-01-12,9.02,9.07,8.99,9.04,137130
1103,2016-01-11,9.21,9.21,9,9.1,167444
1103,2016-01-08,9.26,9.26,9.21,9.23,80503
1103,2016-01-07,9.23,9.26,9.12,9.26,190261
1103,2016-01-06,9.33,9.35,9.26,9.27,85624
1103,2016-01-05,9.3,9.38,9.3,9.35,61515
1103,2016-01-04,9.54,9.54,9.39,9.4,133044
1103,2017-12-29,12.85,13.55,12.85,13.35,3450177
1103,2017-12-28,12.9,12.9,12.55,12.7,706302
1103,2017-12-27,12.85,12.95,12.7,12.8,514350
1103,2017-12-26,13.05,13.15,12.75,12.8,1654719
1103,2017-12-25,12.35,13.1,12.35,12.95,2605811
1103,2017-12-22,12.15,12.45,12.15,12.35,649383
1103,2017-12-21,12.15,12.2,12.1,12.15,39760
1103,2017-12-20,12.15,12.15,12.05,12.15,469507
1103,2017-12-19,12.3,12.3,12.1,12.2,222979
1103,2017-12-18,12.2,12.25,12.1,12.2,164560
1103,2017-12-15,12.2,12.2,12.1,12.2,216614
1103,2017-12-14,12.2,12.2,12.1,12.1,99014
1103,2017-12-13,12.15,12.2,12.1,12.2,150730
1103,2017-12-12,12.1,12.2,12.1,12.2,99807
1103,2017-12-11,12,12.15,12,12.1,273254
1103,2017-12-08,12.1,12.15,12,12,560691
1103,2017-12-07,12.35,12.35,12.1,12.1,298800
1103,2017-12-06,12.3,12.5,12.2,12.25,401017
1103,2017-12-05,12.4,12.4,12.2,12.4,416101
1103,2017-12-04,12.5,12.5,12.4,12.4,347144
1103,2017-12-01,12.6,12.6,12.2,12.45,1238801
1103,2017-11-30,12.15,13.2,12.05,12.55,2576476
1103,2017-11-29,12.2,12.2,12.05,12.1,409896
1103,2017-11-28,12.25,12.25,12.15,12.15,183518
1103,2017-11-27,12.2,12.25,12.15,12.25,176791
1103,2017-11-24,12.15,12.2,12.1,12.2,160711
1103,2017-11-23,12.25,12.25,12.15,12.15,245220
1103,2017-11-22,12.25,12.25,12.15,12.25,412566
1103,2017-11-21,12.2,12.3,12.2,12.25,371734
1103,2017-11-20,12.1,12.2,12.05,12.2,244957
1103,2017-11-17,12.2,12.2,12.1,12.1,504018
1103,2017-11-16,12.3,12.3,12.15,12.15,273192
1103,2017-11-15,12.25,12.3,12.15,12.2,395584
1103,2017-11-14,12.35,12.35,12.1,12.15,332218
1103,2017-11-13,12.15,12.6,12.15,12.35,934288
1103,2017-11-10,12.1,12.2,12.1,12.2,207977
1103,2017-11-09,12.1,12.1,12,12.1,1164539
1103,2017-11-08,12.05,12.1,12,12.1,202707
1103,2017-11-07,12.1,12.15,12.1,12.1,207292
1103,2017-11-06,12.2,12.2,12.05,12.05,315756
1103,2017-11-03,12.2,12.2,12.1,12.2,200356
1103,2017-11-02,12.15,12.2,12.1,12.2,89217
1103,2017-11-01,12.15,12.2,12.1,12.2,148014
1103,2017-10-31,12.2,12.2,12,12.1,268740
1103,2017-10-30,12.2,12.25,12.1,12.2,358276
1103,2017-10-27,12.2,12.25,12.1,12.15,195776
1103,2017-10-26,12.25,12.3,12.2,12.3,178509
1103,2017-10-25,12.2,12.3,12.15,12.3,444828
1103,2017-10-24,12.2,12.2,12.15,12.2,276499
1103,2017-10-23,12.1,12.2,12.1,12.2,190838
1103,2017-10-20,12,12.15,11.95,12.1,583121
1103,2017-10-19,12.15,12.15,12.05,12.05,271915
1103,2017-10-18,12.15,12.2,12.05,12.15,466657
1103,2017-10-17,12.15,12.25,12.15,12.25,226661
1103,2017-10-16,12.15,12.25,12.1,12.2,325277
1103,2017-10-13,12.2,12.3,12.2,12.3,288097
1103,2017-10-12,12.25,12.4,12.2,12.35,2011731
1103,2017-10-11,12.45,12.55,12.25,12.35,368376
1103,2017-10-06,12.55,12.55,12.4,12.45,683247
1103,2017-10-05,12.6,12.65,12.55,12.6,248660
1103,2017-10-03,12.5,12.7,12.5,12.6,334385
1103,2017-10-02,12.5,12.7,12.45,12.65,780505
1103,2017-09-30,12.55,12.55,12.35,12.4,353309
1103,2017-09-29,12.4,12.55,12.35,12.55,1558493
1103,2017-09-28,12.4,12.55,12.35,12.5,1367795
1103,2017-09-27,12,12.4,12,12.4,670087
1103,2017-09-26,12.05,12.3,12,12.1,349458
1103,2017-09-25,12.3,12.3,12,12.05,756928
1103,2017-09-22,12.5,12.5,12.3,12.3,297220
1103,2017-09-21,12.3,12.5,12.25,12.5,507528
1103,2017-09-20,12.6,12.65,12.3,12.35,660870
1103,2017-09-19,12.65,12.7,12.5,12.55,1279923
1103,2017-09-18,12.6,12.75,12.55,12.65,896588
1103,2017-09-15,12.75,12.75,12.55,12.55,602248
1103,2017-09-14,12.75,12.75,12.55,12.65,845033
1103,2017-09-13,12.2,12.9,12.2,12.75,2753465
1103,2017-09-12,12.35,12.5,12.2,12.2,1040387
1103,2017-09-11,12.1,12.3,12.1,12.3,1017519
1103,2017-09-08,11.9,12.1,11.9,12.1,582456
1103,2017-09-07,11.8,12,11.8,11.9,904394
1103,2017-09-06,12,12.1,11.75,11.85,1101751
1103,2017-09-05,12,12.1,11.95,12.1,673994
1103,2017-09-04,12.1,12.2,11.95,12.05,922499
1103,2017-09-01,12.05,12.3,12.05,12.1,1233207
1103,2017-08-31,12.05,12.2,11.8,12.05,1653280
1103,2017-08-30,11.7,12.25,11.7,12,2325008
1103,2017-08-29,11.6,11.85,11.3,11.75,2125502
1103,2017-08-28,11.2,11.8,11.2,11.6,1833240
1103,2017-08-25,11.05,11.3,11,11.25,1377743
1103,2017-08-24,10.9,11,10.8,10.95,1100263
1103,2017-08-23,10.9,11,10.85,10.9,875328
1103,2017-08-22,10.8,10.95,10.8,10.9,802810
1103,2017-08-21,10.75,10.85,10.6,10.75,552005
1103,2017-08-18,10.55,10.6,10.5,10.6,155646
1103,2017-08-17,10.5,10.6,10.5,10.55,185540
1103,2017-08-16,10.55,10.6,10.5,10.55,178546
1103,2017-08-15,10.55,10.6,10.45,10.55,179415
1103,2017-08-14,10.6,10.7,10.5,10.5,243925
1103,2017-08-11,10.65,10.7,10.6,10.7,271364
1103,2017-08-10,10.7,10.7,10.6,10.7,524116
1103,2017-08-09,10.7,10.75,10.65,10.7,406332
1103,2017-08-08,10.8,10.8,10.65,10.7,429153
1103,2017-08-07,10.7,10.75,10.65,10.75,490877
1103,2017-08-04,10.7,10.75,10.7,10.7,379476
1103,2017-08-03,10.7,10.75,10.65,10.7,222539
1103,2017-08-02,10.8,10.8,10.7,10.7,235079
1103,2017-08-01,10.7,10.75,10.7,10.75,235092
1103,2017-07-31,10.7,10.75,10.7,10.7,129223
1103,2017-07-28,10.75,10.9,10.7,10.7,315470
1103,2017-07-27,10.75,10.8,10.7,10.75,133217
1103,2017-07-26,10.8,10.85,10.7,10.7,336299
1103,2017-07-25,10.9,10.95,10.75,10.8,336508
1103,2017-07-24,10.85,10.95,10.8,10.95,601075
1103,2017-07-21,10.95,11,10.8,10.85,588427
1103,2017-07-20,10.9,11.1,10.9,10.9,1398634
1103,2017-07-19,10.95,10.95,10.9,10.9,298725
1103,2017-07-18,10.95,10.95,10.85,10.9,149587
1103,2017-07-17,10.9,11,10.85,10.95,447101
1103,2017-07-14,10.75,10.9,10.75,10.9,211242
1103,2017-07-13,10.75,10.8,10.7,10.75,105345
1103,2017-07-12,10.75,10.85,10.7,10.75,263479
1103,2017-07-11,10.8,10.85,10.75,10.8,161949
1103,2017-07-10,10.85,10.9,10.75,10.8,114600
1103,2017-07-07,10.85,10.9,10.8,10.85,156931
1103,2017-07-06,10.9,10.9,10.85,10.85,152851
1103,2017-07-05,10.9,10.9,10.8,10.9,198802
1103,2017-07-04,10.9,10.95,10.85,10.85,145715
1103,2017-07-03,10.8,10.95,10.7,10.9,229526
1103,2017-06-30,10.95,10.95,10.85,10.85,181624
1103,2017-06-29,10.95,10.95,10.85,10.9,235797
1103,2017-06-28,10.9,11,10.9,10.95,273836
1103,2017-06-27,10.9,11,10.85,10.95,375647
1103,2017-06-26,10.85,11,10.85,10.9,370424
1103,2017-06-23,10.95,11,10.9,10.9,240500
1103,2017-06-22,10.95,11,10.8,10.95,429713
1103,2017-06-21,10.9,11,10.8,10.95,436232
1103,2017-06-20,10.8,10.95,10.8,10.8,436079
1103,2017-06-19,10.7,10.8,10.6,10.75,293325
1103,2017-06-16,10.65,10.8,10.65,10.7,145000
1103,2017-06-15,10.7,10.75,10.65,10.65,198433
1103,2017-06-14,10.75,10.85,10.65,10.65,210354
1103,2017-06-13,10.9,10.9,10.7,10.75,290230
1103,2017-06-12,10.7,10.75,10.65,10.7,225321
1103,2017-06-09,10.9,10.95,10.7,10.7,283051
1103,2017-06-08,10.85,10.95,10.85,10.95,168993
1103,2017-06-07,10.8,10.95,10.8,10.85,231831
1103,2017-06-06,11,11,10.8,10.8,625540
1103,2017-06-05,11,11.25,10.9,10.9,785866
1103,2017-06-03,11.1,11.25,10.95,11.05,730163
1103,2017-06-02,10.85,11,10.8,10.95,874529
1103,2017-06-01,10.65,10.8,10.65,10.75,403529
1103,2017-05-31,10.65,10.75,10.6,10.6,356606
1103,2017-05-26,10.65,10.75,10.6,10.65,451823
1103,2017-05-25,10.6,10.75,10.6,10.6,572577
1103,2017-05-24,10.4,10.65,10.35,10.6,662906
1103,2017-05-23,10.35,10.35,10.25,10.3,353975
1103,2017-05-22,10.3,10.4,10.3,10.3,217146
1103,2017-05-19,10.3,10.45,10.3,10.3,266979
1103,2017-05-18,10.35,10.45,10.2,10.4,212319
1103,2017-05-17,10.55,10.55,10.4,10.4,231917
1103,2017-05-16,10.4,10.6,10.35,10.55,413809
1103,2017-05-15,10.4,10.45,10.35,10.4,284194
1103,2017-05-12,10.35,10.45,10.35,10.4,379671
1103,2017-05-11,10.35,10.5,10.35,10.35,389995
1103,2017-05-10,10.35,10.5,10.3,10.35,325728
1103,2017-05-09,10.65,10.65,10.3,10.35,423195
1103,2017-05-08,10.7,10.85,10.6,10.65,221491
1103,2017-05-05,10.9,10.9,10.65,10.65,344632
1103,2017-05-04,10.55,11.05,10.55,10.9,684846
1103,2017-05-03,10.7,10.75,10.6,10.6,562761
1103,2017-05-02,11,11,10.75,10.75,396582
1103,2017-04-28,10.9,11,10.8,10.8,409938
1103,2017-04-27,11.05,11.05,10.8,10.85,725828
1103,2017-04-26,11.35,11.4,11.05,11.1,1126325
1103,2017-04-25,11.25,11.55,11.25,11.3,2926408
1103,2017-04-24,10.8,11.75,10.8,11.2,5369244
1103,2017-04-21,11.2,11.5,10.75,10.75,3756115
1103,2017-04-20,10.9,11.2,10.8,11.2,1863148
1103,2017-04-19,10.2,10.45,10.2,10.2,854622
1103,2017-04-18,10.1,10.35,10,10.1,400650
1103,2017-04-17,10.1,10.2,9.95,9.95,508613
1103,2017-04-14,10.4,10.4,10.05,10.05,586189
1103,2017-04-13,10.25,10.4,10.25,10.3,425644
1103,2017-04-12,10.15,10.3,10.1,10.2,403122
1103,2017-04-11,10.4,10.4,10.1,10.15,761409
1103,2017-04-10,10.7,10.75,10.4,10.4,1107917
1103,2017-04-07,10.95,11,10.65,10.7,1074348
1103,2017-04-06,10.95,11.1,10.9,10.9,462435
1103,2017-04-05,11.1,11.2,10.9,10.9,550309
1103,2017-03-31,11.1,11.1,10.9,11.05,270359
1103,2017-03-30,11.15,11.15,11,11,473748
1103,2017-03-29,11.15,11.2,11.05,11.2,385764
1103,2017-03-28,11.4,11.4,11,11.15,710794
1103,2017-03-27,11.4,11.6,11.3,11.3,675577
1103,2017-03-24,11.1,11.85,11.1,11.5,2649960
1103,2017-03-23,11.25,11.25,11.1,11.15,317517
1103,2017-03-22,11.35,11.35,11.15,11.25,427436
1103,2017-03-21,11.25,11.4,11.1,11.35,768954
1103,2017-03-20,11.05,11.4,11.05,11.3,572313
1103,2017-03-17,11.25,11.25,11,11,274254
1103,2017-03-16,11.1,11.25,11.05,11.15,348586
1103,2017-03-15,11,11.3,10.9,11.05,365988
1103,2017-03-14,11.05,11.15,10.95,10.95,336059
1103,2017-03-13,11,11.2,11,11.05,480513
1103,2017-03-10,11.3,11.3,10.8,11,1089239
1103,2017-03-09,11.5,11.5,11.3,11.3,568730
1103,2017-03-08,11.5,11.6,11.5,11.5,585635
1103,2017-03-07,11.6,11.7,11.45,11.45,1854131
1103,2017-03-06,11.7,11.8,11.6,11.6,634392
1103,2017-03-03,11.75,11.95,11.7,11.8,718129
1103,2017-03-02,12,12.25,11.85,11.9,3041473
1103,2017-03-01,11.6,11.95,11.6,11.9,2027632
1103,2017-02-24,11.45,11.85,11.4,11.65,1024498
1103,2017-02-23,11.8,11.9,11.5,11.5,2365752
1103,2017-02-22,11.25,12.2,11.05,11.9,8781434
1103,2017-02-21,10.85,11.15,10.7,11.1,2254568
1103,2017-02-20,10.75,10.85,10.7,10.7,535352
1103,2017-02-18,10.8,10.85,10.75,10.75,682465
1103,2017-02-17,11.1,11.1,10.8,10.85,808146
1103,2017-02-16,11.15,11.4,11,11.05,1303551
1103,2017-02-15,11.05,11.3,11,11.25,1275164
1103,2017-02-14,11.3,11.35,10.9,11.1,1695299
1103,2017-02-13,11.45,11.5,10.9,11.2,4915336
1103,2017-02-10,10.5,11.25,10.4,11.25,3683863
1103,2017-02-09,10.2,10.3,10.1,10.25,1309852
1103,2017-02-08,10.3,10.4,10.1,10.2,936738
1103,2017-02-07,9.99,10.85,9.97,10.25,4813302
1103,2017-02-06,9.55,9.91,9.54,9.91,1701355
1103,2017-02-03,9.55,9.68,9.5,9.54,654953
1103,2017-02-02,9.61,9.72,9.46,9.6,717213
1103,2017-01-24,9.8,9.8,9.58,9.61,1489073
1103,2017-01-23,9.07,9.8,9.07,9.72,2263345
1103,2017-01-20,8.92,9,8.92,9,319865
1103,2017-01-19,8.94,8.95,8.91,8.92,173849
1103,2017-01-18,8.87,8.97,8.82,8.94,362930
1103,2017-01-17,8.88,8.91,8.86,8.9,313743
1103,2017-01-16,8.85,8.92,8.81,8.88,301375
1103,2017-01-13,8.85,8.89,8.84,8.85,267578
1103,2017-01-12,8.82,8.94,8.74,8.8,719771
1103,2017-01-11,8.7,8.78,8.7,8.78,182008
1103,2017-01-10,8.73,8.73,8.71,8.72,97506
1103,2017-01-09,8.65,8.81,8.6,8.75,379177
1103,2017-01-06,8.69,8.7,8.62,8.65,238574
1103,2017-01-05,8.71,8.71,8.61,8.68,320381
1103,2017-01-04,8.71,8.71,8.65,8.67,228854
1103,2017-01-03,8.71,8.71,8.61,8.71,278853
1103,2018-12-28,13.5,13.6,13.45,13.6,200166
1103,2018-12-27,13.65,13.65,13.45,13.55,405177
1103,2018-12-26,13.65,13.7,13.5,13.5,317121
1103,2018-12-25,13.75,13.8,13.6,13.65,363245
1103,2018-12-24,13.75,13.9,13.75,13.9,228896
1103,2018-12-22,13.85,13.85,13.7,13.85,99512
1103,2018-12-21,13.8,13.85,13.7,13.85,209875
1103,2018-12-20,13.9,13.9,13.75,13.9,569282
1103,2018-12-19,13.8,13.95,13.7,13.95,543482
1103,2018-12-18,13.95,14.05,13.8,13.8,674082
1103,2018-12-17,14,14.1,13.95,14,759607
1103,2018-12-14,14.1,14.1,13.95,14.05,348600
1103,2018-12-13,14.05,14.15,14,14.1,624623
1103,2018-12-12,13.9,14.1,13.85,14.05,998012
1103,2018-12-11,13.8,13.9,13.8,13.8,334182
1103,2018-12-10,13.8,13.9,13.75,13.75,536098
1103,2018-12-07,13.85,13.95,13.75,13.9,717139
1103,2018-12-06,13.9,14,13.75,13.8,1355027
1103,2018-12-05,13.85,13.95,13.75,13.85,842938
1103,2018-12-04,14.15,14.25,13.9,14,965744
1103,2018-12-03,14.2,14.3,14.15,14.2,1349239
1103,2018-11-30,14.05,14.2,14,14.1,966676
1103,2018-11-29,14.35,14.5,14.05,14.2,2719096
1103,2018-11-28,13.8,14.2,13.8,13.9,1843862
1103,2018-11-27,13.7,14.2,13.3,13.95,2729507
1103,2018-11-26,13.25,13.8,13.15,13.8,4298355
1103,2018-11-23,12.75,13,12.75,13,471895
1103,2018-11-22,13.1,13.1,12.9,12.95,297821
1103,2018-11-21,13,13.05,12.9,13.05,223271
1103,2018-11-20,13.05,13.05,12.95,13.05,467536
1103,2018-11-19,12.95,13.15,12.9,13.05,376447
1103,2018-11-16,12.9,12.9,12.75,12.9,596876
1103,2018-11-15,12.6,12.9,12.6,12.85,948553
1103,2018-11-14,12.5,12.6,12.3,12.5,1155627
1103,2018-11-13,12.05,12.15,11.8,12.15,252001
1103,2018-11-12,12.05,12.2,12,12.05,210893
1103,2018-11-09,11.95,12,11.8,12,213614
1103,2018-11-08,12.1,12.2,11.9,12,270077
1103,2018-11-07,11.8,12,11.8,12,197102
1103,2018-11-06,11.75,11.8,11.7,11.8,180343
1103,2018-11-05,11.95,11.95,11.7,11.75,240727
1103,2018-11-02,11.8,12,11.8,11.95,439485
1103,2018-11-01,11.45,11.8,11.45,11.75,533021
1103,2018-10-31,11.45,11.55,11.4,11.5,320302
1103,2018-10-30,11.3,11.4,11.2,11.3,456555
1103,2018-10-29,11.3,11.45,11.25,11.3,272220
1103,2018-10-26,11.45,11.55,11.1,11.3,637732
1103,2018-10-25,11.25,11.4,11.15,11.25,682723
1103,2018-10-24,11.65,11.7,11.25,11.5,2316283
1103,2018-10-23,12.1,12.15,11.55,11.7,1125216
1103,2018-10-22,12,12.25,11.95,12.15,285387
1103,2018-10-19,12.15,12.15,11.85,12,571959
1103,2018-10-18,12.35,12.4,12.15,12.2,615166
1103,2018-10-17,12.65,12.65,12.35,12.35,412376
1103,2018-10-16,12.45,12.6,12.35,12.45,450201
1103,2018-10-15,12.65,12.65,12.4,12.45,436957
1103,2018-10-12,12.2,12.7,12.2,12.65,621372
1103,2018-10-11,13.2,13.2,12.45,12.5,1220170
1103,2018-10-09,13.4,13.55,13.3,13.55,225933
1103,2018-10-08,13.4,13.4,13.25,13.35,342142
1103,2018-10-05,13.65,13.65,13.3,13.4,698902
1103,2018-10-04,13.65,13.65,13.55,13.65,362122
1103,2018-10-03,13.7,13.75,13.6,13.75,226913
1103,2018-10-02,14,14,13.65,13.75,478217
1103,2018-10-01,13.9,14.05,13.85,13.95,473815
1103,2018-09-28,13.7,13.95,13.7,13.9,612629
1103,2018-09-27,13.6,13.7,13.45,13.65,207264
1103,2018-09-26,13.65,13.65,13.5,13.6,224097
1103,2018-09-25,13.8,13.9,13.65,13.7,380364
1103,2018-09-21,13.45,13.8,13.45,13.75,702840
1103,2018-09-20,13.55,13.55,13.35,13.4,533825
1103,2018-09-19,13.3,13.65,13.25,13.6,624084
1103,2018-09-18,13.15,13.3,13.1,13.3,260658
1103,2018-09-17,13.35,13.35,13.2,13.25,225173
1103,2018-09-14,13.35,13.5,13.3,13.35,406983
1103,2018-09-13,13.15,13.4,13.15,13.4,478750
1103,2018-09-12,13.05,13.1,12.9,13.1,403930
1103,2018-09-11,13,13.05,12.85,13.05,886873
1103,2018-09-10,13.85,13.85,12.6,12.8,4696821
1103,2018-09-07,14.2,14.2,13.95,14,684444
1103,2018-09-06,14.3,14.3,14.1,14.25,458600
1103,2018-09-05,14.4,14.4,14.3,14.35,288942
1103,2018-09-04,14.35,14.45,14.3,14.45,475901
1103,2018-09-03,14.5,14.55,14.2,14.35,712088
1103,2018-08-31,14.4,14.5,14.3,14.5,465068
1103,2018-08-30,14.75,14.8,14.3,14.4,1119190
1103,2018-08-29,14.8,14.8,14.65,14.75,793806
1103,2018-08-28,14.85,14.9,14.75,14.75,950668
1103,2018-08-27,14.75,14.9,14.75,14.8,787897
1103,2018-08-24,14.9,14.9,14.6,14.7,817353
1103,2018-08-23,14.9,15.05,14.8,14.9,720278
1103,2018-08-22,15,15,14.85,14.9,550767
1103,2018-08-21,14.85,15.1,14.85,15,719350
1103,2018-08-20,15.2,15.2,14.8,14.9,1243838
1103,2018-08-17,15.15,15.6,15.1,15.1,2579064
1103,2018-08-16,15.2,15.2,15,15.1,1178196
1103,2018-08-15,15.6,15.65,15.05,15.3,2735705
1103,2018-08-14,14.75,15.5,14.75,15.5,3225333
1103,2018-08-13,14.85,15.3,14.55,14.65,4187320
1103,2018-08-10,14.7,14.8,14.65,14.75,590259
1103,2018-08-09,14.75,14.8,14.65,14.7,533020
1103,2018-08-08,14.55,14.85,14.55,14.7,1155325
1103,2018-08-07,14.8,14.8,14.5,14.55,1293432
1103,2018-08-06,14.85,14.95,14.75,14.75,908370
1103,2018-08-03,14.65,14.9,14.65,14.8,2773818
1103,2018-08-02,15.2,15.45,15,15.15,3715313
1103,2018-08-01,14.7,15.35,14.65,15.1,2880095
1103,2018-07-31,15.15,15.15,14.75,14.75,2072961
1103,2018-07-30,15.15,15.45,14.95,15.2,2585963
1103,2018-07-27,15.1,15.35,14.9,15.15,4519422
1103,2018-07-26,14.05,15.25,14,15.05,8163519
1103,2018-07-25,14,14.05,13.95,14,782309
1103,2018-07-24,14,14.1,13.9,14.05,2580779
1103,2018-07-23,13.7,14.05,13.55,14.05,1224610
1103,2018-07-20,14,14,13.7,13.75,1108589
1103,2018-07-19,13.65,14.05,13.5,13.95,1297272
1103,2018-07-18,13.5,13.7,13.45,13.6,688056
1103,2018-07-17,13.45,13.5,13.35,13.45,641328
1103,2018-07-16,13.15,13.5,13.15,13.45,1242221
1103,2018-07-13,12.9,13.1,12.9,13.05,377602
1103,2018-07-12,12.7,12.85,12.7,12.8,240940
1103,2018-07-11,12.8,12.8,12.65,12.75,181863
1103,2018-07-10,12.8,12.9,12.7,12.8,222889
1103,2018-07-09,12.6,12.9,12.55,12.85,232426
1103,2018-07-06,12.65,12.65,12.55,12.6,341592
1103,2018-07-05,12.7,12.75,12.55,12.75,204569
1103,2018-07-04,12.8,12.8,12.65,12.75,215962
1103,2018-07-03,13.1,13.15,12.8,12.8,549042
1103,2018-07-02,12.85,12.85,12.7,12.85,162385
1103,2018-06-29,12.75,12.85,12.75,12.85,187811
1103,2018-06-28,12.55,12.85,12.55,12.85,289720
1103,2018-06-27,12.8,12.9,12.65,12.7,365750
1103,2018-06-26,13.15,13.15,12.7,12.75,1208010
1103,2018-06-25,13.2,13.3,13.15,13.2,236971
1103,2018-06-22,13.35,13.35,13.15,13.2,317558
1103,2018-06-21,13.45,13.55,13.35,13.35,329507
1103,2018-06-20,13.3,13.6,13.25,13.45,554398
1103,2018-06-19,13.7,13.7,13.35,13.35,638387
1103,2018-06-15,13.35,13.8,13.1,13.8,1189351
1103,2018-06-14,13.5,13.5,13.35,13.4,397160
1103,2018-06-13,13.5,13.55,13.45,13.5,339165
1103,2018-06-12,13.45,13.6,13.4,13.6,331303
1103,2018-06-11,13.55,13.6,13.45,13.5,283500
1103,2018-06-08,13.4,13.55,13.35,13.55,392328
1103,2018-06-07,13.5,13.5,13.35,13.45,724007
1103,2018-06-06,13.6,13.65,13.45,13.45,689494
1103,2018-06-05,13.75,13.75,13.55,13.65,434113
1103,2018-06-04,13.55,13.75,13.55,13.75,565411
1103,2018-06-01,13.3,13.5,13.3,13.5,297213
1103,2018-05-31,13.1,13.4,13.1,13.3,737811
1103,2018-05-30,13.7,13.7,13.15,13.2,1974944
1103,2018-05-29,13.65,13.65,13.5,13.6,528251
1103,2018-05-28,13.65,13.7,13.4,13.6,1303491
1103,2018-05-25,13.85,13.9,13.55,13.65,1147431
1103,2018-05-24,14.1,14.1,13.75,13.9,848015
1103,2018-05-23,14.05,14.2,13.9,14,1079106
1103,2018-05-22,14.05,14.25,13.9,14.15,1306796
1103,2018-05-21,14.2,14.45,13.95,14.05,2417330
1103,2018-05-18,13.9,14.35,13.75,14.1,3600133
1103,2018-05-17,13.8,13.95,13.65,13.95,1780291
1103,2018-05-16,13.4,14.1,13.4,13.8,4788108
1103,2018-05-15,13.05,13.3,12.95,13.25,1209439
1103,2018-05-14,13.2,13.2,12.85,13.05,1892862
1103,2018-05-11,13.3,13.35,12.95,13.05,1244631
1103,2018-05-10,12.9,13.25,12.75,13.1,3595009
1103,2018-05-09,12.7,12.85,12.55,12.85,988193
1103,2018-05-08,12.4,12.85,12.4,12.7,3195131
1103,2018-05-07,12.4,12.5,12.25,12.4,1245498
1103,2018-05-04,12.2,12.4,12.2,12.4,1098812
1103,2018-05-03,12,12.75,12,12.2,4415672
1103,2018-05-02,11.95,12.1,11.9,11.95,739818
1103,2018-04-30,12,12.15,11.9,11.95,477124
1103,2018-04-27,12,12,11.9,12,361642
1103,2018-04-26,12.15,12.25,11.85,11.9,831584
1103,2018-04-25,12,12.15,11.9,12.15,859572
1103,2018-04-24,11.9,12.35,11.9,12.1,2679580
1103,2018-04-23,11.75,11.85,11.75,11.8,148648
1103,2018-04-20,11.75,11.9,11.6,11.75,635888
1103,2018-04-19,11.7,11.8,11.65,11.7,318011
1103,2018-04-18,11.75,11.75,11.6,11.65,314061
1103,2018-04-17,11.85,11.9,11.65,11.65,313354
1103,2018-04-16,11.85,12.15,11.85,11.85,1248289
1103,2018-04-13,11.85,11.95,11.8,11.85,303608
1103,2018-04-12,11.85,11.9,11.8,11.85,306230
1103,2018-04-11,11.8,11.9,11.8,11.85,741642
1103,2018-04-10,11.85,11.9,11.7,11.85,971974
1103,2018-04-09,11.8,11.9,11.65,11.75,1169631
1103,2018-04-03,11.8,11.8,11.55,11.65,746729
1103,2018-04-02,11.65,11.95,11.65,11.9,974352
1103,2018-03-31,11.5,11.65,11.5,11.65,1459110
1103,2018-03-30,11.35,11.35,11.2,11.35,1603370
1103,2018-03-29,10.95,11.3,10.95,11.25,1620068
1103,2018-03-28,11.1,11.1,10.8,10.95,1367189
1103,2018-03-27,11.15,11.15,11.05,11.15,1443633
1103,2018-03-26,11.2,11.2,11.05,11.1,689761
1103,2018-03-23,11.3,11.35,11.2,11.2,362030
1103,2018-03-22,11.45,11.6,11.3,11.45,646009
1103,2018-03-21,11.5,11.65,11.4,11.4,911662
1103,2018-03-20,11.65,11.65,11.4,11.5,1289663
1103,2018-03-19,11.9,11.9,11.55,11.7,1537254
1103,2018-03-16,12.15,12.15,11.85,11.9,1120256
1103,2018-03-15,12.15,12.25,12.15,12.2,171503
1103,2018-03-14,12.3,12.3,12.05,12.25,445077
1103,2018-03-13,12.35,12.35,12.2,12.3,336973
1103,2018-03-12,12.2,12.35,12.1,12.3,528287
1103,2018-03-09,12.25,12.25,12,12.1,1579252
1103,2018-03-08,12.3,12.3,12.1,12.2,948267
1103,2018-03-07,12.3,12.35,12.1,12.15,624600
1103,2018-03-06,12.45,12.45,12.25,12.3,253480
1103,2018-03-05,12.6,12.6,12.25,12.35,359279
1103,2018-03-02,12.4,12.5,12.35,12.45,503130
1103,2018-03-01,12.6,12.9,12.5,12.6,485208
1103,2018-02-27,12.7,12.75,12.6,12.65,489646
1103,2018-02-26,12.5,12.65,12.45,12.6,661518
1103,2018-02-23,12.55,12.55,12.4,12.45,411376
1103,2018-02-22,12.5,12.55,12.4,12.55,260802
1103,2018-02-21,12.25,12.55,12.25,12.5,506508
1103,2018-02-12,12.3,12.45,12.25,12.3,437669
1103,2018-02-09,12.2,12.35,12,12.25,798468
1103,2018-02-08,12.6,12.75,12.4,12.5,457401
1103,2018-02-07,12.8,13.3,12.55,12.6,927169
1103,2018-02-06,13.05,13.05,12.3,12.6,723636
1103,2018-02-05,13.2,13.3,13.1,13.3,382200
1103,2018-02-02,13.6,13.6,13.35,13.35,213572
1103,2018-02-01,13.45,13.6,13.45,13.6,94970
1103,2018-01-31,13.45,13.55,13.4,13.55,231313
1103,2018-01-30,13.65,13.65,13.45,13.6,284816
1103,2018-01-29,13.65,13.8,13.55,13.65,484280
1103,2018-01-26,13.7,13.8,13.6,13.75,194251
1103,2018-01-25,13.8,13.85,13.7,13.75,369504
1103,2018-01-24,13.8,13.95,13.7,13.8,856254
1103,2018-01-23,13.75,13.8,13.65,13.8,367459
1103,2018-01-22,13.7,13.75,13.5,13.75,574138
1103,2018-01-19,13.65,13.75,13.6,13.7,644041
1103,2018-01-18,13.9,13.95,13.6,13.65,1039579
1103,2018-01-17,14,14,13.8,13.9,590301
1103,2018-01-16,13.85,13.95,13.8,13.95,664751
1103,2018-01-15,14,14.05,13.75,13.8,1870829
1103,2018-01-12,13.9,14.05,13.75,13.75,1403307
1103,2018-01-11,13.85,13.9,13.4,13.75,969620
1103,2018-01-10,13.65,13.9,13.6,13.75,1120599
1103,2018-01-09,13.75,13.8,13.5,13.6,917917
1103,2018-01-08,13.65,14.3,13.65,13.8,5729879
1103,2018-01-05,13.3,13.6,13.3,13.6,910248
1103,2018-01-04,13.3,13.75,13.3,13.3,1574022
1103,2018-01-03,13.45,13.45,13.25,13.3,608907
1103,2018-01-02,13.35,13.45,13.15,13.45,1007542
1103,2019-12-31,22.75,22.75,22.3,22.35,3657824
1103,2019-12-30,22.1,22.85,22.1,22.75,6503079
1103,2019-12-27,21.55,22.15,21.2,22,6506902
1103,2019-12-26,21.2,21.55,20.9,21.5,13185191
1103,2019-12-25,20.1,20.8,20.1,20.8,8771197
1103,2019-12-24,20.1,20.15,20,20.1,612372
1103,2019-12-23,20,20.15,19.95,20.1,1261690
1103,2019-12-20,20.05,20.05,19.9,20,1050273
1103,2019-12-19,20.1,20.1,19.9,20.05,702173
1103,2019-12-18,19.95,20.1,19.8,20.1,1014419
1103,2019-12-17,20,20.05,19.9,19.95,1032906
1103,2019-12-16,19.9,20.05,19.85,19.95,827496
1103,2019-12-13,19.9,19.9,19.7,19.9,1184184
1103,2019-12-12,20.1,20.1,19.8,19.9,2026971
1103,2019-12-11,19.9,20.05,19.9,20.05,1248773
1103,2019-12-10,19.9,19.9,19.8,19.85,814467
1103,2019-12-09,19.5,19.95,19.5,19.85,1960722
1103,2019-12-06,19.7,19.75,19.4,19.45,2378464
1103,2019-12-05,20,20,19.75,19.8,2144484
1103,2019-12-04,20.15,20.15,19.85,20,1261147
1103,2019-12-03,20,20.15,19.9,20.1,1012659
1103,2019-12-02,20.15,20.15,19.8,20.05,1340805
1103,2019-11-29,20.05,20.2,19.95,20.15,1164987
1103,2019-11-28,20.25,20.25,19.95,20,2094735
1103,2019-11-27,20.3,20.55,20.2,20.25,1842252
1103,2019-11-26,20.85,20.95,20.25,20.3,7769948
1103,2019-11-25,20.9,20.95,20.65,20.8,1787258
1103,2019-11-22,21.2,21.25,20.7,20.9,3036506
1103,2019-11-21,20.9,21.2,20.85,21.2,2167831
1103,2019-11-20,20.65,21.1,20.6,21.05,4835417
1103,2019-11-19,20.4,20.7,20.2,20.65,3061686
1103,2019-11-18,20.25,20.45,20.05,20.4,2986962
1103,2019-11-15,19.55,20.2,19.55,20,8711481
1103,2019-11-14,19.4,19.5,19.1,19.45,1877738
1103,2019-11-13,19.35,19.5,19.2,19.4,2568618
1103,2019-11-12,19,19.4,18.8,19.3,3006520
1103,2019-11-11,19,19.1,18.8,18.9,2267493
1103,2019-11-08,19,19.35,18.9,19,3127993
1103,2019-11-07,18.9,19,18.85,18.9,961391
1103,2019-11-06,19,19.1,18.85,18.9,1800896
1103,2019-11-05,19.05,19.1,18.85,19,1076062
1103,2019-11-04,19,19.15,18.9,19.05,1052897
1103,2019-11-01,18.8,19,18.8,19,579458
1103,2019-10-31,18.85,19,18.75,19,600325
1103,2019-10-30,18.75,18.95,18.7,18.95,418827
1103,2019-10-29,18.9,18.9,18.7,18.8,740820
1103,2019-10-28,18.85,18.9,18.7,18.85,489573
1103,2019-10-25,18.95,19,18.7,18.75,1206645
1103,2019-10-24,18.95,19.15,18.9,18.9,1150970
1103,2019-10-23,19.3,19.35,18.9,18.95,1717752
1103,2019-10-22,19.5,19.9,19.25,19.3,3152743
1103,2019-10-21,18.95,19.45,18.95,19.45,4740009
1103,2019-10-18,18.75,19.15,18.6,18.9,3319187
1103,2019-10-17,18.35,18.85,18.3,18.7,3540167
1103,2019-10-16,18.4,18.45,18.2,18.35,824388
1103,2019-10-15,18.45,18.5,18.25,18.35,566301
1103,2019-10-14,18.3,18.45,18.2,18.45,1201813
1103,2019-10-09,18.1,18.1,17.95,18.1,931927
1103,2019-10-08,18.2,18.2,18.05,18.2,669767
1103,2019-10-07,18.15,18.3,18.05,18.25,557674
1103,2019-10-04,18.35,18.45,18,18.05,1409683
1103,2019-10-03,18.4,18.4,18.3,18.4,539897
1103,2019-10-02,18.45,18.55,18.25,18.5,968952
1103,2019-10-01,18.2,18.45,18.2,18.4,673057
1103,2019-09-27,18.3,18.4,18.1,18.25,1467573
1103,2019-09-26,18.45,18.55,18.35,18.4,1116400
1103,2019-09-25,18.6,18.6,18.35,18.5,815409
1103,2019-09-24,18.5,18.65,18.4,18.65,1759732
1103,2019-09-23,18.25,18.55,18.25,18.35,1901182
1103,2019-09-20,17.9,18.6,17.9,18.2,5592414
1103,2019-09-19,17.8,17.85,17.5,17.6,905430
1103,2019-09-18,17.4,17.8,17.4,17.8,1619348
1103,2019-09-17,17.75,17.8,17.25,17.3,1328980
1103,2019-09-16,17.5,17.8,17.5,17.7,1564307
1103,2019-09-12,17.2,17.5,17.15,17.5,1770871
1103,2019-09-11,17.35,17.35,17.05,17.25,2867962
1103,2019-09-10,16.75,17.3,16.7,17.3,3849833
1103,2019-09-09,16.5,16.8,16.5,16.7,1557936
1103,2019-09-06,16.4,16.5,16.3,16.5,562392
1103,2019-09-05,16.4,16.4,16.3,16.4,446853
1103,2019-09-04,16.45,16.45,16.2,16.35,1840794
1103,2019-09-03,16.15,16.5,16.15,16.4,2620447
1103,2019-09-02,15.85,16.1,15.85,16.1,2669402
1103,2019-08-30,15.6,15.8,15.6,15.75,1384238
1103,2019-08-29,15.5,15.6,15.45,15.5,1832157
1103,2019-08-28,16.4,16.45,16.35,16.4,2702729
1103,2019-08-27,16.4,16.5,16.4,16.4,3160740
1103,2019-08-26,16.5,16.55,16.35,16.5,1133347
1103,2019-08-23,16.55,16.65,16.45,16.55,1292221
1103,2019-08-22,16.6,16.7,16.5,16.55,977421
1103,2019-08-21,16.6,16.7,16.6,16.6,925067
1103,2019-08-20,16.75,16.8,16.65,16.65,1057257
1103,2019-08-19,16.6,16.75,16.6,16.75,1181877
1103,2019-08-16,16.5,16.6,16.45,16.55,1108716
1103,2019-08-15,16.1,16.5,16.1,16.45,2360680
1103,2019-08-14,16.1,16.1,16,16.05,405274
1103,2019-08-13,16.1,16.2,15.95,15.95,713819
1103,2019-08-12,16.2,16.25,16.1,16.2,254429
1103,2019-08-08,16.15,16.25,16.15,16.2,210114
1103,2019-08-07,15.85,16.1,15.85,16.1,495587
1103,2019-08-06,15.9,15.9,15.65,15.85,694814
1103,2019-08-05,16.25,16.25,15.9,16.1,1107378
1103,2019-08-02,16.45,16.45,16.2,16.25,744539
1103,2019-08-01,16.6,16.6,16.3,16.5,1124583
1103,2019-07-31,16.65,16.7,16.55,16.65,671314
1103,2019-07-30,16.65,16.75,16.6,16.75,587488
1103,2019-07-29,16.6,16.7,16.55,16.7,446112
1103,2019-07-26,16.55,16.7,16.55,16.65,421265
1103,2019-07-25,16.7,16.7,16.55,16.65,357335
1103,2019-07-24,16.7,16.7,16.55,16.6,847681
1103,2019-07-23,16.75,16.75,16.65,16.7,514041
1103,2019-07-22,16.8,16.85,16.65,16.75,745811
1103,2019-07-19,16.85,16.85,16.75,16.85,813103
1103,2019-07-18,16.9,16.9,16.8,16.85,445517
1103,2019-07-17,16.95,17.05,16.85,16.9,853772
1103,2019-07-16,16.95,17,16.9,16.95,473500
1103,2019-07-15,16.9,17,16.9,16.95,366069
1103,2019-07-12,16.9,16.95,16.75,16.95,526654
1103,2019-07-11,16.9,16.95,16.75,16.85,915693
1103,2019-07-10,17.05,17.05,16.9,16.95,388113
1103,2019-07-09,16.95,17.05,16.8,17.05,435269
1103,2019-07-08,16.9,16.95,16.8,16.95,485002
1103,2019-07-05,16.7,16.9,16.7,16.9,429986
1103,2019-07-04,16.85,16.85,16.7,16.7,729601
1103,2019-07-03,17,17,16.75,16.8,1251662
1103,2019-07-02,17.1,17.15,16.9,17,944209
1103,2019-07-01,17.1,17.15,17.05,17.1,908577
1103,2019-06-28,17.25,17.3,16.95,17.1,1575947
1103,2019-06-27,17.15,17.3,17.1,17.25,1621235
1103,2019-06-26,17,17.15,16.9,17.15,1570443
1103,2019-06-25,17,17,16.8,16.95,583541
1103,2019-06-24,16.75,17,16.7,17,662563
1103,2019-06-21,17.05,17.1,16.7,16.7,1000760
1103,2019-06-20,16.85,17.1,16.85,17,1450553
1103,2019-06-19,16.9,16.95,16.6,16.85,1759187
1103,2019-06-18,16.8,16.85,16.55,16.7,789513
1103,2019-06-17,16.55,16.85,16.5,16.75,1008038
1103,2019-06-14,16.2,16.6,16.2,16.55,685246
1103,2019-06-13,16.2,16.4,16.15,16.2,700312
1103,2019-06-12,16.7,16.7,16.2,16.3,1592773
1103,2019-06-11,16.75,16.8,16.65,16.7,563718
1103,2019-06-10,16.8,16.9,16.75,16.8,497097
1103,2019-06-06,16.95,17,16.65,16.8,1127071
1103,2019-06-05,17.1,17.1,16.8,16.9,810453
1103,2019-06-04,16.8,17.1,16.7,16.95,1436202
1103,2019-06-03,16.6,16.8,16.55,16.8,985369
1103,2019-05-31,16.8,16.9,16.65,16.7,787964
1103,2019-05-30,16.65,16.8,16.5,16.7,1107951
1103,2019-05-29,16.85,16.85,16.55,16.65,1354494
1103,2019-05-28,17.3,17.35,16.85,16.95,1889903
1103,2019-05-27,16.55,17.35,16.55,17.25,4266673
1103,2019-05-24,16.15,16.5,16.15,16.5,2615580
1103,2019-05-23,16.2,16.25,16.05,16.15,1115290
1103,2019-05-22,15.9,16.4,15.9,16.25,3948460
1103,2019-05-21,15.85,16,15.7,15.9,1689276
1103,2019-05-20,15.6,15.95,15.6,15.85,2464957
1103,2019-05-17,15.45,15.65,15.45,15.55,1083270
1103,2019-05-16,15.3,15.5,15.2,15.35,829244
1103,2019-05-15,15.1,15.3,15.1,15.3,697639
1103,2019-05-14,15.1,15.2,14.9,15.2,832087
1103,2019-05-13,15.4,15.55,15.1,15.25,1256703
1103,2019-05-10,15.7,15.7,15.4,15.55,1502339
1103,2019-05-09,15.4,16,15.4,15.55,4530715
1103,2019-05-08,15.2,15.45,15.15,15.35,1471542
1103,2019-05-07,15.05,15.3,15.05,15.3,999313
1103,2019-05-06,15.25,15.25,15,15.05,1630159
1103,2019-05-03,15.05,15.3,15,15.25,1897500
1103,2019-05-02,15.05,15.05,15,15.05,404845
1103,2019-04-30,14.85,15.1,14.85,15,1024147
1103,2019-04-29,14.85,14.9,14.8,14.85,311277
1103,2019-04-26,14.85,14.85,14.7,14.85,335356
1103,2019-04-25,14.8,14.85,14.7,14.85,408829
1103,2019-04-24,14.85,14.9,14.8,14.8,249027
1103,2019-04-23,14.9,14.9,14.75,14.85,725392
1103,2019-04-22,14.85,14.95,14.8,14.95,351830
1103,2019-04-19,14.9,14.9,14.8,14.85,724660
1103,2019-04-18,15,15.05,14.8,14.9,890024
1103,2019-04-17,15,15.05,14.95,15,1132609
1103,2019-04-16,15,15.1,14.95,15,540994
1103,2019-04-15,14.95,15.05,14.95,15,471631
1103,2019-04-12,15.05,15.05,14.9,14.95,885860
1103,2019-04-11,15.1,15.15,14.95,15.05,741212
1103,2019-04-10,15.1,15.15,15.05,15.15,543343
1103,2019-04-09,15.1,15.15,15.05,15.15,696558
1103,2019-04-08,15.15,15.2,15.05,15.1,1547630
1103,2019-04-03,14.95,15.05,14.8,15.05,1256926
1103,2019-04-02,15,15.05,14.7,14.9,1952512
1103,2019-04-01,15.1,15.1,14.9,15,2288768
1103,2019-03-29,15.3,15.3,15.1,15.2,1784830
1103,2019-03-28,14.9,15.5,14.9,15.3,6117797
1103,2019-03-27,14.5,14.95,14.5,14.85,2858526
1103,2019-03-26,14.55,14.75,14.45,14.5,1137043
1103,2019-03-25,14.45,14.7,14.45,14.55,4419043
1103,2019-03-22,14.1,14.2,14,14.2,1034225
1103,2019-03-21,13.95,14.1,13.9,14.1,750946
1103,2019-03-20,14,14,13.9,13.95,703289
1103,2019-03-19,14,14,13.9,14,470667
1103,2019-03-18,14,14.1,13.9,14,906141
1103,2019-03-15,13.95,14.05,13.9,13.95,711920
1103,2019-03-14,13.95,13.95,13.9,13.95,346935
1103,2019-03-13,13.9,14,13.85,13.95,396041
1103,2019-03-12,13.85,14,13.85,14,963621
1103,2019-03-11,13.8,13.85,13.8,13.85,307118
1103,2019-03-08,13.8,13.8,13.75,13.8,381328
1103,2019-03-07,13.9,13.9,13.75,13.85,367688
1103,2019-03-06,13.9,13.9,13.75,13.85,512751
1103,2019-03-05,13.85,13.9,13.75,13.8,714083
1103,2019-03-04,13.9,13.95,13.85,13.85,632542
1103,2019-02-27,13.9,14,13.85,13.9,727329
1103,2019-02-26,14.1,14.1,13.9,13.9,1045700
1103,2019-02-25,14.15,14.15,14,14.05,896535
1103,2019-02-22,14.15,14.25,14.1,14.1,1862753
1103,2019-02-21,14,14.3,13.9,14.15,5056474
1103,2019-02-20,13.9,14,13.85,13.95,802791
1103,2019-02-19,13.95,13.95,13.9,13.9,490884
1103,2019-02-18,13.95,14.05,13.9,13.95,1002038
1103,2019-02-15,13.95,13.95,13.85,13.95,341772
1103,2019-02-14,13.95,13.95,13.8,13.9,564602
1103,2019-02-13,13.85,13.95,13.85,13.95,683004
1103,2019-02-12,13.75,13.85,13.75,13.8,317205
1103,2019-02-11,13.9,13.9,13.75,13.85,327051
1103,2019-01-30,13.8,13.8,13.7,13.8,300956
1103,2019-01-29,13.75,13.8,13.7,13.7,209564
1103,2019-01-28,13.8,13.85,13.7,13.8,356223
1103,2019-01-25,13.75,13.85,13.75,13.8,440584
1103,2019-01-24,13.75,13.8,13.7,13.75,161257
1103,2019-01-23,13.75,13.8,13.7,13.7,188206
1103,2019-01-22,13.8,13.8,13.75,13.75,202112
1103,2019-01-21,13.8,13.8,13.7,13.75,180525
1103,2019-01-18,13.7,13.8,13.7,13.75,408215
1103,2019-01-17,13.65,13.75,13.65,13.75,262068
1103,2019-01-16,13.75,13.75,13.65,13.65,224479
1103,2019-01-15,13.7,13.75,13.65,13.75,736666
1103,2019-01-14,13.9,13.9,13.7,13.7,186454
1103,2019-01-11,13.95,14,13.85,13.9,374321
1103,2019-01-10,13.85,13.95,13.8,13.9,289266
1103,2019-01-09,13.85,13.95,13.85,13.95,450619
1103,2019-01-08,13.85,13.9,13.8,13.85,160914
1103,2019-01-07,13.65,13.85,13.65,13.85,508003
1103,2019-01-04,13.55,13.6,13.45,13.6,328441
1103,2019-01-03,13.6,13.65,13.55,13.6,114778
1103,2019-01-02,13.65,13.65,13.5,13.6,248330
1103,2020-12-31,19.1,19.2,19,19.05,1274414
1103,2020-12-30,18.95,19.2,18.65,19.05,1131426
1103,2020-12-29,19,19.2,18.75,18.9,1430644
1103,2020-12-28,18.75,18.9,18.7,18.85,997124
1103,2020-12-25,18.75,18.8,18.6,18.7,697345
1103,2020-12-24,18.3,18.95,18.3,18.75,1017297
1103,2020-12-23,18.35,18.35,18.15,18.3,965821
1103,2020-12-22,19.05,19.15,18.1,18.3,2068869
1103,2020-12-21,18.5,19.25,18.25,19.05,3029267
1103,2020-12-18,18.2,18.45,18.1,18.45,969668
1103,2020-12-17,18.45,18.5,18.1,18.25,996921
1103,2020-12-16,17.9,18.55,17.9,18.45,2463032
1103,2020-12-15,18,18.25,17.85,17.85,864328
1103,2020-12-14,17.9,18.05,17.9,18.05,491610
1103,2020-12-11,18.15,18.25,17.9,17.95,1152162
1103,2020-12-10,18.3,18.3,18.1,18.2,639491
1103,2020-12-09,18,18.3,18,18.25,1087235
1103,2020-12-08,18.1,18.15,17.95,18.1,1250950
1103,2020-12-07,18.45,18.45,18.15,18.2,937847
1103,2020-12-04,18.35,18.4,18.25,18.3,966028
1103,2020-12-03,18.25,18.5,18.2,18.2,1051449
1103,2020-12-02,18.35,18.4,18.2,18.3,849676
1103,2020-12-01,18.25,18.45,18.1,18.3,972726
1103,2020-11-30,18.3,18.6,18.2,18.2,2048803
1103,2020-11-27,18.1,18.1,17.95,18.1,815935
1103,2020-11-26,18.05,18.1,17.95,18.1,824296
1103,2020-11-25,17.9,18.1,17.9,18.05,1632863
1103,2020-11-24,18.2,18.45,17.8,17.9,4044444
1103,2020-11-23,17.6,17.65,17.4,17.6,856024
1103,2020-11-20,17.65,17.65,17.35,17.5,564090
1103,2020-11-19,17.55,17.6,17.45,17.6,717325
1103,2020-11-18,17.4,17.7,17.4,17.55,823020
1103,2020-11-17,17.25,17.6,17.25,17.45,2432471
1103,2020-11-16,17.1,17.3,17.1,17.2,911161
1103,2020-11-13,17.2,17.3,17.05,17.1,905720
1103,2020-11-12,17.4,17.45,17.15,17.3,1307528
1103,2020-11-11,17,17.35,16.95,17.2,1568062
1103,2020-11-10,16.2,17.5,16.15,17.05,6146632
1103,2020-11-09,15.95,16.1,15.9,15.95,508926
1103,2020-11-06,15.85,15.95,15.85,15.85,133458
1103,2020-11-05,15.9,16,15.8,15.8,249684
1103,2020-11-04,15.8,15.9,15.8,15.9,109542
1103,2020-11-03,15.65,15.8,15.65,15.75,153661
1103,2020-11-02,15.7,15.7,15.6,15.65,187112
1103,2020-10-30,15.65,15.75,15.6,15.6,353025
1103,2020-10-29,15.75,15.8,15.65,15.7,313353
1103,2020-10-28,15.9,15.9,15.8,15.85,218249
1103,2020-10-27,15.85,15.9,15.8,15.9,549185
1103,2020-10-26,15.85,15.95,15.85,15.95,178896
1103,2020-10-23,15.9,15.95,15.85,15.9,124008
1103,2020-10-22,15.9,15.9,15.85,15.9,181886
1103,2020-10-21,15.9,15.95,15.8,15.95,286355
1103,2020-10-20,15.9,15.9,15.8,15.85,166571
1103,2020-10-19,15.8,16,15.7,16,384601
1103,2020-10-16,15.8,15.9,15.75,15.75,223185
1103,2020-10-15,15.8,15.85,15.65,15.8,269119
1103,2020-10-14,15.75,15.85,15.7,15.8,261515
1103,2020-10-13,15.85,15.85,15.65,15.7,370904
1103,2020-10-12,16,16,15.75,15.8,312215
1103,2020-10-08,15.95,16,15.8,16,204349
1103,2020-10-07,15.8,16,15.8,16,309378
1103,2020-10-06,15.75,15.95,15.7,15.9,345520
1103,2020-10-05,15.7,15.75,15.6,15.7,227360
1103,2020-09-30,15.85,15.85,15.7,15.7,259275
1103,2020-09-29,15.9,15.9,15.7,15.85,630235
1103,2020-09-28,15.65,15.85,15.65,15.8,303752
1103,2020-09-25,15.65,15.85,15.45,15.65,751778
1103,2020-09-24,16,16,15.5,15.65,1514878
1103,2020-09-23,16.55,16.55,16.15,16.2,831055
1103,2020-09-22,16.7,16.7,16.4,16.5,629103
1103,2020-09-21,16.7,17.15,16.7,16.8,1504447
1103,2020-09-18,16.6,16.75,16.6,16.7,430621
1103,2020-09-17,16.6,16.65,16.5,16.55,348513
1103,2020-09-16,16.6,16.6,16.5,16.6,346172
1103,2020-09-15,16.6,16.65,16.55,16.6,383648
1103,2020-09-14,16.6,16.6,16.5,16.6,421100
1103,2020-09-11,16.75,16.75,16.5,16.5,497739
1103,2020-09-10,16.6,16.85,16.6,16.8,605426
1103,2020-09-09,16.6,16.7,16.5,16.65,442254
1103,2020-09-08,16.65,16.75,16.6,16.6,379784
1103,2020-09-07,16.5,16.8,16.5,16.6,1197189
1103,2020-09-04,16.35,16.6,16.35,16.5,424518
1103,2020-09-03,16.7,16.7,16.4,16.5,1274669
1103,2020-09-02,16.8,16.8,16.45,16.55,847015
1103,2020-09-01,16.7,16.7,16.45,16.7,1244593
1103,2020-08-31,16.5,17.1,16.5,16.8,2866941
1103,2020-08-28,16.3,16.4,16.25,16.4,734970
1103,2020-08-27,16.4,16.45,16.2,16.25,660345
1103,2020-08-26,16.4,16.5,16.3,16.35,913746
1103,2020-08-25,16.3,16.45,16.2,16.4,1041591
1103,2020-08-24,16.35,16.45,16.05,16.25,1206389
1103,2020-08-21,16.3,16.55,16.25,16.35,999425
1103,2020-08-20,16.85,16.85,15.75,16.1,2251516
1103,2020-08-19,16.9,17,16.75,16.8,957283
1103,2020-08-18,17.1,17.1,16.75,16.9,791008
1103,2020-08-17,16.55,17.1,16.55,16.95,2026330
1103,2020-08-14,16.3,16.6,16.3,16.55,875525
1103,2020-08-13,16.55,16.55,16.3,16.35,663139
1103,2020-08-12,16.45,16.55,16.35,16.4,581799
1103,2020-08-11,16.5,16.55,16.3,16.45,888202
1103,2020-08-10,16.5,16.6,16.4,16.5,459470
1103,2020-08-07,16.65,16.75,16.4,16.45,1308346
1103,2020-08-06,16.9,16.9,16.55,16.65,639215
1103,2020-08-05,16.4,17.1,16.4,16.6,1983414
1103,2020-08-04,16.45,16.45,16.3,16.35,379590
1103,2020-08-03,16.5,16.55,16.25,16.35,518214
1103,2020-07-31,16.5,16.65,16.25,16.6,785481
1103,2020-07-30,16.4,16.65,16.2,16.4,461215
1103,2020-07-29,15.8,16.4,15.8,16.4,1092472
1103,2020-07-28,16.1,16.1,15.8,15.85,1100598
1103,2020-07-27,16.6,16.6,16,16.1,2626626
1103,2020-07-24,17,17,16.5,16.55,1579941
1103,2020-07-23,17.05,17.1,16.9,17,2791880
1103,2020-07-22,18.05,18.15,17.9,18,4273398
1103,2020-07-21,17.95,18.05,17.8,18,2627716
1103,2020-07-20,18.05,18.1,17.85,17.95,1622645
1103,2020-07-17,18.25,18.25,17.9,18,1127215
1103,2020-07-16,18.1,18.35,18.05,18.2,2209359
1103,2020-07-15,17.95,18.15,17.9,18.1,1285457
1103,2020-07-14,18.1,18.1,17.9,17.9,1089486
1103,2020-07-13,18,18.15,17.9,18.15,1477256
1103,2020-07-10,18.2,18.2,17.85,17.9,1304191
1103,2020-07-09,18.2,18.25,18.05,18.2,944173
1103,2020-07-08,18.1,18.25,17.95,18.2,989917
1103,2020-07-07,18.05,18.15,18,18.1,822267
1103,2020-07-06,17.95,18.15,17.9,18.1,2378556
1103,2020-07-03,18.05,18.15,17.9,18,1212488
1103,2020-07-02,17.65,17.9,17.6,17.9,751272
1103,2020-07-01,17.6,17.75,17.55,17.65,621619
1103,2020-06-30,17.5,17.85,17.5,17.65,620916
1103,2020-06-29,17.3,17.8,17.2,17.35,1803930
1103,2020-06-24,17.8,17.9,17.55,17.6,666244
1103,2020-06-23,18,18.3,17.6,17.8,1625390
1103,2020-06-22,18.25,18.5,17.85,17.9,2540668
1103,2020-06-19,17.4,18.25,17.4,18.25,4233091
1103,2020-06-18,17.3,17.5,17.25,17.45,1033394
1103,2020-06-17,17.1,17.45,17.1,17.3,971533
1103,2020-06-16,16.9,17.2,16.9,17.05,928747
1103,2020-06-15,16.85,17.1,16.7,16.85,952057
1103,2020-06-12,16.4,16.9,16.3,16.85,1083870
1103,2020-06-11,17.35,17.35,16.9,16.9,1146744
1103,2020-06-10,17,17.4,17,17.3,1077386
1103,2020-06-09,17.15,17.15,16.95,17.1,830408
1103,2020-06-08,17,17.2,16.9,17.1,1321395
1103,2020-06-05,16.95,17.1,16.9,16.95,1225036
1103,2020-06-04,17.05,17.1,16.9,17,983209
1103,2020-06-03,16.85,17.05,16.85,16.9,1742803
1103,2020-06-02,16.6,16.7,16.55,16.7,790557
1103,2020-06-01,16.7,16.9,16.6,16.65,938381
1103,2020-05-29,16.7,16.9,16.35,16.7,2034935
1103,2020-05-28,16.35,17.15,16.35,16.75,6031673
1103,2020-05-27,16.3,16.4,16.2,16.3,691979
1103,2020-05-26,16.15,16.25,16.1,16.25,838976
1103,2020-05-25,16.05,16.05,15.8,16.05,616410
1103,2020-05-22,16,16.05,15.95,16.05,904985
1103,2020-05-21,16.05,16.15,16.05,16.1,579442
1103,2020-05-20,16.15,16.15,16,16.1,568503
1103,2020-05-19,16.15,16.25,16,16.2,841248
1103,2020-05-18,16,16.25,15.95,16.05,981624
1103,2020-05-15,16.05,16.15,15.65,16,2937803
1103,2020-05-14,16.65,16.65,16.2,16.2,1192352
1103,2020-05-13,16.6,16.7,16.5,16.65,834490
1103,2020-05-12,16.9,16.9,16.6,16.7,774145
1103,2020-05-11,16.9,16.9,16.8,16.9,740602
1103,2020-05-08,16.85,16.85,16.75,16.8,761787
1103,2020-05-07,16.8,16.85,16.6,16.75,632065
1103,2020-05-06,16.85,16.85,16.55,16.7,988245
1103,2020-05-05,16.8,16.95,16.75,16.85,852368
1103,2020-05-04,16.85,16.9,16.65,16.85,1136303
1103,2020-04-30,17.2,17.2,16.85,17.2,2517577
1103,2020-04-29,16.5,16.7,16.5,16.65,1127731
1103,2020-04-28,16.5,16.55,16.4,16.5,768400
1103,2020-04-27,16.2,16.5,16.15,16.45,974636
1103,2020-04-24,16.15,16.2,15.95,16.15,349712
1103,2020-04-23,16.2,16.4,16.05,16.2,793432
1103,2020-04-22,15.9,16.2,15.7,16.15,513291
1103,2020-04-21,16.45,16.45,15.85,16.1,1850622
1103,2020-04-20,16.6,16.65,16.4,16.5,930220
1103,2020-04-17,16.85,16.95,16.5,16.6,1838098
1103,2020-04-16,16.5,16.6,16.35,16.6,1427277
1103,2020-04-15,16.4,16.8,16.4,16.7,2473214
1103,2020-04-14,16,16.3,16,16.3,1562544
1103,2020-04-13,16.1,16.2,15.9,16,1081841
1103,2020-04-10,15.9,16.2,15.75,16.1,1211485
1103,2020-04-09,15.95,16.1,15.8,15.8,1509924
1103,2020-04-08,15.45,15.9,15.4,15.9,2206906
1103,2020-04-07,15.25,15.45,15.2,15.45,2415909
1103,2020-04-06,15.1,15.2,15,15.15,987639
1103,2020-04-01,15.15,15.15,14.9,15.1,1168143
1103,2020-03-31,15.15,15.2,15,15.15,1846146
1103,2020-03-30,14.95,15.15,14.75,15.1,2076805
1103,2020-03-27,15.15,15.6,15.05,15.1,4716407
1103,2020-03-26,15.25,15.25,14.7,15,3775070
1103,2020-03-25,14.5,15.2,14.4,15.05,2706843
1103,2020-03-24,13.5,14.25,13.5,14.1,3800443
1103,2020-03-23,12.8,13.4,12.55,13.25,6107236
1103,2020-03-20,14,14.85,13.3,13.3,8163871
1103,2020-03-19,14.6,14.65,13.5,13.5,4177289
1103,2020-03-18,15.5,15.5,14.85,14.9,1748006
1103,2020-03-17,14.6,15.5,14.6,15.25,1734564
1103,2020-03-16,16.25,16.6,15.8,15.8,1932469
1103,2020-03-13,15.9,16.35,15.8,16.3,4286320
1103,2020-03-12,18.3,18.3,17.45,17.45,2687278
1103,2020-03-11,18.3,18.7,18.25,18.5,2002250
1103,2020-03-10,18.55,18.55,17.7,18.3,3902308
1103,2020-03-09,19.65,19.65,18.8,19,2767639
1103,2020-03-06,19.95,19.95,19.7,19.85,932124
1103,2020-03-05,20,20.1,19.9,20,872399
1103,2020-03-04,19.95,19.95,19.7,19.9,839272
1103,2020-03-03,20.05,20.05,19.8,19.9,1163696
1103,2020-03-02,19.25,20.05,19.2,19.85,2105346
1103,2020-02-27,20.2,20.2,19.8,19.95,1473662
1103,2020-02-26,20,20.2,20,20.1,1238317
1103,2020-02-25,20,20.2,19.95,20.2,1085048
1103,2020-02-24,20.1,20.3,20.05,20.2,1373766
1103,2020-02-21,20.1,20.3,20,20.3,1170769
1103,2020-02-20,20.45,20.5,20.05,20.2,1303695
1103,2020-02-19,20.15,20.45,20.15,20.4,924429
1103,2020-02-18,20.1,20.4,20.05,20.3,928755
1103,2020-02-17,20.15,20.25,19.95,20.1,914743
1103,2020-02-14,20.05,20.2,20.05,20.2,651422
1103,2020-02-13,20,20.3,20,20,1254365
1103,2020-02-12,19.9,20.1,19.8,19.95,979141
1103,2020-02-11,19.75,19.95,19.75,19.9,1032703
1103,2020-02-10,19.5,19.95,19.5,19.65,2772592
1103,2020-02-07,20.35,20.35,19.95,20,3671546
1103,2020-02-06,20.6,20.8,20.55,20.65,1134599
1103,2020-02-05,20.85,20.85,20.5,20.65,974123
1103,2020-02-04,20.6,20.85,20.45,20.75,1163394
1103,2020-02-03,20,20.55,19.7,20.55,2277468
1103,2020-01-31,19.85,20.7,19.85,20.55,2155785
1103,2020-01-30,21,21,20,20.25,4702523
1103,2020-01-20,21.85,21.95,21.75,21.95,1271244
1103,2020-01-17,21.8,21.85,21.7,21.8,1215599
1103,2020-01-16,21.75,21.8,21.6,21.75,1065016
1103,2020-01-15,21.55,21.8,21.55,21.75,1198136
1103,2020-01-14,21.55,21.8,21.55,21.65,1555707
1103,2020-01-13,21.35,21.55,21.3,21.5,1452293
1103,2020-01-10,21.55,21.6,21.35,21.5,708846
1103,2020-01-09,21.4,21.55,21.25,21.55,1456880
1103,2020-01-08,21.8,21.8,21.3,21.3,2606883
1103,2020-01-07,21.7,22.15,21.6,21.95,2878871
1103,2020-01-06,21.75,21.75,21.4,21.6,1884930
1103,2020-01-03,22.45,22.45,21.6,21.75,4062196
1103,2020-01-02,22.4,22.7,22.35,22.35,2194046
1103,2021-12-30,20.8,20.8,20.65,20.75,378615
1103,2021-12-29,20.7,20.85,20.7,20.85,435182
1103,2021-12-28,20.5,20.7,20.5,20.7,2292979
1103,2021-12-27,20.5,20.6,20.5,20.5,230427
1103,2021-12-24,20.5,20.55,20.45,20.5,351905
1103,2021-12-23,20.5,20.6,20.4,20.45,529366
1103,2021-12-22,20.5,20.5,20.35,20.45,332047
1103,2021-12-21,20.5,20.5,20.4,20.45,306121
1103,2021-12-20,20.6,20.6,20.4,20.45,261866
1103,2021-12-17,20.3,20.6,20.3,20.55,379591
1103,2021-12-16,20.35,20.4,20.25,20.3,321964
1103,2021-12-15,20.45,20.45,20.15,20.25,504442
1103,2021-12-14,20.3,20.4,20.2,20.2,369016
1103,2021-12-13,20.55,20.55,20.4,20.45,455869
1103,2021-12-10,20.45,20.75,20.3,20.75,395272
1103,2021-12-09,20.6,20.6,20.4,20.45,190460
1103,2021-12-08,20.5,20.7,20.4,20.5,423749
1103,2021-12-07,20.45,20.5,20.35,20.45,224354
1103,2021-12-06,20.3,20.5,20.3,20.5,207647
1103,2021-12-03,20.35,20.45,20.3,20.35,264788
1103,2021-12-02,20.5,20.5,20.25,20.35,725232
1103,2021-12-01,20.5,20.65,20.4,20.6,375339
1103,2021-11-30,20.65,20.75,20.3,20.75,747424
1103,2021-11-29,20.2,20.4,20,20.3,643527
1103,2021-11-26,20.7,20.7,20.35,20.35,1080292
1103,2021-11-25,20.8,20.85,20.65,20.8,409515
1103,2021-11-24,20.8,20.85,20.65,20.8,364967
1103,2021-11-23,21,21,20.7,20.8,563495
1103,2021-11-22,21.25,21.3,20.95,21,1003121
1103,2021-11-19,21.65,21.65,21.3,21.3,692902
1103,2021-11-18,21.35,21.65,21.2,21.55,1334760
1103,2021-11-17,21.3,21.3,21,21.3,928413
1103,2021-11-16,20.85,21.05,20.85,21,607245
1103,2021-11-15,21,21,20.75,20.9,637801
1103,2021-11-12,21.05,21.35,20.75,20.9,822805
1103,2021-11-11,20.85,21.5,20.6,21.05,1206324
1103,2021-11-10,20.5,21.75,20.5,20.85,4486020
1103,2021-11-09,20.3,20.45,20.25,20.35,524997
1103,2021-11-08,20.25,20.3,20.15,20.25,753930
1103,2021-11-05,20.2,20.3,20.1,20.25,445585
1103,2021-11-04,20.25,20.25,20.15,20.2,383774
1103,2021-11-03,20.3,20.3,20.05,20.15,535340
1103,2021-11-02,20.25,20.35,20.1,20.1,603869
1103,2021-11-01,20.25,20.3,20.2,20.25,419969
1103,2021-10-29,20.2,20.3,20.1,20.2,303004
1103,2021-10-28,20.2,20.3,20.15,20.25,256857
1103,2021-10-27,20.3,20.3,20.1,20.2,546749
1103,2021-10-26,20.25,20.4,20.25,20.4,913965
1103,2021-10-25,20.2,20.3,20.1,20.25,181842
1103,2021-10-22,20.4,20.4,20.05,20.2,467553
1103,2021-10-21,20.2,20.4,20.2,20.4,327731
1103,2021-10-20,20.5,20.5,20.25,20.3,488559
1103,2021-10-19,20.5,20.5,20.2,20.35,417658
1103,2021-10-18,20.4,20.45,20.25,20.35,187676
1103,2021-10-15,20.4,20.4,20.2,20.35,373746
1103,2021-10-14,20.3,20.35,20.1,20.3,392788
1103,2021-10-13,20.25,20.4,20.1,20.2,517439
1103,2021-10-12,20.35,20.35,19.9,20.1,915255
1103,2021-10-08,20.65,20.75,20.35,20.4,12409802
1103,2021-10-07,20.2,20.7,20.2,20.65,1005755
1103,2021-10-06,20.5,20.5,20.1,20.15,690016
1103,2021-10-05,20.25,20.35,20,20.35,475653
1103,2021-10-04,20.65,20.95,20.15,20.2,811847
1103,2021-10-01,21.2,21.2,20.6,20.6,702364
1103,2021-09-30,21.25,21.4,21.25,21.25,568943
1103,2021-09-29,21.3,21.4,21.1,21.15,810811
1103,2021-09-28,21.3,21.6,21.1,21.45,911291
1103,2021-09-27,20.8,22.3,20.7,21.4,4038213
1103,2021-09-24,20.85,21,20.8,20.8,362021
1103,2021-09-23,20.95,21.15,20.65,20.75,438742
1103,2021-09-22,20.9,20.9,20.5,20.65,860164
1103,2021-09-17,21.2,21.35,21,21.35,668979
1103,2021-09-16,21.4,21.4,21.05,21.2,409393
1103,2021-09-15,21.4,21.4,21.1,21.15,527272
1103,2021-09-14,21.25,21.5,21.05,21.4,1153975
1103,2021-09-13,20.15,21.4,20.15,21.25,2948028
1103,2021-09-10,20.3,20.35,19.95,20,2213232
1103,2021-09-09,20.3,20.35,20.15,20.2,707380
1103,2021-09-08,20.7,20.8,20.3,20.3,4062701
1103,2021-09-07,22.4,22.4,22.05,22.1,2634473
1103,2021-09-06,22.6,22.6,22.3,22.35,1967291
1103,2021-09-03,22.45,22.55,22.35,22.5,2625139
1103,2021-09-02,22.65,22.65,22.35,22.4,1636806
1103,2021-09-01,22.3,22.65,22.3,22.55,1998331
1103,2021-08-31,22.1,22.4,22,22.35,1505527
1103,2021-08-30,22.1,22.2,22.05,22.05,712149
1103,2021-08-27,21.7,22.1,21.7,22.05,708757
1103,2021-08-26,21.6,21.9,21.55,21.85,715557
1103,2021-08-25,21.35,21.65,21.35,21.6,554928
1103,2021-08-24,21.2,21.5,21.2,21.35,525792
1103,2021-08-23,20.95,21.3,20.95,21.2,509684
1103,2021-08-20,20.75,20.95,20.75,20.85,1036337
1103,2021-08-19,21.6,21.6,20.75,20.75,1012237
1103,2021-08-18,20.6,21.2,20.3,21.2,1159494
1103,2021-08-17,21.25,21.3,20.7,20.7,1322785
1103,2021-08-16,21.85,21.85,21.2,21.25,1570513
1103,2021-08-13,22.1,22.1,21.9,21.95,892303
1103,2021-08-12,22.1,22.15,22,22.15,383787
1103,2021-08-11,22.2,22.25,22,22.1,912788
1103,2021-08-10,22.3,22.3,22.1,22.2,926598
1103,2021-08-09,22.4,22.4,22.15,22.2,691549
1103,2021-08-06,22.35,22.35,22.25,22.35,557621
1103,2021-08-05,22.45,22.45,22.2,22.35,781586
1103,2021-08-04,22.45,22.6,22.35,22.4,2836857
1103,2021-08-03,22.45,22.6,22.35,22.4,1349450
1103,2021-08-02,22.45,22.55,22.2,22.5,644509
1103,2021-07-30,22.65,22.65,22.4,22.45,445627
1103,2021-07-29,22.6,22.7,22.5,22.7,477906
1103,2021-07-28,22.8,22.8,22.4,22.6,1024929
1103,2021-07-27,22.8,22.9,22.7,22.8,1003455
1103,2021-07-26,22.7,22.9,22.7,22.7,1126695
1103,2021-07-23,22.4,22.7,22.4,22.7,887990
1103,2021-07-22,22.4,22.7,22.3,22.4,808864
1103,2021-07-21,22.7,22.75,22.25,22.3,1347637
1103,2021-07-20,22.65,22.75,22.5,22.6,912649
1103,2021-07-19,22.4,22.75,22.4,22.7,701671
1103,2021-07-16,22.65,22.85,22.35,22.35,1770354
1103,2021-07-15,22.3,22.45,22.25,22.35,635035
1103,2021-07-14,22.65,22.65,22.1,22.25,1218223
1103,2021-07-13,23.05,23.05,22.5,22.55,1860443
1103,2021-07-12,23.4,23.45,22.9,22.9,1548461
1103,2021-07-09,23.8,23.8,23.2,23.25,2996053
1103,2021-07-08,22.8,24,22.75,24,5720538
1103,2021-07-07,22.75,22.8,22.6,22.8,662844
1103,2021-07-06,22.6,22.75,22.55,22.75,615999
1103,2021-07-05,22.8,22.8,22.5,22.6,842430
1103,2021-07-02,22.4,23,22.35,22.5,1973954
1103,2021-07-01,22.4,22.55,22.3,22.3,1000345
1103,2021-06-30,22.3,22.5,22.3,22.4,780129
1103,2021-06-29,22.4,22.4,22.2,22.25,729320
1103,2021-06-28,22.3,22.45,22.25,22.4,712815
1103,2021-06-25,22.4,22.45,22.25,22.35,932439
1103,2021-06-24,22.1,22.4,22.1,22.25,975376
1103,2021-06-23,21.75,22.3,21.75,22.05,2072859
1103,2021-06-22,21.8,22.1,21.75,21.9,932138
1103,2021-06-21,21.95,22.15,21.55,21.65,1134172
1103,2021-06-18,22.2,22.25,22,22,731028
1103,2021-06-17,22.1,22.25,22,22.2,491697
1103,2021-06-16,22.1,22.3,22.05,22.1,626151
1103,2021-06-15,22.25,22.25,22,22.1,438631
1103,2021-06-11,22.35,22.4,22.05,22.1,492985
1103,2021-06-10,22,22.25,21.8,22.25,817451
1103,2021-06-09,22.2,22.35,21.9,21.9,943064
1103,2021-06-08,22.25,22.35,22.2,22.25,397542
1103,2021-06-07,22.65,22.8,21.9,22.25,1280763
1103,2021-06-04,22.9,23.15,22.6,22.65,1178032
1103,2021-06-03,22.75,23.1,22.7,23,2153979
1103,2021-06-02,22.25,22.75,22,22.7,2605489
1103,2021-06-01,22.25,22.4,21.95,22.2,1378521
1103,2021-05-31,22.15,22.7,22.1,22.25,1188917
1103,2021-05-28,21.8,22.2,21.7,21.95,1695397
1103,2021-05-27,21.8,21.85,21.5,21.8,794129
1103,2021-05-26,21.6,22,21.35,21.85,1294157
1103,2021-05-25,21.8,21.9,21.45,21.55,1450730
1103,2021-05-24,21,21.9,21,21.6,1428207
1103,2021-05-21,21.6,21.8,21.2,21.7,1490764
1103,2021-05-20,21.15,21.5,20.95,21.2,1384864
1103,2021-05-19,21.3,21.65,20.9,21.45,1774529
1103,2021-05-18,19.95,21.35,19.95,21.3,3074367
1103,2021-05-17,19.9,20.7,19.5,19.75,4114325
1103,2021-05-14,21.6,22.2,20.95,21.45,4225796
1103,2021-05-13,21.8,22.7,21,21.55,6553391
1103,2021-05-12,23.95,24.3,22.1,22.9,6824785
1103,2021-05-11,25.3,26.25,24,24.45,8290690
1103,2021-05-10,24.8,25.45,24.3,25.35,4985028
1103,2021-05-07,25.6,25.65,24.55,24.8,3034505
1103,2021-05-06,24.9,25.75,24.4,25.1,7312900
1103,2021-05-05,24.45,25.2,23.75,24.55,5971304
1103,2021-05-04,25.2,25.7,23.5,24.15,5613651
1103,2021-05-03,26,26,25,25,5701066
1103,2021-04-29,26.65,26.7,26,26,4276988
1103,2021-04-28,26.4,26.65,25.9,26.65,6085039
1103,2021-04-27,26.8,26.85,26,26.1,7250139
1103,2021-04-26,26.7,27.1,26.15,26.75,7981599
1103,2021-04-23,27.65,27.85,25.95,26.7,14073202
1103,2021-04-22,27,28.15,26.3,27.25,28055680
1103,2021-04-21,23.5,25.95,23.5,25.6,16272571
1103,2021-04-20,25.05,25.9,23.95,24.6,13917605
1103,2021-04-19,24.1,24.8,24,24.7,9164017
1103,2021-04-16,22.95,24,22.9,23.85,6316158
1103,2021-04-15,22.45,23,22.45,22.95,5474550
1103,2021-04-14,22.85,22.85,21.7,22.4,5039420
1103,2021-04-13,22.15,22.65,22.05,22.05,6446745
1103,2021-04-12,21.65,21.95,21.6,21.9,4069983
1103,2021-04-09,22.3,22.3,21.55,21.65,2507624
1103,2021-04-08,21.35,22.05,21.25,21.9,3880138
1103,2021-04-07,21.4,21.5,21.15,21.3,2442094
1103,2021-04-06,21.3,21.55,21.15,21.4,3742720
1103,2021-04-01,21,21.55,20.95,21.15,6435641
1103,2021-03-31,20.8,20.9,20.15,20.85,6861586
1103,2021-03-30,19.9,20.6,19.85,20.5,11381920
1103,2021-03-29,19.15,19.3,19,19.25,2184291
1103,2021-03-26,18.7,19.2,18.7,19.1,3726147
1103,2021-03-25,18.6,18.8,18.55,18.65,988335
1103,2021-03-24,18.5,18.65,18.4,18.65,730647
1103,2021-03-23,18.65,18.65,18.45,18.5,1162422
1103,2021-03-22,18.7,18.85,18.45,18.65,5272945
1103,2021-03-19,17.85,18.15,17.8,18.15,1133780
1103,2021-03-18,17.95,18,17.75,17.85,608904
1103,2021-03-17,17.95,18,17.8,17.85,896966
1103,2021-03-16,17.9,18,17.9,17.9,397936
1103,2021-03-15,17.85,17.9,17.8,17.9,479702
1103,2021-03-12,18.1,18.1,17.85,17.95,435075
1103,2021-03-11,18.15,18.2,18,18.05,623122
1103,2021-03-10,18.15,18.2,17.95,18.1,640444
1103,2021-03-09,17.8,18.15,17.75,18.15,1650558
1103,2021-03-08,17.8,17.9,17.7,17.75,733584
1103,2021-03-05,17.65,17.7,17.55,17.7,425567
1103,2021-03-04,17.6,17.75,17.5,17.65,601997
1103,2021-03-03,17.6,17.8,17.5,17.65,757894
1103,2021-03-02,17.75,17.85,17.5,17.5,1277807
1103,2021-02-26,17.9,17.9,17.6,17.6,944343
1103,2021-02-25,17.75,18.1,17.7,17.95,1236280
1103,2021-02-24,17.65,17.85,17.55,17.65,831937
1103,2021-02-23,17.6,17.9,17.55,17.8,943946
1103,2021-02-22,17.35,17.65,17.25,17.6,1323569
1103,2021-02-19,17.3,17.3,17.05,17.15,596105
1103,2021-02-18,16.95,17.4,16.95,17.2,819672
1103,2021-02-17,16.85,17.1,16.75,16.9,791083
1103,2021-02-05,16.8,16.85,16.55,16.75,923578
1103,2021-02-04,16.7,16.8,16.7,16.7,251781
1103,2021-02-03,16.85,16.85,16.65,16.8,334162
1103,2021-02-02,16.5,16.95,16.5,16.85,750401
1103,2021-02-01,16.5,16.65,16.45,16.55,482024
1103,2021-01-29,16.6,16.65,16.5,16.5,664436
1103,2021-01-28,16.7,16.75,16.55,16.65,393712
1103,2021-01-27,16.9,16.9,16.7,16.75,387881
1103,2021-01-26,17,17,16.6,16.7,603969
1103,2021-01-25,16.8,17,16.65,17,504694
1103,2021-01-22,16.85,16.9,16.4,16.9,1325828
1103,2021-01-21,16.7,16.85,16.45,16.55,1270269
1103,2021-01-20,17,17.05,16.6,16.7,1738385
1103,2021-01-19,17.2,17.4,17.05,17.15,800446
1103,2021-01-18,17.2,17.25,16.8,17.2,1195869
1103,2021-01-15,17.8,17.85,17.2,17.2,1951624
1103,2021-01-14,18.15,18.15,17.75,17.8,1221860
1103,2021-01-13,18,18.2,17.8,18.2,1007672
1103,2021-01-12,18.4,18.4,17.9,18,1147417
1103,2021-01-11,18.4,18.7,18.25,18.4,529949
1103,2021-01-08,18.7,18.7,18.35,18.6,971357
1103,2021-01-07,18.75,18.8,18.6,18.7,624537
1103,2021-01-06,19.1,19.1,18.5,18.75,1446704
1103,2021-01-05,19.2,19.3,19,19,609695
1103,2021-01-04,19.15,19.2,18.85,19.2,1285646
1103,2022-12-30,17.5,17.5,17.4,17.4,54327
1103,2022-12-29,17.6,17.6,17.35,17.4,80336
1103,2022-12-28,17.4,17.65,17.35,17.55,102005
1103,2022-12-27,17.55,17.65,17.5,17.65,112600
1103,2022-12-26,17.35,17.65,17.35,17.55,125524
1103,2022-12-23,17.5,17.5,17.35,17.5,92202
1103,2022-12-22,17.55,17.6,17.45,17.6,99676
1103,2022-12-21,17.5,17.5,17.25,17.45,224539
1103,2022-12-20,17.45,17.6,17.25,17.6,128360
1103,2022-12-19,17.35,17.5,17.3,17.5,172056
1103,2022-12-16,17.4,17.45,17.35,17.35,223953
1103,2022-12-15,17.65,17.7,17.5,17.7,109167
1103,2022-12-14,17.7,17.7,17.3,17.7,143223
1103,2022-12-13,17.7,17.75,17.5,17.5,120777
1103,2022-12-12,17.35,17.65,17.35,17.65,81489
1103,2022-12-09,17.75,17.75,17.35,17.75,177441
1103,2022-12-08,17.75,17.95,17.6,17.7,183202
1103,2022-12-07,18.05,18.1,17.7,17.95,181245
1103,2022-12-06,18.35,18.35,18,18.05,204989
1103,2022-12-05,18.05,18.5,17.9,18.4,367679
1103,2022-12-02,17.95,18.2,17.95,18.05,297162
1103,2022-12-01,17.8,17.95,17.7,17.85,269464
1103,2022-11-30,17.45,17.9,17.4,17.75,365370
1103,2022-11-29,17.4,17.4,17.2,17.4,141823
1103,2022-11-28,17.3,17.3,17.1,17.2,159606
1103,2022-11-25,17.4,17.4,17.35,17.35,106827
1103,2022-11-24,17.3,17.45,17.3,17.45,197756
1103,2022-11-23,17.4,17.4,17.15,17.25,93023
1103,2022-11-22,17.15,17.25,17,17.2,79148
1103,2022-11-21,17.15,17.25,17,17.2,101929
1103,2022-11-18,17.1,17.3,16.95,17.15,142058
1103,2022-11-17,16.85,17.2,16.85,17.15,137933
1103,2022-11-16,17.85,17.85,16.9,16.9,454946
1103,2022-11-15,16.65,17.4,16.65,17.4,302797
1103,2022-11-14,16.5,16.8,16.45,16.8,412913
1103,2022-11-11,16.6,16.7,16.5,16.55,1219166
1103,2022-11-10,16.25,16.35,16.25,16.35,162357
1103,2022-11-09,16.15,16.35,16.1,16.3,250898
1103,2022-11-08,16.1,16.2,16.05,16.15,210880
1103,2022-11-07,16.1,16.1,15.95,16.1,97142
1103,2022-11-04,15.8,16.1,15.8,16.1,110847
1103,2022-11-03,15.95,15.95,15.85,15.95,83525
1103,2022-11-02,16.1,16.1,15.9,16.05,117812
1103,2022-11-01,15.85,16.15,15.85,16.1,108640
1103,2022-10-31,16.05,16.05,15.85,15.85,95762
1103,2022-10-28,16.15,16.2,15.9,15.9,89516
1103,2022-10-27,15.9,16.1,15.9,16.05,102774
1103,2022-10-26,15.75,16,15.7,15.85,145249
1103,2022-10-25,15.8,15.95,15.75,15.8,226704
1103,2022-10-24,16.15,16.3,15.75,15.75,422430
1103,2022-10-21,16,16.1,15.95,16.1,184490
1103,2022-10-20,16.15,16.35,15.95,16.1,348398
1103,2022-10-19,16.2,16.4,16.1,16.25,241711
1103,2022-10-18,16.2,16.55,16.1,16.4,250814
1103,2022-10-17,16.25,16.3,16,16,240677
1103,2022-10-14,16.55,16.6,16.25,16.25,198020
1103,2022-10-13,16.85,16.85,16.15,16.25,287036
1103,2022-10-12,16.7,16.85,16.55,16.85,100273
1103,2022-10-11,16.5,17.15,16.5,16.7,191426
1103,2022-10-07,16.8,17.1,16.8,17.05,105824
1103,2022-10-06,17.05,17.1,16.9,17.05,131235
1103,2022-10-05,16.9,17,16.85,17,202053
1103,2022-10-04,16.9,16.9,16.7,16.9,113854
1103,2022-10-03,16.75,17,16.65,16.7,171084
1103,2022-09-30,16.8,17,16.65,16.9,186854
1103,2022-09-29,16.85,16.95,16.75,16.95,272367
1103,2022-09-28,17.4,17.4,16.65,16.85,506916
1103,2022-09-27,17.4,17.5,17.2,17.4,203389
1103,2022-09-26,17.55,17.65,17.25,17.4,305718
1103,2022-09-23,17.8,17.85,17.7,17.8,194393
1103,2022-09-22,17.65,17.85,17.35,17.85,276681
1103,2022-09-21,17.85,17.85,17.65,17.8,153171
1103,2022-09-20,17.8,17.9,17.8,17.85,111429
1103,2022-09-19,17.9,17.95,17.75,17.85,90188
1103,2022-09-16,17.7,17.85,17.7,17.8,122443
1103,2022-09-15,17.7,17.9,17.7,17.9,128667
1103,2022-09-14,17.65,17.8,17.65,17.8,472650
1103,2022-09-13,17.9,17.9,17.8,17.9,102800
1103,2022-09-12,18.05,18.05,17.7,17.9,125015
1103,2022-09-08,17.85,17.9,17.8,17.85,92435
1103,2022-09-07,17.85,17.9,17.6,17.85,340253
1103,2022-09-06,17.95,18,17.85,17.95,162778
1103,2022-09-05,17.95,18,17.9,17.95,158612
1103,2022-09-02,18,18,17.9,17.95,148297
1103,2022-09-01,18.1,18.2,17.75,18,282712
1103,2022-08-31,17.95,18.15,17.75,18.15,313417
1103,2022-08-30,17.7,17.9,17.7,17.9,162362
1103,2022-08-29,17.85,17.9,17.7,17.75,276081
1103,2022-08-26,17.85,18.05,17.85,18.05,354408
1103,2022-08-25,17.8,17.9,17.75,17.85,128132
1103,2022-08-24,17.7,17.85,17.7,17.8,106334
1103,2022-08-23,17.6,17.8,17.6,17.7,145990
1103,2022-08-22,17.65,17.7,17.65,17.7,187195
1103,2022-08-19,17.65,17.8,17.65,17.7,209516
1103,2022-08-18,17.7,17.75,17.6,17.7,185847
1103,2022-08-17,17.65,17.85,17.65,17.7,274710
1103,2022-08-16,17.75,17.75,17.6,17.6,137234
1103,2022-08-15,17.65,17.75,17.6,17.75,149384
1103,2022-08-12,17.7,17.75,17.65,17.75,199032
1103,2022-08-11,17.7,17.85,17.65,17.75,330760
1103,2022-08-10,17.55,17.8,17.55,17.8,80430
1103,2022-08-09,17.65,17.9,17.65,17.8,156948
1103,2022-08-08,17.6,17.75,17.5,17.65,178682
1103,2022-08-05,17.45,17.65,17.45,17.55,382323
1103,2022-08-04,17.4,17.4,17.05,17.3,355425
1103,2022-08-03,17.95,18.05,17.85,17.9,349515
1103,2022-08-02,18.1,18.15,18,18,1402519
1103,2022-08-01,18.25,18.3,18.1,18.2,215709
1103,2022-07-29,18.05,18.25,18,18.25,304825
1103,2022-07-28,18,18.1,17.95,18,335657
1103,2022-07-27,17.95,18,17.9,17.95,97570
1103,2022-07-26,17.95,17.95,17.85,17.95,98494
1103,2022-07-25,17.8,18,17.8,17.9,112657
1103,2022-07-22,17.85,17.9,17.85,17.9,140495
1103,2022-07-21,17.9,17.95,17.8,17.95,193075
1103,2022-07-20,18.05,18.05,17.85,17.9,284139
1103,2022-07-19,17.8,18,17.75,18,297070
1103,2022-07-18,17.8,18,17.7,17.75,529897
1103,2022-07-15,17.9,18,17.8,17.8,216578
1103,2022-07-14,17.9,18.05,17.9,18,108638
1103,2022-07-13,17.85,18.1,17.85,18.1,595849
1103,2022-07-12,17.7,17.95,17.6,17.75,373081
1103,2022-07-11,17.85,18,17.7,17.75,225495
1103,2022-07-08,17.85,18,17.75,17.85,127216
1103,2022-07-07,17.9,18,17.65,17.85,251112
1103,2022-07-06,17.9,17.9,17.7,17.75,327473
1103,2022-07-05,18.05,18.15,17.85,18,278799
1103,2022-07-04,18.05,18.2,17.75,17.95,319643
1103,2022-07-01,18.15,18.25,17.85,17.95,411690
1103,2022-06-30,17.95,18.1,17.75,18.1,519734
1103,2022-06-29,17.95,18.25,17.95,18.05,152262
1103,2022-06-28,18.3,18.35,18.2,18.3,113399
1103,2022-06-27,18.4,18.55,18.35,18.45,334676
1103,2022-06-24,18.15,18.6,18.15,18.4,498052
1103,2022-06-23,18.1,18.2,17.75,18.1,424504
1103,2022-06-22,18.1,18.1,17.7,17.8,412834
1103,2022-06-21,18.3,18.4,17.9,18.1,455528
1103,2022-06-20,18.1,18.15,17.7,17.75,269712
1103,2022-06-17,18.2,18.4,17.9,18.1,406855
1103,2022-06-16,18.6,18.6,18.1,18.2,135994
1103,2022-06-15,18.25,18.55,18.25,18.35,331872
1103,2022-06-14,18.3,18.3,18,18.2,241460
1103,2022-06-13,18.15,18.3,18.05,18.25,421324
1103,2022-06-10,18.5,18.65,18.5,18.55,380171
1103,2022-06-09,18.5,18.8,18.5,18.75,93858
1103,2022-06-08,18.8,18.8,18.55,18.6,164085
1103,2022-06-07,18.7,18.7,18.55,18.55,242751
1103,2022-06-06,18.95,18.95,18.7,18.85,189865
1103,2022-06-02,18.8,18.95,18.55,18.75,283108
1103,2022-06-01,18.9,18.9,18.75,18.8,136434
1103,2022-05-31,18.85,18.85,18.65,18.75,210922
1103,2022-05-30,18.8,18.9,18.75,18.8,337078
1103,2022-05-27,18.6,18.8,18.55,18.7,287297
1103,2022-05-26,18.25,18.6,18.25,18.45,138669
1103,2022-05-25,18.2,18.3,18.1,18.25,388847
1103,2022-05-24,18.1,18.25,18.1,18.1,246979
1103,2022-05-23,18.35,18.35,18.05,18.15,317867
1103,2022-05-20,17.9,18.1,17.9,18,184406
1103,2022-05-19,17.85,18,17.75,17.9,391528
1103,2022-05-18,17.9,18.5,17.9,18.2,578383
1103,2022-05-17,17.85,18.1,17.85,17.95,255503
1103,2022-05-16,17.9,17.95,17.7,17.95,400000
1103,2022-05-13,17.75,17.9,17.6,17.8,772806
1103,2022-05-12,18.3,18.35,17.6,17.7,1509656
1103,2022-05-11,18.7,18.85,18.55,18.55,910624
1103,2022-05-10,18.85,19,18.6,19,335640
1103,2022-05-09,19.25,19.45,18.95,19,755820
1103,2022-05-06,19.55,19.55,19.35,19.55,573187
1103,2022-05-05,19.95,20.05,19.7,19.7,506792
1103,2022-05-04,19.6,20.05,19.6,19.85,689592
1103,2022-05-03,19.9,20.05,19.6,19.85,429847
1103,2022-04-29,19.85,20.05,19.8,19.85,486241
1103,2022-04-28,19.65,20.05,19.65,19.85,389348
1103,2022-04-27,19.8,20,19.5,19.65,789424
1103,2022-04-26,19.95,20.1,19.95,20,344124
1103,2022-04-25,20,20.15,19.9,19.95,824199
1103,2022-04-22,20.15,20.3,20,20.1,537647
1103,2022-04-21,20.2,20.35,20.2,20.2,298381
1103,2022-04-20,20.15,20.4,20.1,20.2,340034
1103,2022-04-19,20.2,20.3,20.2,20.3,268917
1103,2022-04-18,20.2,20.3,20.05,20.1,589840
1103,2022-04-15,20.4,20.45,20.25,20.25,467222
1103,2022-04-14,20.4,20.5,20.4,20.45,215283
1103,2022-04-13,20.35,20.5,20.3,20.4,552166
1103,2022-04-12,20.5,20.55,20.25,20.4,432657
1103,2022-04-11,20.7,20.95,20.45,20.45,539822
1103,2022-04-08,20.6,20.7,20.55,20.65,480867
1103,2022-04-07,20.75,20.8,20.5,20.55,596443
1103,2022-04-06,20.75,20.9,20.65,20.8,456367
1103,2022-04-01,20.95,21.05,20.85,20.9,454431
1103,2022-03-31,20.8,21.05,20.8,20.95,827687
1103,2022-03-30,20.7,20.85,20.55,20.85,459599
1103,2022-03-29,20.55,20.65,20.5,20.5,330254
1103,2022-03-28,20.6,20.65,20.45,20.55,449516
1103,2022-03-25,20.6,20.8,20.6,20.75,322444
1103,2022-03-24,20.6,20.75,20.55,20.6,680049
1103,2022-03-23,20.8,20.8,20.6,20.75,908449
1103,2022-03-22,20.9,20.9,20.75,20.85,233663
1103,2022-03-21,21,21.1,20.8,20.85,849271
1103,2022-03-18,20.5,20.95,20.5,20.95,889800
1103,2022-03-17,20.35,20.55,20.35,20.45,369037
1103,2022-03-16,20.1,20.2,20,20.2,329351
1103,2022-03-15,20.25,20.25,20,20.1,800233
1103,2022-03-14,20.35,20.4,20.25,20.35,261283
1103,2022-03-11,20.45,20.6,20.2,20.2,549931
1103,2022-03-10,20.4,20.65,20.4,20.45,365518
1103,2022-03-09,20.05,20.3,20.05,20.3,462597
1103,2022-03-08,20.05,20.3,19.95,19.95,860566
1103,2022-03-07,20.7,20.7,20.1,20.25,1154492
1103,2022-03-04,21,21.1,20.8,20.8,837733
1103,2022-03-03,21.4,21.4,21.2,21.3,508975
1103,2022-03-02,21.2,21.4,21,21.2,820066
1103,2022-03-01,21.2,21.3,21,21.2,1090854
1103,2022-02-25,20.85,21,20.65,20.9,826207
1103,2022-02-24,20.85,21.55,20.7,20.8,1926493
1103,2022-02-23,20.95,21.1,20.8,21.05,808571
1103,2022-02-22,20.95,21.05,20.6,20.7,679383
1103,2022-02-21,21.2,21.45,20.95,21.05,1262655
1103,2022-02-18,20.5,21.4,20.5,21.05,1898308
1103,2022-02-17,20.25,21.4,20.2,20.65,2721643
1103,2022-02-16,20.15,20.25,20.15,20.2,227508
1103,2022-02-15,20.1,20.15,20.05,20.05,374043
1103,2022-02-14,20.1,20.2,20,20.1,419658
1103,2022-02-11,20.2,20.3,20.15,20.2,291169
1103,2022-02-10,20.3,20.4,20.25,20.25,273547
1103,2022-02-09,20.25,20.5,20.25,20.4,459210
1103,2022-02-08,20.25,20.3,20.15,20.25,391484
1103,2022-02-07,19.95,20.35,19.95,20.25,488720
1103,2022-01-26,19.9,20,19.85,19.9,560114
1103,2022-01-25,19.95,20.05,19.9,19.9,581557
1103,2022-01-24,20.1,20.1,19.9,20.05,555536
1103,2022-01-21,20.1,20.3,20.05,20.1,544279
1103,2022-01-20,20.15,20.3,20.15,20.2,117790
1103,2022-01-19,20.2,20.25,20.15,20.15,416080
1103,2022-01-18,20.2,20.3,20.2,20.2,229200
1103,2022-01-17,20.2,20.3,20.15,20.2,462491
1103,2022-01-14,20.5,20.5,20.2,20.3,503122
1103,2022-01-13,20.2,20.45,20.2,20.3,286489
1103,2022-01-12,20.25,20.4,20.2,20.25,385476
1103,2022-01-11,20.35,20.35,20.25,20.3,383796
1103,2022-01-10,20.35,20.5,20.3,20.35,204201
1103,2022-01-07,20.5,20.55,20.3,20.35,333852
1103,2022-01-06,20.4,20.5,20.4,20.45,163082
1103,2022-01-05,20.4,20.5,20.4,20.4,359182
1103,2022-01-04,20.65,20.65,20.5,20.55,325546
1103,2022-01-03,20.75,20.75,20.55,20.7,274736
1103,2023-12-29,19.1,19.15,18.95,19.05,129596
1103,2023-12-28,19,19.15,18.9,19.15,210769
1103,2023-12-27,19,19.05,18.9,19.05,196523
1103,2023-12-26,18.85,19.05,18.8,19.05,122997
1103,2023-12-25,18.9,19,18.8,18.9,218468
1103,2023-12-22,18.95,18.95,18.8,18.9,145685
1103,2023-12-21,19,19,18.85,18.9,94625
1103,2023-12-20,18.95,19.05,18.9,19,89923
1103,2023-12-19,19.05,19.1,18.8,18.95,183873
1103,2023-12-18,19.1,19.15,19.05,19.05,166992
1103,2023-12-15,19.1,19.2,19,19.15,186988
1103,2023-12-14,18.85,19.15,18.85,19.1,387754
1103,2023-12-13,19.05,19.05,18.95,18.95,171788
1103,2023-12-12,19.1,19.15,19,19.15,131037
1103,2023-12-11,19.2,19.2,19,19.2,468122
1103,2023-12-08,19.2,19.2,19.05,19.2,196600
1103,2023-12-07,19.05,19.2,19.05,19.1,132308
1103,2023-12-06,19.05,19.25,19.05,19.2,130131
1103,2023-12-05,19.05,19.2,19.05,19.15,192410
1103,2023-12-04,19.3,19.3,19.1,19.15,314676
1103,2023-12-01,19.2,19.3,19.2,19.3,222552
1103,2023-11-30,19.1,19.4,18.95,19.35,845749
1103,2023-11-29,19.05,19.1,19,19.1,240117
1103,2023-11-28,19.05,19.3,18.9,19.05,529917
1103,2023-11-27,19.05,19.05,18.85,18.95,164162
1103,2023-11-24,19.1,19.1,18.8,18.95,246297
1103,2023-11-23,19,19.05,18.9,19.05,157885
1103,2023-11-22,19.1,19.1,19,19,139559
1103,2023-11-21,19,19.1,18.9,19.1,290264
1103,2023-11-20,18.9,19.2,18.9,18.95,241289
1103,2023-11-17,18.75,19.15,18.7,19,384578
1103,2023-11-16,18.7,18.8,18.6,18.75,245495
1103,2023-11-15,18.3,18.65,18.3,18.6,366943
1103,2023-11-14,18.3,18.4,18.25,18.25,172215
1103,2023-11-13,18.35,18.45,18.2,18.35,268098
1103,2023-11-10,18.35,18.35,18.2,18.3,82068
1103,2023-11-09,18.3,18.4,18.2,18.4,135093
1103,2023-11-08,18.4,18.4,18.2,18.3,182210
1103,2023-11-07,18.5,18.5,18.25,18.3,168192
1103,2023-11-06,18.15,18.45,18.15,18.4,295069
1103,2023-11-03,18.05,18.15,18.05,18.15,209494
1103,2023-11-02,18,18.05,17.9,17.95,186465
1103,2023-11-01,17.85,17.9,17.8,17.9,154231
1103,2023-10-31,17.95,18,17.8,17.8,168847
1103,2023-10-30,18.05,18.05,17.8,17.9,153636
1103,2023-10-27,17.9,18,17.9,17.9,116704
1103,2023-10-26,17.85,18,17.85,17.9,112134
1103,2023-10-25,17.85,18.1,17.85,18,143531
1103,2023-10-24,17.95,17.95,17.8,17.85,163484
1103,2023-10-23,17.8,18.1,17.75,17.95,197891
1103,2023-10-20,18.05,18.05,17.75,17.9,376680
1103,2023-10-19,18.1,18.25,18.05,18.1,172242
1103,2023-10-18,18.3,18.3,18.1,18.15,278121
1103,2023-10-17,18.45,18.45,18.2,18.2,235080
1103,2023-10-16,18.4,18.4,18.25,18.3,163423
1103,2023-10-13,18.3,18.5,18.25,18.4,177591
1103,2023-10-12,18.3,18.45,18.15,18.35,443864
1103,2023-10-11,18.4,18.5,18.3,18.35,290628
1103,2023-10-06,18.65,18.65,18.35,18.4,144187
1103,2023-10-05,18.35,18.5,18.3,18.35,123103
1103,2023-10-04,18.5,18.5,18.3,18.35,327325
1103,2023-10-03,18.6,18.8,18.35,18.55,395209
1103,2023-10-02,18.55,18.7,18.5,18.65,284674
1103,2023-09-28,18.8,18.8,18.55,18.55,150560
1103,2023-09-27,18.55,18.7,18.45,18.5,239382
1103,2023-09-26,18.55,18.65,18.5,18.5,217551
1103,2023-09-25,18.6,18.8,18.6,18.65,198672
1103,2023-09-22,18.65,18.75,18.5,18.55,239591
1103,2023-09-21,18.8,18.8,18.6,18.65,338039
1103,2023-09-20,19,19,18.75,18.75,318454
1103,2023-09-19,19.3,19.3,18.9,18.95,468353
1103,2023-09-18,19.3,19.55,19,19.2,1182334
1103,2023-09-15,18.9,19.6,18.8,19.6,1015378
1103,2023-09-14,18.8,18.95,18.7,18.95,815373
1103,2023-09-13,18.7,18.8,18.65,18.8,268247
1103,2023-09-12,18.4,18.7,18.4,18.7,410504
1103,2023-09-11,18.75,18.75,18.35,18.4,358699
1103,2023-09-08,18.5,18.65,18.45,18.5,248985
1103,2023-09-07,18.5,18.65,18.5,18.55,295909
1103,2023-09-06,18.95,19.2,18.55,18.55,615509
1103,2023-09-05,18.9,18.95,18.8,18.85,284633
1103,2023-09-04,18.95,19,18.75,18.9,488964
1103,2023-09-01,18.8,19.15,18.7,19,609052
1103,2023-08-31,18.55,18.8,18.45,18.8,555811
1103,2023-08-30,18.65,18.85,18.45,18.65,372280
1103,2023-08-29,18.5,18.55,18.35,18.55,357432
1103,2023-08-28,18.7,18.7,18.45,18.45,458663
1103,2023-08-25,18.6,18.85,18.55,18.65,380185
1103,2023-08-24,18.65,18.85,18.5,18.6,386153
1103,2023-08-23,18.55,18.9,18.55,18.6,400033
1103,2023-08-22,18.95,18.95,18.4,18.5,663149
1103,2023-08-21,19,19,18.65,18.9,562122
1103,2023-08-18,19.1,19.25,18.95,19.1,324670
1103,2023-08-17,18.85,19.25,18.7,19.1,392715
1103,2023-08-16,19,19.05,18.8,18.9,674061
1103,2023-08-15,19.25,19.4,19.1,19.15,271421
1103,2023-08-14,19.9,19.9,19.05,19.2,764454
1103,2023-08-11,19.9,20.1,19.75,19.9,393344
1103,2023-08-10,20.3,20.3,19.75,19.85,1000232
1103,2023-08-09,20.45,20.5,20.15,20.25,759988
1103,2023-08-08,20.85,20.9,20.5,20.6,659679
1103,2023-08-07,20.75,20.95,20.7,20.85,329872
1103,2023-08-04,20.8,20.85,20.7,20.75,304359
1103,2023-08-02,20.85,21.1,20.7,20.7,662885
1103,2023-08-01,20.95,21,20.8,21,434618
1103,2023-07-31,21.05,21.15,20.85,20.85,434007
1103,2023-07-28,20.9,21,20.75,21,401056
1103,2023-07-27,20.7,21.1,20.65,21.05,611124
1103,2023-07-26,21.45,21.55,21.1,21.35,1377375
1103,2023-07-25,21,21.4,20.95,21.3,804550
1103,2023-07-24,21.2,21.2,20.9,20.95,632115
1103,2023-07-21,21.25,21.4,21.15,21.2,398110
1103,2023-07-20,21.2,21.4,21.1,21.3,466545
1103,2023-07-19,21.35,21.4,21.1,21.15,702260
1103,2023-07-18,21.4,21.55,21.3,21.35,675160
1103,2023-07-17,21.25,21.5,21.15,21.4,716343
1103,2023-07-14,21.45,21.45,21.15,21.25,424577
1103,2023-07-13,21.4,21.5,21.15,21.25,888496
1103,2023-07-12,21.55,21.8,21.35,21.45,583867
1103,2023-07-11,21.5,21.7,21.3,21.6,1461953
1103,2023-07-10,20.85,21.15,20.75,20.75,605684
1103,2023-07-07,21.25,21.3,20.9,21,990964
1103,2023-07-06,21.45,21.55,21.25,21.35,779315
1103,2023-07-05,21.5,21.8,21.5,21.65,648091
1103,2023-07-04,21.8,21.9,21.4,21.5,1016629
1103,2023-07-03,21.6,21.9,21.55,21.8,917750
1103,2023-06-30,21.4,21.5,21.3,21.5,746510
1103,2023-06-29,21.55,21.75,21.4,21.4,653869
1103,2023-06-28,21.5,21.75,21.35,21.55,865848
1103,2023-06-27,21.8,21.8,21.2,21.35,1453854
1103,2023-06-26,22.8,22.8,21.8,21.8,3421256
1103,2023-06-21,23.1,23.25,22.4,22.85,6321280
1103,2023-06-20,23.25,23.8,23,23.35,13324767
1103,2023-06-19,21.4,22.75,21.3,22.65,6035470
1103,2023-06-16,20.95,21.7,20.95,21.55,3490566
1103,2023-06-15,21.1,21.3,20.9,21.05,1361444
1103,2023-06-14,20.6,21.1,20.6,20.9,1907238
1103,2023-06-13,20.7,20.7,20.5,20.6,389109
1103,2023-06-12,20.75,20.75,20.5,20.5,484453
1103,2023-06-09,20.7,20.75,20.6,20.65,393269
1103,2023-06-08,20.8,20.9,20.6,20.65,786616
1103,2023-06-07,20.7,20.85,20.6,20.8,935331
1103,2023-06-06,20.55,20.7,20.5,20.65,617162
1103,2023-06-05,20.5,20.7,20.5,20.55,611316
1103,2023-06-02,20.5,20.65,20.45,20.5,623079
1103,2023-06-01,20.9,20.95,20.4,20.5,1509647
1103,2023-05-31,20.05,21,20.05,20.9,4722484
1103,2023-05-30,20.25,20.25,19.8,20,354350
1103,2023-05-29,19.85,20,19.8,19.95,361527
1103,2023-05-26,20,20,19.8,19.85,451947
1103,2023-05-25,20.2,20.2,20,20,221183
1103,2023-05-24,20,20.3,20,20.2,398663
1103,2023-05-23,20,20.3,20,20.1,313411
1103,2023-05-22,19.95,20.1,19.9,20.1,345973
1103,2023-05-19,20,20.3,19.95,20,529219
1103,2023-05-18,20.1,20.2,20,20,303947
1103,2023-05-17,19.8,20.25,19.8,20.2,814319
1103,2023-05-16,19.65,19.9,19.65,19.9,296444
1103,2023-05-15,19.75,19.75,19.55,19.65,287582
1103,2023-05-12,19.8,19.85,19.7,19.8,376776
1103,2023-05-11,20.1,20.1,19.75,19.8,461589
1103,2023-05-10,20,20.1,19.9,20.1,272450
1103,2023-05-09,20.45,20.45,20,20,583894
1103,2023-05-08,20.4,20.5,20.3,20.35,740083
1103,2023-05-05,20.2,20.3,20.1,20.15,375930
1103,2023-05-04,20.25,20.45,19.9,20.2,403673
1103,2023-05-03,20.2,20.5,20.05,20.2,894702
1103,2023-05-02,20.1,20.75,20,20.2,1239044
1103,2023-04-28,20.1,20.1,19.85,20.05,575401
1103,2023-04-27,20.25,20.25,19.9,20,552905
1103,2023-04-26,20,20.4,20,20.15,982780
1103,2023-04-25,20.6,20.7,19.85,19.9,1429517
1103,2023-04-24,20.1,20.7,20.1,20.6,3514066
1103,2023-04-21,19.6,20.8,19.6,19.95,2212668
1103,2023-04-20,19.7,19.8,19.55,19.7,342200
1103,2023-04-19,19.85,19.95,19.7,19.75,632958
1103,2023-04-18,19.95,19.95,19.6,19.7,524120
1103,2023-04-17,19.35,20.25,19.35,19.85,1801466
1103,2023-04-14,19.25,19.35,19.2,19.35,539960
1103,2023-04-13,19.2,19.3,19.05,19.2,583310
1103,2023-04-12,18.9,19.1,18.9,19.05,331792
1103,2023-04-11,18.85,19,18.85,18.9,184289
1103,2023-04-10,18.85,18.85,18.7,18.85,148760
1103,2023-04-07,18.95,18.95,18.75,18.8,85548
1103,2023-04-06,18.95,19,18.8,18.85,115302
1103,2023-03-31,18.95,19,18.8,18.95,175654
1103,2023-03-30,18.9,19.05,18.85,18.95,199420
1103,2023-03-29,18.7,18.9,18.7,18.9,106246
1103,2023-03-28,19.05,19.1,18.75,18.85,218799
1103,2023-03-27,19.25,19.25,19,19.05,194065
1103,2023-03-24,18.95,19.35,18.95,19.25,567409
1103,2023-03-23,18.75,18.95,18.75,18.9,199117
1103,2023-03-22,18.8,18.85,18.75,18.75,206907
1103,2023-03-21,18.85,18.85,18.55,18.7,196533
1103,2023-03-20,18.7,18.9,18.6,18.8,204068
1103,2023-03-17,18.5,18.75,18.25,18.75,478889
1103,2023-03-16,18.7,18.7,18.4,18.5,354765
1103,2023-03-15,18.9,18.95,18.75,18.8,385316
1103,2023-03-14,19,19,18.85,18.9,227152
1103,2023-03-13,18.8,19.15,18.4,19.15,653672
1103,2023-03-10,19.1,19.1,18.75,18.8,1036574
1103,2023-03-09,19.5,19.5,19.15,19.25,910917
1103,2023-03-08,19.7,19.7,19.45,19.5,604120
1103,2023-03-07,19.8,19.8,19.65,19.7,363218
1103,2023-03-06,19.8,19.8,19.65,19.7,661549
1103,2023-03-03,20.1,20.1,19.65,19.75,943471
1103,2023-03-02,19.8,19.95,19.7,19.7,1021085
1103,2023-03-01,20.4,20.4,19.7,19.7,1658786
1103,2023-02-24,20.95,20.95,20.25,20.4,1491982
1103,2023-02-23,20.9,21.05,20.7,20.85,2217613
1103,2023-02-22,20.4,21.1,20.25,20.75,3187965
1103,2023-02-21,21.25,21.3,20.7,20.8,4690285
1103,2023-02-20,19.8,21.3,19.65,21.15,5477113
1103,2023-02-17,19.65,19.75,19.5,19.75,560391
1103,2023-02-16,19,19.75,18.95,19.75,1113781
1103,2023-02-15,18.75,18.95,18.7,18.9,501685
1103,2023-02-14,18.55,18.75,18.55,18.75,421866
1103,2023-02-13,18.55,18.55,18.4,18.55,269300
1103,2023-02-10,18.5,18.55,18.4,18.55,154329
1103,2023-02-09,18.3,18.55,18.3,18.55,138910
1103,2023-02-08,18.45,18.5,18.35,18.5,170248
1103,2023-02-07,18.5,18.55,18.35,18.45,244289
1103,2023-02-06,18.3,18.55,18.3,18.5,221123
1103,2023-02-03,18.2,18.45,18.15,18.45,322829
1103,2023-02-02,18.2,18.3,18.15,18.3,200731
1103,2023-02-01,18.05,18.25,18.05,18.25,149656
1103,2023-01-31,18.1,18.15,18.05,18.15,219800
1103,2023-01-30,17.95,18.15,17.9,18.05,317524
1103,2023-01-17,18,18,17.85,17.95,96415
1103,2023-01-16,17.95,18,17.9,18,245098
1103,2023-01-13,17.8,17.95,17.8,17.95,292734
1103,2023-01-12,17.9,17.9,17.75,17.8,418433
1103,2023-01-11,17.85,17.9,17.7,17.8,267023
1103,2023-01-10,17.75,17.8,17.65,17.8,117048
1103,2023-01-09,17.6,17.75,17.55,17.75,153367
1103,2023-01-06,17.65,17.65,17.45,17.6,107828
1103,2023-01-05,17.55,17.7,17.5,17.55,159171
1103,2023-01-04,17.35,17.5,17.35,17.5,53241
1103,2023-01-03,17.3,17.35,17.25,17.35,88117
1103,2024-05-22,18.4,18.5,18.35,18.4,412506
1103,2024-05-21,18.55,18.55,18.25,18.3,464721
1103,2024-05-20,18.45,18.6,18.4,18.55,448656
1103,2024-05-17,18.5,18.5,18.4,18.45,311617
1103,2024-05-16,18.5,18.55,18.35,18.5,646696
1103,2024-05-15,18.4,18.4,18.2,18.25,443557
1103,2024-05-14,18.55,18.55,18.25,18.3,362088
1103,2024-05-13,18.3,18.5,18.25,18.35,475436
1103,2024-05-10,18.2,18.3,18.05,18.3,369151
1103,2024-05-09,18.4,18.4,18.2,18.2,342384
1103,2024-05-08,18.4,18.4,18.25,18.35,425555
1103,2024-05-07,18.6,18.65,18.25,18.4,678505
1103,2024-05-06,18.7,18.75,18.5,18.5,786156
1103,2024-05-03,18.7,18.75,18.5,18.55,972087
1103,2024-05-02,18.4,18.95,18.4,18.85,1793216
1103,2024-04-30,18.6,18.6,18.2,18.4,1097102
1103,2024-04-29,17.9,18.9,17.9,18.75,4861552
1103,2024-04-26,17.85,17.95,17.85,17.9,459094
1103,2024-04-25,17.8,17.95,17.75,17.85,280109
1103,2024-04-24,17.75,17.95,17.75,17.8,401728
1103,2024-04-23,17.8,18,17.75,17.9,302246
1103,2024-04-22,17.75,18,17.7,17.8,775507
1103,2024-04-19,17.85,17.9,17.3,17.55,467664
1103,2024-04-18,17.4,17.8,17.4,17.8,403536
1103,2024-04-17,17.25,17.6,17.2,17.45,256333
1103,2024-04-16,17.6,17.6,17.3,17.3,529211
1103,2024-04-15,17.7,17.8,17.55,17.6,408005
1103,2024-04-12,17.6,17.7,17.5,17.55,367175
1103,2024-04-11,17.9,17.9,17.7,17.75,335595
1103,2024-04-10,17.65,18,17.65,17.85,572844
1103,2024-04-09,17.55,17.7,17.45,17.65,407659
1103,2024-04-08,17.7,17.7,17.45,17.55,429813
1103,2024-04-03,17.65,18.2,17.4,17.45,1082180
1103,2024-04-02,17.35,17.45,17.3,17.35,297174
1103,2024-04-01,17.4,17.5,17.35,17.5,185305
1103,2024-03-29,17.4,17.4,17.3,17.4,368314
1103,2024-03-28,17.4,17.6,17.35,17.4,408757
1103,2024-03-27,17.2,17.35,17.15,17.3,293659
1103,2024-03-26,17.1,17.3,17.1,17.3,458589
1103,2024-03-25,17.05,17.2,17.05,17.1,320407
1103,2024-03-22,17.15,17.2,17.05,17.1,340516
1103,2024-03-21,17.2,17.25,17.1,17.2,329561
1103,2024-03-20,17.1,17.1,17,17.1,523875
1103,2024-03-19,17.15,17.15,17.1,17.15,284089
1103,2024-03-18,17.2,17.25,17.1,17.15,241204
1103,2024-03-15,17.4,17.5,17.15,17.2,555360
1103,2024-03-14,17.25,17.35,17.25,17.35,197078
1103,2024-03-13,17.25,17.35,17.2,17.25,297226
1103,2024-03-12,17.35,17.4,17.2,17.3,443267
1103,2024-03-11,17.3,17.4,17.2,17.35,194370
1103,2024-03-08,17.4,17.4,17.25,17.3,399171
1103,2024-03-07,17.55,17.55,17.4,17.45,454202
1103,2024-03-06,17.55,17.7,17.5,17.6,238893
1103,2024-03-05,17.65,17.65,17.55,17.55,462107
1103,2024-03-04,17.7,17.75,17.65,17.7,463636
1103,2024-03-01,17.75,17.85,17.75,17.8,176019
1103,2024-02-29,17.85,18,17.7,17.7,487132
1103,2024-02-27,17.95,18,17.8,17.85,358319
1103,2024-02-26,17.95,18.15,17.85,18.1,239516
1103,2024-02-23,18.05,18.1,18,18,271389
1103,2024-02-22,18.2,18.25,18.05,18.1,394002
1103,2024-02-21,18.1,18.1,17.95,18.05,127122
1103,2024-02-20,17.9,18.1,17.9,18.05,223731
1103,2024-02-19,17.9,18.05,17.6,17.9,1430225
1103,2024-02-16,17.9,18.05,17.75,17.85,382296
1103,2024-02-15,17.9,17.95,17.75,17.95,255931
1103,2024-02-05,18,18.05,17.85,17.95,96233
1103,2024-02-02,18.1,18.2,18.05,18.15,142757
1103,2024-02-01,17.9,18.15,17.9,18.1,129184
1103,2024-01-31,18.05,18.05,17.85,17.85,152441
1103,2024-01-30,18.2,18.2,18,18.05,177969
1103,2024-01-29,18.05,18.2,18.05,18.15,73058
1103,2024-01-26,18.05,18.15,18,18.15,56384
1103,2024-01-25,18.05,18.15,18,18.05,93710
1103,2024-01-24,18.05,18.15,18.05,18.05,96642
1103,2024-01-23,18,18.15,18,18.05,81164
1103,2024-01-22,18,18.2,18,18.1,158330
1103,2024-01-19,18.05,18.2,17.9,18,144334
1103,2024-01-18,18,18.1,17.85,18.1,166180
1103,2024-01-17,18.05,18.1,17.85,18.05,426124
1103,2024-01-16,18.5,18.5,18.1,18.15,616526
1103,2024-01-15,18.65,18.7,18.6,18.6,110332
1103,2024-01-12,18.65,18.7,18.6,18.7,116590
1103,2024-01-11,18.6,18.8,18.6,18.7,130578
1103,2024-01-10,18.65,18.7,18.55,18.6,145045
1103,2024-01-09,18.9,18.9,18.7,18.75,137521
1103,2024-01-08,18.75,18.9,18.75,18.8,151204
1103,2024-01-05,18.8,18.8,18.7,18.75,132105
1103,2024-01-04,18.7,18.8,18.65,18.7,122599
1103,2024-01-03,18.7,18.75,18.65,18.7,234707
1103,2024-01-02,19,19,18.8,18.85,171864
1310,2010-12-31,14.45,15.15,14.45,15.15,49418600
1310,2010-12-30,14.35,14.4,14.15,14.2,2903941
1310,2010-12-29,14.15,14.4,14.1,14.3,7562434
1310,2010-12-28,14.2,14.4,14.15,14.15,1822937
1310,2010-12-27,14.3,14.4,14.1,14.2,2118677
1310,2010-12-24,14.6,14.7,14.3,14.3,4104427
1310,2010-12-23,14.2,14.8,14.05,14.5,10601429
1310,2010-12-22,14.1,14.3,14,14.1,3308222
1310,2010-12-21,14,14.1,13.95,14.05,1463255
1310,2010-12-20,14.15,14.2,13.9,13.9,2269567
1310,2010-12-17,14.2,14.35,14,14.05,4081599
1310,2010-12-16,14.2,14.45,14.15,14.2,6708658
1310,2010-12-15,13.75,14.1,13.65,14.05,7454185
1310,2010-12-14,13.7,13.8,13.6,13.7,2058260
1310,2010-12-13,13.6,13.75,13.5,13.65,1616974
1310,2010-12-10,13.75,13.8,13.55,13.6,1750341
1310,2010-12-09,13.75,13.9,13.7,13.75,2185998
1310,2010-12-08,13.85,13.9,13.7,13.75,1861795
1310,2010-12-07,13.8,13.95,13.7,13.75,1619959
1310,2010-12-06,13.9,14,13.8,13.85,2869850
1310,2010-12-03,13.6,13.95,13.6,13.7,3439571
1310,2010-12-02,13.7,13.85,13.55,13.6,2516729
1310,2010-12-01,13.6,13.7,13.55,13.6,2471826
1310,2010-11-30,13.45,13.65,13.35,13.55,3273928
1310,2010-11-29,13.3,13.4,13.2,13.35,1426017
1310,2010-11-26,13.45,13.5,13.1,13.1,4729391
1310,2010-11-25,13.6,13.65,13.3,13.4,2735375
1310,2010-11-24,13.35,13.7,13.25,13.45,2657216
1310,2010-11-23,13.55,13.75,13.5,13.5,1531929
1310,2010-11-22,13.7,13.85,13.55,13.6,1509500
1310,2010-11-19,13.7,13.85,13.6,13.7,1471586
1310,2010-11-18,13.6,13.75,13.6,13.65,987235
1310,2010-11-17,13.35,13.8,13.35,13.55,2041385
1310,2010-11-16,13.55,13.9,13.55,13.8,2285208
1310,2010-11-15,14.1,14.3,13.5,13.6,5614577
1310,2010-11-12,14.55,14.7,14.2,14.3,3402674
1310,2010-11-11,14.5,14.6,14.4,14.5,2855215
1310,2010-11-10,14.9,15,14.4,14.4,5527539
1310,2010-11-09,15.05,15.25,14.8,14.9,8828041
1310,2010-11-08,15,15.25,14.7,15.05,11758877
1310,2010-11-05,14.35,14.7,14.35,14.7,8768508
1310,2010-11-04,14,14.15,13.9,14,2236491
1310,2010-11-03,14.1,14.25,13.9,13.9,4057054
1310,2010-11-02,14.3,14.3,14,14,4065932
1310,2010-11-01,14.45,14.7,14.15,14.15,4436918
1310,2010-10-29,14.6,14.9,14.4,14.45,4539014
1310,2010-10-28,15.15,15.2,14.7,14.7,5716617
1310,2010-10-27,15.4,15.45,15.05,15.15,10319524
1310,2010-10-26,14.9,15.45,14.9,15.25,16887514
1310,2010-10-25,15,15.35,14.8,14.8,9985851
1310,2010-10-22,15.2,15.55,14.85,15,14027844
1310,2010-10-21,14.6,15.2,14.5,15.05,14467930
1310,2010-10-20,14.45,14.6,14.3,14.6,5008660
1310,2010-10-19,14.9,15.1,14.35,14.65,9374769
1310,2010-10-18,15.05,15.45,14.8,14.9,28840643
1310,2010-10-15,14.05,14.85,13.9,14.85,28953140
1310,2010-10-14,13.45,14,13.45,13.9,12010502
1310,2010-10-13,13.45,13.6,13.3,13.35,2301817
1310,2010-10-12,13.75,13.8,13.4,13.4,2849744
1310,2010-10-11,13.8,13.85,13.6,13.6,1389594
1310,2010-10-08,13.85,13.85,13.6,13.65,1171872
1310,2010-10-06,13.8,13.8,13.55,13.65,2250380
1310,2010-10-05,13.65,13.75,13.55,13.55,1455062
1310,2010-10-04,13.9,13.9,13.6,13.65,2814545
1310,2010-10-01,13.6,13.8,13.5,13.7,2725484
1310,2010-09-30,13.55,13.7,13.5,13.6,1744276
1310,2010-09-29,13.6,13.6,13.45,13.5,1765603
1310,2010-09-28,13.55,13.7,13.45,13.5,1254893
1310,2010-09-27,13.5,13.75,13.45,13.55,4561163
1310,2010-09-24,13.65,13.65,13.4,13.5,1474152
1310,2010-09-23,13.7,13.7,13.45,13.5,1679284
1310,2010-09-21,13.85,13.9,13.5,13.55,3342694
1310,2010-09-20,13.6,14,13.6,13.8,3938908
1310,2010-09-17,13.75,13.75,13.6,13.65,1763193
1310,2010-09-16,13.55,14.1,13.5,13.65,9128666
1310,2010-09-15,14.25,14.25,13.95,14.15,6552493
1310,2010-09-14,14.1,14.25,14,14.05,3763566
1310,2010-09-13,13.9,14.05,13.9,14.05,2403122
1310,2010-09-10,13.8,14,13.8,13.9,2239329
1310,2010-09-09,13.85,13.9,13.65,13.8,1278195
1310,2010-09-08,13.85,13.9,13.7,13.75,2261379
1310,2010-09-07,13.65,13.9,13.65,13.7,2576814
1310,2010-09-06,13.7,13.8,13.6,13.65,1834637
1310,2010-09-03,13.4,13.85,13.4,13.6,3601899
1310,2010-09-02,13.3,13.45,13.25,13.3,1462621
1310,2010-09-01,13.2,13.35,13.2,13.25,1528429
1310,2010-08-31,13.35,13.55,13.1,13.2,2040938
1310,2010-08-30,13.7,13.75,13.55,13.6,1713933
1310,2010-08-27,13.35,13.6,13.35,13.6,1512153
1310,2010-08-26,13.5,13.7,13.35,13.35,1878020
1310,2010-08-25,13.95,13.95,13.5,13.55,3759445
1310,2010-08-24,14.3,14.35,13.9,14.05,2458501
1310,2010-08-23,14,14.5,13.95,14.35,5231951
1310,2010-08-20,13.85,14.1,13.85,14,1231679
1310,2010-08-19,14,14.1,13.9,13.9,1710178
1310,2010-08-18,14.3,14.35,13.95,14,3199145
1310,2010-08-17,14.4,14.4,14.1,14.2,2694028
1310,2010-08-16,14.35,14.45,14.15,14.3,2082526
1310,2010-08-13,14.3,14.65,14.2,14.35,5230131
1310,2010-08-12,14,14.2,13.9,14.2,2625059
1310,2010-08-11,14.25,14.5,14.1,14.1,3931394
1310,2010-08-10,15,15.05,14.4,14.4,6314304
1310,2010-08-09,14.5,15,14.45,14.85,16295345
1310,2010-08-06,14.2,14.6,14.1,14.4,8981010
1310,2010-08-05,14.2,14.45,14.1,14.1,5836791
1310,2010-08-04,14.25,14.35,14.05,14.05,3119460
1310,2010-08-03,14.2,14.4,14.05,14.15,6757873
1310,2010-08-02,14.05,14.2,13.9,13.95,2977092
1310,2010-07-30,14,14.25,13.95,13.95,3271166
1310,2010-07-29,13.9,14.1,13.8,13.9,2290624
1310,2010-07-28,14.1,14.1,13.75,13.8,3080738
1310,2010-07-27,14.4,14.5,14,14.05,7644575
1310,2010-07-26,13.95,14.45,13.85,14.1,9705297
1310,2010-07-23,13.6,13.85,13.6,13.65,3285327
1310,2010-07-22,13.6,13.7,13.5,13.5,1301171
1310,2010-07-21,13.4,13.8,13.4,13.6,4952001
1310,2010-07-20,13.35,13.5,13.3,13.35,1727583
1310,2010-07-19,13.3,13.55,13.25,13.3,1416312
1310,2010-07-16,13.6,13.7,13.4,13.45,1967669
1310,2010-07-15,13.4,13.9,13.3,13.6,5382289
1310,2010-07-14,13.3,13.5,13.25,13.4,1869197
1310,2010-07-13,13.5,13.55,13.3,13.3,1628045
1310,2010-07-12,13.45,13.6,13.4,13.4,1686935
1310,2010-07-09,13.5,13.55,13.25,13.4,1596726
1310,2010-07-08,13.45,13.65,13.3,13.35,2942402
1310,2010-07-07,13.3,13.35,13.15,13.15,2358646
1310,2010-07-06,13.1,13.4,13.05,13.3,1850805
1310,2010-07-05,13.05,13.2,12.95,13.15,1838707
1310,2010-07-02,13.1,13.35,13,13.1,2197656
1310,2010-07-01,13.3,13.35,13.05,13.1,2106191
1310,2010-06-30,12.8,13.35,12.8,13.35,2224974
1310,2010-06-29,14.1,14.2,13.4,13.4,4411043
1310,2010-06-28,13.55,14.1,13.35,13.85,6153611
1310,2010-06-25,13.65,13.75,13.3,13.35,4577684
1310,2010-06-24,14.25,14.4,14,14.05,27576032
1310,2010-06-23,13.1,14.05,13,14.05,10620830
1310,2010-06-22,13.15,13.2,13.1,13.15,1600515
1310,2010-06-21,13,13.2,13,13.15,2439269
1310,2010-06-18,13.15,13.15,12.9,12.95,1450344
1310,2010-06-17,13,13.15,13,13.05,2896507
1310,2010-06-15,13,13.15,12.85,12.9,2945798
1310,2010-06-14,13.05,13.1,12.9,13.05,3704229
1310,2010-06-11,13.3,13.45,12.9,12.9,9551247
1310,2010-06-10,12.5,13.1,12.3,13.1,8024342
1310,2010-06-09,12.15,12.65,12.15,12.25,4197663
1310,2010-06-08,12,12.2,12,12.15,1622548
1310,2010-06-07,12.2,12.3,12,12.1,1809123
1310,2010-06-04,12.45,12.6,12.35,12.5,1523805
1310,2010-06-03,12.35,12.5,12.3,12.35,1802760
1310,2010-06-02,12.2,12.35,12.1,12.1,1237070
1310,2010-06-01,12.3,12.45,12.2,12.35,1671058
1310,2010-05-31,12.55,12.55,12.4,12.45,1616850
1310,2010-05-28,12.5,12.7,12.45,12.45,3200330
1310,2010-05-27,11.95,12.3,11.85,12.25,2403557
1310,2010-05-26,12,12.25,11.5,11.9,3598482
1310,2010-05-25,12.6,12.6,11.9,11.95,5263788
1310,2010-05-24,12.7,12.9,12.7,12.75,2195172
1310,2010-05-21,12.75,12.8,12.35,12.6,5159838
1310,2010-05-20,13.95,13.95,13.25,13.25,4002503
1310,2010-05-19,13.1,14.1,13.1,13.95,9580551
1310,2010-05-18,13,13.25,13,13.2,1955949
1310,2010-05-17,13.4,13.4,12.9,12.95,3663018
1310,2010-05-14,13.5,13.55,13.4,13.45,2684527
1310,2010-05-13,13.5,13.75,13.45,13.5,4067565
1310,2010-05-12,13.4,13.65,13.35,13.4,2638899
1310,2010-05-11,13.8,13.95,13.4,13.4,3912451
1310,2010-05-10,13.4,13.65,13.35,13.65,4481290
1310,2010-05-07,13,13.4,12.8,13.35,7172261
1310,2010-05-06,13.95,14.1,13.6,13.7,4500075
1310,2010-05-05,14.35,14.6,13.9,14.1,6767432
1310,2010-05-04,15.15,15.2,14.8,14.9,3946271
1310,2010-05-03,15.3,15.5,14.7,15.05,7074907
1310,2010-04-30,15.95,16.05,15.4,15.5,6410014
1310,2010-04-29,16,16.2,15.85,15.9,4174495
1310,2010-04-28,15.4,16.3,15.3,15.95,8920942
1310,2010-04-27,16,16.05,15.75,15.8,4608909
1310,2010-04-26,15.9,16.05,15.9,15.95,6172076
1310,2010-04-23,16.1,16.2,15.8,15.85,7159840
1310,2010-04-22,16,16.35,16,16.05,12573193
1310,2010-04-21,15.7,16.3,15.7,16.15,25225057
1310,2010-04-20,16.25,16.65,15.5,15.65,28397633
1310,2010-04-19,17.35,17.6,16.65,16.65,16625108
1310,2010-04-16,17.7,17.85,17.4,17.85,11210129
1310,2010-04-15,18.15,18.15,17.55,17.7,17441953
1310,2010-04-14,18.5,18.65,17.9,18.05,23964412
1310,2010-04-13,18,19.05,18,18.5,57554580
1310,2010-04-12,17.7,18,17.4,17.9,14668960
1310,2010-04-09,17.85,17.95,17.7,17.7,2851266
1310,2010-04-08,18.2,18.2,17.7,17.85,5064149
1310,2010-04-07,18.25,18.4,18.1,18.2,3573336
1310,2010-04-06,18.55,18.6,18.05,18.25,6833299
1310,2010-04-02,17.85,18.4,17.85,18.4,6232860
1310,2010-04-01,17.65,17.9,17.65,17.8,2723871
1310,2010-03-31,17.8,18.3,17.5,17.5,5793515
1310,2010-03-30,17.9,18.1,17.75,17.8,2599082
1310,2010-03-29,17.8,17.95,17.6,17.65,2323954
1310,2010-03-26,17.7,18.2,17.5,17.8,3413855
1310,2010-03-25,17.5,17.8,17.25,17.75,4508399
1310,2010-03-24,18.3,18.3,17.2,17.6,5546802
1310,2010-03-23,18,18.3,18,18.1,2535641
1310,2010-03-22,18.2,18.3,17.85,18,3939136
1310,2010-03-19,18.6,18.6,18.35,18.35,4422707
1310,2010-03-18,18.5,18.85,18.45,18.6,9207209
1310,2010-03-17,18.1,18.35,18.1,18.35,4053096
1310,2010-03-16,17.95,18.1,17.85,17.95,2093873
1310,2010-03-15,18.2,18.3,17.95,17.95,2497807
1310,2010-03-12,18.3,18.4,18,18.2,2967739
1310,2010-03-11,18,18.5,18,18.3,6670660
1310,2010-03-10,18.25,18.35,17.9,18,4424572
1310,2010-03-09,18.15,18.35,18.15,18.25,2678181
1310,2010-03-08,18.3,18.4,18.1,18.15,4894259
1310,2010-03-05,18.4,18.6,18.15,18.15,6480998
1310,2010-03-04,19.05,19.2,18.3,18.3,8660036
1310,2010-03-03,19.2,19.6,19,19.05,11503386
1310,2010-03-02,19.35,19.4,18.85,19.15,8128197
1310,2010-03-01,19.2,19.65,18.8,19.3,15487724
1310,2010-02-26,18.5,18.75,18.35,18.5,9191775
1310,2010-02-25,18.4,18.85,18.1,18.2,11667349
1310,2010-02-24,18,18.6,17.9,18.2,8098193
1310,2010-02-23,17.3,18.5,17.2,18.35,12359063
1310,2010-02-22,17.35,17.65,17.2,17.3,5226329
1310,2010-02-10,17.2,17.75,17.05,17.05,11451123
1310,2010-02-09,16.2,17.15,16.05,17.15,9685603
1310,2010-02-08,16.05,16.4,16.05,16.1,4233197
1310,2010-02-06,16.3,16.45,15.9,16.05,6004545
1310,2010-02-05,16.1,16.45,15.45,16.45,9866736
1310,2010-02-04,16.35,16.7,16.05,16.6,7023619
1310,2010-02-03,16.35,16.45,15.7,16.35,8555336
1310,2010-02-02,17.45,17.6,16.15,16.2,10445824
1310,2010-02-01,17.8,17.8,17.25,17.35,6404067
1310,2010-01-29,17.5,18,17.35,17.8,4351199
1310,2010-01-28,17.5,18.3,17.5,18,7880635
1310,2010-01-27,17.8,18.1,17.3,17.4,9141186
1310,2010-01-26,18.55,18.75,17.3,17.7,17784800
1310,2010-01-25,19,19,18.5,18.55,11150402
1310,2010-01-22,17.8,19.2,17.65,19,27742814
1310,2010-01-21,18.6,18.7,18.1,18.1,12457931
1310,2010-01-20,19.5,19.7,18.5,18.75,22007615
1310,2010-01-19,19.5,20.1,19.3,19.5,21074817
1310,2010-01-18,19.05,19.5,18.8,19.5,29257781
1310,2010-01-15,18.1,19.05,18.1,19.05,43736448
1310,2010-01-14,16.85,17.85,16.6,17.85,38492305
1310,2010-01-13,16.55,16.9,16.4,16.7,29333615
1310,2010-01-12,15.8,16.6,15.55,16.6,26237710
1310,2010-01-11,15.5,15.65,15.3,15.55,12315451
1310,2010-01-08,15.6,16,15.5,15.5,23260960
1310,2010-01-07,15.5,15.85,15.3,15.35,50645937
1310,2010-01-06,14.35,15.05,14.35,15.05,25995559
1310,2010-01-05,14.05,14.25,13.9,14.1,10361143
1310,2010-01-04,13.9,14.05,13.75,13.9,3502348
1310,2011-12-30,7,7.03,6.94,6.95,653180
1310,2011-12-29,6.96,7,6.93,6.95,287051
1310,2011-12-28,7,7,6.92,6.95,489508
1310,2011-12-27,7.03,7.1,6.92,6.94,950000
1310,2011-12-26,7.07,7.07,7.01,7.03,580011
1310,2011-12-23,7,7.1,7,7.07,1268773
1310,2011-12-22,7.1,7.1,6.96,6.96,642988
1310,2011-12-21,7,7.2,6.95,7.11,1679156
1310,2011-12-20,6.95,6.95,6.81,6.88,436849
1310,2011-12-19,7.01,7.01,6.7,6.89,700679
1310,2011-12-16,7.07,7.09,6.94,7.01,634731
1310,2011-12-15,7.03,7.08,6.95,6.99,479666
1310,2011-12-14,7,7.08,6.93,7.07,360862
1310,2011-12-13,7,7,6.9,6.93,443209
1310,2011-12-12,7.03,7.11,6.96,7.01,435237
1310,2011-12-09,7,7.04,6.8,7.01,451608
1310,2011-12-08,7.05,7.14,7.05,7.06,413864
1310,2011-12-07,7.05,7.19,7.05,7.14,694175
1310,2011-12-06,7.29,7.29,7.01,7.1,594670
1310,2011-12-05,7.56,7.56,7.21,7.31,1470050
1310,2011-12-02,6.88,7.2,6.8,7.12,1161453
1310,2011-12-01,7,7,6.68,6.85,1154147
1310,2011-11-30,6.75,6.75,6.55,6.56,616397
1310,2011-11-29,6.81,6.86,6.75,6.77,637512
1310,2011-11-28,6.7,6.7,6.5,6.68,612654
1310,2011-11-25,6.72,6.72,6.43,6.52,736237
1310,2011-11-24,6.4,6.72,6.33,6.6,1298280
1310,2011-11-23,6.75,6.8,6.55,6.59,1080224
1310,2011-11-22,6.8,7.05,6.72,6.75,1493311
1310,2011-11-21,7.15,7.17,7.01,7.01,1540229
1310,2011-11-18,7.1,7.28,7.1,7.23,1004534
1310,2011-11-17,7.3,7.35,7.18,7.2,1071020
1310,2011-11-16,7.45,7.53,7.35,7.35,790190
1310,2011-11-15,7.48,7.52,7.35,7.39,595497
1310,2011-11-14,7.51,7.59,7.45,7.47,1950212
1310,2011-11-11,7.46,7.48,7.39,7.43,679114
1310,2011-11-10,7.45,7.5,7.3,7.39,1519811
1310,2011-11-09,7.72,7.84,7.67,7.69,2455559
1310,2011-11-08,7.8,7.84,7.65,7.65,1327984
1310,2011-11-07,7.95,7.95,7.78,7.79,950394
1310,2011-11-04,7.8,7.95,7.75,7.85,1427384
1310,2011-11-03,7.65,7.88,7.65,7.71,846451
1310,2011-11-02,7.7,7.85,7.6,7.81,1578277
1310,2011-11-01,7.7,8.1,7.6,7.9,1441878
1310,2011-10-31,7.9,7.9,7.7,7.7,1296628
1310,2011-10-28,8.17,8.17,7.8,7.9,4287760
1310,2011-10-27,7.24,7.65,7.18,7.65,3111421
1310,2011-10-26,7.16,7.2,7.1,7.15,688173
1310,2011-10-25,7.21,7.24,7.15,7.16,782749
1310,2011-10-24,7.29,7.3,7.18,7.2,701135
1310,2011-10-21,7.15,7.19,7.15,7.16,361969
1310,2011-10-20,7.1,7.27,7.1,7.16,710287
1310,2011-10-19,7.3,7.3,7.2,7.24,777819
1310,2011-10-18,7.14,7.24,7.09,7.24,1183344
1310,2011-10-17,7.2,7.29,7.17,7.2,1896076
1310,2011-10-14,7.16,7.21,7.06,7.1,975946
1310,2011-10-13,7.2,7.3,7.15,7.18,1249473
1310,2011-10-12,7.13,7.24,7.13,7.18,987014
1310,2011-10-11,7.35,7.45,7.24,7.24,1645426
1310,2011-10-07,6.99,7.3,6.99,7.25,1876991
1310,2011-10-06,6.81,7.03,6.81,6.85,1321463
1310,2011-10-05,6.78,6.9,6.73,6.8,796241
1310,2011-10-04,6.9,6.9,6.68,6.78,1690297
1310,2011-10-03,7.01,7.09,6.85,6.9,5613712
1310,2011-09-30,7.48,7.48,7.35,7.36,1096282
1310,2011-09-29,7.21,7.39,7.11,7.35,1278061
1310,2011-09-28,7.3,7.3,7.15,7.19,1288223
1310,2011-09-27,7.1,7.37,7.1,7.15,2519392
1310,2011-09-26,7.55,7.58,6.99,7.05,3052183
1310,2011-09-23,7.45,7.55,7.4,7.51,3859252
1310,2011-09-22,8.1,8.18,7.84,7.86,3297443
1310,2011-09-21,8.4,8.4,8.21,8.21,2512829
1310,2011-09-20,8.14,8.49,8.14,8.37,6792948
1310,2011-09-19,8.3,8.39,8.14,8.14,4615916
1310,2011-09-16,8.07,8.25,7.91,8.14,6498391
1310,2011-09-15,7.9,8.01,7.8,7.81,4532769
1310,2011-09-14,8.16,8.33,7.71,7.78,5822610
1310,2011-09-13,8.2,8.35,8.16,8.16,7497442
1310,2011-09-09,8.01,8.35,7.91,8.07,11927533
1310,2011-09-08,8.1,8.35,7.91,8.15,23356119
1310,2011-09-07,8.46,9,8.46,8.5,28294588
1310,2011-09-06,9.09,9.09,9.09,9.09,2941838
1310,2011-09-05,9.77,9.77,9.77,9.77,1617367
1310,2011-09-02,10.5,10.5,10.5,10.5,2226562
1310,2011-09-01,11,11.3,10.85,11.25,4361723
1310,2011-08-31,10.95,11.05,10.8,11.05,1166723
1310,2011-08-30,11.15,11.15,10.8,10.95,1142991
1310,2011-08-29,10.95,10.95,10.8,10.95,513478
1310,2011-08-26,11,11,10.7,10.95,823161
1310,2011-08-25,11,11.05,10.7,10.75,905402
1310,2011-08-24,11.25,11.25,10.9,10.9,1087303
1310,2011-08-23,10.7,11.2,10.7,11.15,1335649
1310,2011-08-22,11,11.25,10.6,10.65,1886108
1310,2011-08-19,11.1,11.4,11,11,1791096
1310,2011-08-18,11.3,11.65,11.3,11.6,2856242
1310,2011-08-17,11.6,11.7,11.4,11.45,991581
1310,2011-08-16,11.7,11.75,11.5,11.6,1461614
1310,2011-08-15,11.85,11.85,11.55,11.6,1260528
1310,2011-08-12,11.95,12,11.5,11.6,2348243
1310,2011-08-11,10.7,11.85,10.5,11.8,6202548
1310,2011-08-10,10.8,11.35,10.8,11.2,3365430
1310,2011-08-09,10.2,10.8,10.2,10.7,4619010
1310,2011-08-08,11.4,11.8,10.85,10.95,4033727
1310,2011-08-05,11.65,11.85,11.65,11.65,4918989
1310,2011-08-04,12.9,13.2,12.5,12.5,3626194
1310,2011-08-03,13,13.05,12.55,12.75,3950001
1310,2011-08-02,13.8,13.95,13.2,13.25,5792544
1310,2011-08-01,13.35,13.85,13.3,13.8,10047548
1310,2011-07-29,13.15,13.3,12.7,12.95,2716811
1310,2011-07-28,12.9,13.4,12.85,13.15,5227593
1310,2011-07-27,12.8,13,12.8,12.85,3776145
1310,2011-07-26,13,13.2,12.7,12.8,6491295
1310,2011-07-25,12.2,13,12.2,13,10495353
1310,2011-07-22,12.1,12.25,12,12.15,1775553
1310,2011-07-21,12.2,12.2,12,12,1016348
1310,2011-07-20,12.1,12.3,12,12.15,1841661
1310,2011-07-19,12.1,12.3,11.95,11.95,2160479
1310,2011-07-18,11.7,12.05,11.7,11.95,2227183
1310,2011-07-15,11.75,12,11.75,11.85,1357447
1310,2011-07-14,11.5,11.85,11.5,11.7,2018113
1310,2011-07-13,11.5,11.7,11.4,11.4,1796002
1310,2011-07-12,11.5,11.65,11.3,11.35,1172474
1310,2011-07-11,11.85,12,11.5,11.5,1922429
1310,2011-07-08,12,12.1,11.85,11.85,1093178
1310,2011-07-07,11.85,12.1,11.8,11.95,3173132
1310,2011-07-06,11.95,11.95,11.7,11.75,1183669
1310,2011-07-05,11.65,11.95,11.5,11.9,3476879
1310,2011-07-04,11.55,11.85,11.55,11.6,1241533
1310,2011-07-01,11.7,11.7,11.55,11.55,813989
1310,2011-06-30,11.7,11.7,11.55,11.6,933666
1310,2011-06-29,11.55,11.7,11.55,11.55,1203237
1310,2011-06-28,11.7,11.8,11.5,11.55,2648427
1310,2011-06-27,10.9,11.65,10.8,11.65,3302534
1310,2011-06-24,11,11,10.8,10.9,764750
1310,2011-06-23,11,11.15,10.85,11,1063499
1310,2011-06-22,11,11.2,11,11,1093158
1310,2011-06-21,11.15,11.25,10.75,10.9,2410852
1310,2011-06-20,11.8,11.85,11,11.05,2658232
1310,2011-06-17,12,12.05,11.7,11.75,1449248
1310,2011-06-16,12.25,12.25,11.95,11.95,1018899
1310,2011-06-15,12.15,12.4,12.15,12.25,1804852
1310,2011-06-14,12.05,12.15,12,12.1,837324
1310,2011-06-13,12.3,12.3,12.05,12.05,1168566
1310,2011-06-10,12.35,12.45,12.25,12.25,1128980
1310,2011-06-09,12.4,12.45,12.3,12.35,649632
1310,2011-06-08,12.3,12.55,12.3,12.45,1556050
1310,2011-06-07,12.45,12.45,12.15,12.3,1093919
1310,2011-06-03,12.4,12.45,12.3,12.35,991456
1310,2011-06-02,12.5,12.6,12.4,12.45,1262296
1310,2011-06-01,12.65,12.7,12.55,12.55,1260144
1310,2011-05-31,12.6,12.75,12.5,12.75,1162141
1310,2011-05-30,12.25,12.7,12.25,12.55,1492692
1310,2011-05-27,12.3,12.4,12.25,12.25,814423
1310,2011-05-26,12.4,12.4,12.2,12.3,695311
1310,2011-05-25,12.15,12.3,12.15,12.3,964518
1310,2011-05-24,12.2,12.25,11.9,12.25,2275464
1310,2011-05-23,12.65,12.65,12.2,12.3,2276499
1310,2011-05-20,13.2,13.25,12.65,12.65,2279530
1310,2011-05-19,13.25,13.4,13.1,13.15,1139439
1310,2011-05-18,13.1,13.25,13.05,13.25,1164462
1310,2011-05-17,13.2,13.25,12.95,13,1598247
1310,2011-05-16,13.35,13.45,12.95,13,2747835
1310,2011-05-13,13.55,13.6,13.35,13.35,1922395
1310,2011-05-12,13.5,13.55,13.35,13.4,1589602
1310,2011-05-11,13.75,13.8,13.4,13.45,2201703
1310,2011-05-10,13.65,13.8,13.6,13.7,1395457
1310,2011-05-09,13.65,13.8,13.6,13.65,1370606
1310,2011-05-06,13.6,13.8,13.6,13.65,2385681
1310,2011-05-05,13.65,13.9,13.6,13.7,1795263
1310,2011-05-04,13.85,13.9,13.65,13.75,1689807
1310,2011-05-03,14.2,14.3,13.8,13.85,3477789
1310,2011-04-29,14.05,14.5,14,14.2,8323589
1310,2011-04-28,14,14.3,13.95,14.05,4907164
1310,2011-04-27,13.95,14.2,13.85,14,5516664
1310,2011-04-26,13.9,13.95,13.7,13.8,1204530
1310,2011-04-25,13.8,13.95,13.75,13.85,1883645
1310,2011-04-22,14,14.05,13.75,13.8,2385835
1310,2011-04-21,13.8,14,13.8,13.95,2461388
1310,2011-04-20,13.8,13.85,13.7,13.8,1615762
1310,2011-04-19,13.8,13.8,13.5,13.7,2000098
1310,2011-04-18,14.05,14.1,13.8,13.85,2352549
1310,2011-04-15,14,14.15,13.75,13.8,2295837
1310,2011-04-14,13.9,14.25,13.8,13.95,5712508
1310,2011-04-13,13.8,13.95,13.75,13.9,1384327
1310,2011-04-12,13.9,14,13.8,13.8,2405139
1310,2011-04-11,13.95,14.25,13.8,14.1,4377625
1310,2011-04-08,13.75,14.1,13.7,13.95,4665963
1310,2011-04-07,13.9,13.9,13.7,13.8,1107747
1310,2011-04-06,13.7,13.95,13.6,13.9,3016196
1310,2011-04-01,13.7,13.75,13.55,13.6,1236112
1310,2011-03-31,13.75,13.75,13.55,13.65,1348051
1310,2011-03-30,13.6,13.8,13.55,13.7,2263806
1310,2011-03-29,13.55,13.75,13.5,13.55,1416099
1310,2011-03-28,13.8,13.85,13.55,13.55,1154432
1310,2011-03-25,13.9,14,13.8,13.8,1363517
1310,2011-03-24,14,14.1,13.75,13.85,2660858
1310,2011-03-23,13.85,14.1,13.75,13.95,2491849
1310,2011-03-22,14.15,14.15,13.75,13.9,2487138
1310,2011-03-21,13.6,14.15,13.6,14.15,6626228
1310,2011-03-18,13.5,13.75,13.3,13.6,3450455
1310,2011-03-17,12.7,13.5,12.6,13.2,2584056
1310,2011-03-16,13,13.3,13,13.2,2431137
1310,2011-03-15,13.9,14.1,12.95,13,4402968
1310,2011-03-14,13.95,14.25,13.5,13.9,4293265
1310,2011-03-11,13.5,13.55,13.25,13.45,2169559
1310,2011-03-10,13.7,13.8,13.55,13.7,1096749
1310,2011-03-09,13.8,14,13.7,13.75,1676876
1310,2011-03-08,13.65,13.8,13.65,13.7,1644287
1310,2011-03-07,13.8,13.9,13.65,13.7,1301450
1310,2011-03-04,13.95,14.15,13.8,13.8,2307867
1310,2011-03-03,13.8,14,13.5,13.8,2064220
1310,2011-03-02,13.75,14,13.7,13.75,1862834
1310,2011-03-01,13.8,13.9,13.6,13.85,2140239
1310,2011-02-25,14.2,14.35,13.3,13.7,6155134
1310,2011-02-24,14.25,14.4,14.1,14.15,2728008
1310,2011-02-23,14.4,14.75,14.15,14.25,3432309
1310,2011-02-22,15,15,14.45,14.6,5019016
1310,2011-02-21,14.8,15.35,14.7,15.05,12226319
1310,2011-02-18,14.85,15.15,14.75,14.8,10043242
1310,2011-02-17,14.2,14.85,14.2,14.85,18926599
1310,2011-02-16,13.95,14.2,13.85,13.9,1882623
1310,2011-02-15,14,14.2,13.7,13.95,2756554
1310,2011-02-14,14.05,14.15,13.95,13.95,2623704
1310,2011-02-11,14.7,14.8,13.9,13.9,5087193
1310,2011-02-10,15,15.15,14.5,14.6,3555272
1310,2011-02-09,15,15.35,14.85,15,12027853
1310,2011-02-08,14.5,15.1,14.5,14.9,9765616
1310,2011-01-28,14.45,14.5,14.25,14.4,4036789
1310,2011-01-27,14.55,14.75,14.4,14.4,3203911
1310,2011-01-26,14.6,14.75,14.45,14.45,2574043
1310,2011-01-25,14.7,14.8,14.5,14.6,2281121
1310,2011-01-24,14.55,14.95,14.5,14.6,2893235
1310,2011-01-21,14.4,14.65,14.4,14.5,2920278
1310,2011-01-20,14.85,14.95,14.6,14.65,2512693
1310,2011-01-19,15.1,15.25,14.7,14.85,5224047
1310,2011-01-18,14.75,15.1,14.75,15,5799478
1310,2011-01-17,15.05,15.25,14.7,14.7,4606996
1310,2011-01-14,14.5,15.15,14.45,14.95,11416540
1310,2011-01-13,14.55,14.75,14.5,14.5,3276359
1310,2011-01-12,14.6,14.65,14.4,14.55,3826264
1310,2011-01-11,14.4,14.65,14.4,14.55,3365126
1310,2011-01-10,14.5,14.55,14.25,14.4,4614554
1310,2011-01-07,15.65,15.65,14.45,14.5,10367095
1310,2011-01-06,15.35,15.5,15.1,15.45,7748609
1310,2011-01-05,15.9,16,15,15.3,16650188
1310,2011-01-04,15.45,16.25,15.2,15.9,42034650
1310,2011-01-03,15.35,15.5,15.05,15.35,29506756
1310,2012-12-28,7.61,7.68,7.61,7.66,2541275
1310,2012-12-27,7.59,7.66,7.59,7.61,1791517
1310,2012-12-26,7.6,7.75,7.55,7.61,3741075
1310,2012-12-25,7.46,7.59,7.32,7.5,2546169
1310,2012-12-24,7.32,7.5,7.32,7.45,1536035
1310,2012-12-22,7.25,7.44,7.25,7.32,1028230
1310,2012-12-21,7.47,7.59,7.31,7.33,1672842
1310,2012-12-20,7.6,7.6,7.45,7.45,2300200
1310,2012-12-19,7.66,7.75,7.6,7.63,1858671
1310,2012-12-18,7.78,7.8,7.66,7.66,1224330
1310,2012-12-17,7.7,7.8,7.65,7.7,1793639
1310,2012-12-14,7.8,7.86,7.66,7.7,2147943
1310,2012-12-13,7.56,7.89,7.56,7.89,3872662
1310,2012-12-12,7.45,7.59,7.45,7.52,1810840
1310,2012-12-11,7.75,7.75,7.4,7.46,3434691
1310,2012-12-10,7.8,7.84,7.6,7.7,2457990
1310,2012-12-07,7.93,7.99,7.6,7.7,4015332
1310,2012-12-06,7.8,8.1,7.8,7.93,9371550
1310,2012-12-05,7.15,7.62,7.11,7.62,4828162
1310,2012-12-04,7.08,7.14,7.07,7.13,1675887
1310,2012-12-03,7.05,7.15,7.02,7.06,1944982
1310,2012-11-30,7.05,7.08,7.02,7.04,2629955
1310,2012-11-29,7,7.12,7,7.02,2602386
1310,2012-11-28,7.15,7.17,6.93,7.05,2168131
1310,2012-11-27,7.05,7.19,6.96,7.12,3048702
1310,2012-11-26,7.05,7.05,6.85,6.9,1821016
1310,2012-11-23,6.67,6.9,6.67,6.9,2324574
1310,2012-11-22,6.67,6.77,6.66,6.67,893040
1310,2012-11-21,6.74,6.8,6.66,6.66,1502864
1310,2012-11-20,6.86,6.94,6.72,6.76,1825205
1310,2012-11-19,6.86,6.96,6.8,6.82,1594122
1310,2012-11-16,6.84,6.95,6.82,6.85,1586127
1310,2012-11-15,6.95,6.95,6.75,6.84,1558830
1310,2012-11-14,6.94,7.02,6.94,6.95,1695326
1310,2012-11-13,7.15,7.15,6.92,6.94,2702039
1310,2012-11-12,7.35,7.35,7.1,7.1,3070768
1310,2012-11-09,7,7.35,7,7.3,3635665
1310,2012-11-08,7.01,7.1,6.94,7.04,2555317
1310,2012-11-07,6.98,7.2,6.8,7.2,4546947
1310,2012-11-06,6.8,6.8,6.55,6.78,4096405
1310,2012-11-05,6.91,7.09,6.77,6.8,6197138
1310,2012-11-02,7.8,7.84,7.17,7.26,9290791
1310,2012-11-01,7.3,7.8,7.29,7.7,2829915
1310,2012-10-31,7.5,7.57,7.34,7.4,1838624
1310,2012-10-30,7.24,7.63,7.24,7.48,3069820
1310,2012-10-29,7.8,7.8,7.31,7.31,4876210
1310,2012-10-26,8.42,8.5,7.84,7.86,4998805
1310,2012-10-25,8.75,8.83,8.4,8.42,2916369
1310,2012-10-24,8.55,8.82,8.55,8.67,2754095
1310,2012-10-23,8.97,9.12,8.9,8.9,1373511
1310,2012-10-22,9,9,8.75,8.97,2001666
1310,2012-10-19,9.13,9.13,9.01,9.04,1695674
1310,2012-10-18,9.2,9.21,9.05,9.12,2307851
1310,2012-10-17,9,9.12,9,9.06,3531371
1310,2012-10-16,8.8,9,8.75,8.83,3091788
1310,2012-10-15,9,9,8.55,8.75,5860914
1310,2012-10-12,9.45,9.83,9,9,9108123
1310,2012-10-11,9.97,9.97,9.44,9.44,6663656
1310,2012-10-09,10.5,10.5,9.8,9.99,8281056
1310,2012-10-08,10.9,10.9,10.3,10.35,5841251
1310,2012-10-05,10.35,10.45,10.15,10.3,3591473
1310,2012-10-04,10.4,10.4,10.1,10.3,3950111
1310,2012-10-03,10.5,10.5,10.3,10.45,3712458
1310,2012-10-02,10.6,10.7,10.3,10.4,4984581
1310,2012-10-01,10.2,10.5,10.2,10.4,7131224
1310,2012-09-28,9.9,10.05,9.88,10.05,6145602
1310,2012-09-27,9.81,9.94,9.81,9.83,3259545
1310,2012-09-26,9.8,9.86,9.72,9.81,3960551
1310,2012-09-25,9.5,9.9,9.4,9.88,12885164
1310,2012-09-24,10.25,10.25,9.21,9.86,13119564
1310,2012-09-21,9.5,9.92,9.49,9.9,6751480
1310,2012-09-20,10.2,10.4,9.35,9.68,12589617
1310,2012-09-19,9.8,10.1,9.73,9.98,6505228
1310,2012-09-18,9.75,9.8,9.52,9.6,6219760
1310,2012-09-17,9.2,9.77,9.2,9.75,10376011
1310,2012-09-14,9.2,9.3,9.1,9.15,7473455
1310,2012-09-13,8.9,9.2,8.63,9.03,10098978
1310,2012-09-12,8.42,8.63,8.42,8.62,5035829
1310,2012-09-11,8.5,8.5,8.3,8.4,3433466
1310,2012-09-10,8.5,8.58,8.4,8.5,6247788
1310,2012-09-07,8.29,8.29,8.1,8.13,2084962
1310,2012-09-06,8.05,8.18,8.02,8.1,2854332
1310,2012-09-05,8.02,8.06,8,8.06,1377353
1310,2012-09-04,7.86,8.07,7.86,8.02,1973596
1310,2012-09-03,7.86,7.96,7.83,7.85,2151150
1310,2012-08-31,8,8.06,7.95,7.95,1945179
1310,2012-08-30,8.07,8.1,8,8.01,1822090
1310,2012-08-29,8.3,8.3,8.03,8.07,2193433
1310,2012-08-28,8.32,8.35,7.99,8.06,5269082
1310,2012-08-27,8.2,8.33,8.15,8.25,6569140
1310,2012-08-24,7.78,8.19,7.75,8.08,5493146
1310,2012-08-23,7.68,7.78,7.62,7.78,2351630
1310,2012-08-22,7.65,7.76,7.64,7.68,2207964
1310,2012-08-21,7.8,7.8,7.62,7.65,2407871
1310,2012-08-20,7.86,7.9,7.56,7.58,4040503
1310,2012-08-17,7.78,8.03,7.73,7.83,7735002
1310,2012-08-16,7.4,7.7,7.4,7.6,10022510
1310,2012-08-15,7.85,8.2,7.85,7.85,9830585
1310,2012-08-14,8.28,8.8,8.16,8.44,13202560
1310,2012-08-13,8.3,8.3,8.01,8.27,10204015
1310,2012-08-10,7.58,7.9,7.35,7.76,6796792
1310,2012-08-09,6.96,7.43,6.95,7.43,6270805
1310,2012-08-08,7.15,7.16,6.93,6.95,2055664
1310,2012-08-07,7.11,7.21,7.1,7.13,1418047
1310,2012-08-06,7.26,7.3,7.11,7.13,1383622
1310,2012-08-03,7.26,7.3,7.24,7.24,1432622
1310,2012-08-01,7.2,7.3,7.13,7.28,1909375
1310,2012-07-31,7.26,7.29,7.1,7.2,2406155
1310,2012-07-30,7.21,7.3,7.2,7.25,3052013
1310,2012-07-27,7.25,7.28,7.11,7.21,4054175
1310,2012-07-26,6.95,7.43,6.95,7.22,8452366
1310,2012-07-25,6.55,6.97,6.54,6.95,5440357
1310,2012-07-24,6.45,6.56,6.45,6.52,1239124
1310,2012-07-23,6.38,6.55,6.38,6.45,1407239
1310,2012-07-20,6.4,6.46,6.38,6.38,461682
1310,2012-07-19,6.39,6.44,6.36,6.38,845610
1310,2012-07-18,6.5,6.5,6.37,6.4,312177
1310,2012-07-17,6.38,6.48,6.34,6.48,871291
1310,2012-07-16,6.3,6.34,6.25,6.3,363012
1310,2012-07-13,6.3,6.32,6.29,6.29,496370
1310,2012-07-12,6.35,6.37,6.31,6.32,457827
1310,2012-07-11,6.34,6.4,6.34,6.37,391670
1310,2012-07-10,6.42,6.43,6.34,6.35,399569
1310,2012-07-09,6.4,6.42,6.38,6.4,387275
1310,2012-07-06,6.38,6.46,6.37,6.4,553556
1310,2012-07-05,6.4,6.49,6.39,6.4,1042476
1310,2012-07-04,6.6,6.6,6.44,6.55,1070092
1310,2012-07-03,6.43,6.53,6.42,6.46,1254885
1310,2012-07-02,6.5,6.5,6.4,6.43,1213442
1310,2012-06-29,6.39,6.46,6.33,6.43,1097949
1310,2012-06-28,6.41,6.5,6.4,6.4,441860
1310,2012-06-27,6.45,6.5,6.36,6.4,443123
1310,2012-06-26,6.53,6.53,6.43,6.45,477047
1310,2012-06-25,6.69,6.69,6.52,6.59,563429
1310,2012-06-22,6.75,6.75,6.58,6.7,449711
1310,2012-06-21,6.72,6.85,6.7,6.79,376202
1310,2012-06-20,6.71,6.8,6.6,6.72,553279
1310,2012-06-19,6.57,6.67,6.56,6.58,266599
1310,2012-06-18,6.69,6.71,6.5,6.59,423252
1310,2012-06-15,6.34,6.45,6.34,6.43,443665
1310,2012-06-14,6.3,6.38,6.3,6.34,231044
1310,2012-06-13,6.33,6.4,6.32,6.33,248171
1310,2012-06-12,6.22,6.33,6.22,6.33,187000
1310,2012-06-11,6.35,6.4,6.31,6.31,226480
1310,2012-06-08,6.4,6.41,6.25,6.31,408269
1310,2012-06-07,6.38,6.45,6.35,6.4,473557
1310,2012-06-06,6.21,6.36,6.21,6.35,397396
1310,2012-06-05,6.2,6.32,6.2,6.21,487019
1310,2012-06-04,6.5,6.5,6.14,6.15,861709
1310,2012-06-01,6.66,6.66,6.56,6.57,349541
1310,2012-05-31,6.62,6.68,6.5,6.68,426237
1310,2012-05-30,6.8,6.8,6.6,6.67,514335
1310,2012-05-29,6.53,6.87,6.53,6.8,496626
1310,2012-05-28,6.5,6.57,6.48,6.52,343186
1310,2012-05-25,6.51,6.6,6.49,6.51,350533
1310,2012-05-24,6.72,6.75,6.5,6.5,815200
1310,2012-05-23,6.9,6.9,6.7,6.72,446543
1310,2012-05-22,6.85,6.93,6.85,6.88,274384
1310,2012-05-21,6.89,6.9,6.8,6.85,391696
1310,2012-05-18,6.9,6.91,6.75,6.8,953340
1310,2012-05-17,6.99,6.99,6.88,6.96,449393
1310,2012-05-16,7.05,7.06,6.9,6.9,617762
1310,2012-05-15,7,7.07,7,7.01,503138
1310,2012-05-14,7.01,7.07,6.98,6.98,650080
1310,2012-05-11,7.1,7.13,7.02,7.04,490607
1310,2012-05-10,7.1,7.16,7.07,7.07,516555
1310,2012-05-09,7.2,7.2,7.09,7.1,799919
1310,2012-05-08,7.35,7.35,7.2,7.22,422061
1310,2012-05-07,7.2,7.29,7.17,7.29,581994
1310,2012-05-04,7.25,7.3,7.19,7.26,725840
1310,2012-05-03,7.25,7.29,7.21,7.25,274135
1310,2012-05-02,7.16,7.3,7.07,7.25,1350978
1310,2012-04-30,7.11,7.2,7.11,7.16,276810
1310,2012-04-27,7.2,7.26,7.1,7.11,600060
1310,2012-04-26,7.25,7.32,7.19,7.2,436420
1310,2012-04-25,7.2,7.28,7.17,7.25,465807
1310,2012-04-24,7.18,7.29,7.11,7.16,317718
1310,2012-04-23,7.2,7.28,7.15,7.18,454629
1310,2012-04-20,7.35,7.36,7.1,7.18,510056
1310,2012-04-19,7.3,7.39,7.22,7.36,395599
1310,2012-04-18,7.4,7.48,7.27,7.3,626249
1310,2012-04-17,7.5,7.51,7.3,7.3,990265
1310,2012-04-16,7.55,7.64,7.48,7.48,588901
1310,2012-04-13,7.51,7.65,7.51,7.55,855870
1310,2012-04-12,7.6,7.6,7.42,7.51,477761
1310,2012-04-11,7.5,7.62,7.5,7.6,668374
1310,2012-04-10,7.5,7.73,7.5,7.62,735010
1310,2012-04-09,7.5,7.57,7.47,7.51,561949
1310,2012-04-06,7.37,7.65,7.34,7.6,1068413
1310,2012-04-05,7.27,7.37,7.1,7.34,1320541
1310,2012-04-03,7.72,7.72,7.51,7.52,921264
1310,2012-04-02,7.89,7.89,7.7,7.7,643311
1310,2012-03-30,7.72,7.9,7.65,7.9,1027106
1310,2012-03-29,8.02,8.02,7.6,7.72,2042750
1310,2012-03-28,8.03,8.04,8.01,8.02,729946
1310,2012-03-27,8.01,8.1,8.01,8.03,569067
1310,2012-03-26,8.2,8.2,7.99,8,861052
1310,2012-03-23,8.18,8.2,8.11,8.14,629929
1310,2012-03-22,8.1,8.21,8.1,8.18,1002511
1310,2012-03-21,8.02,8.14,8.02,8.11,778880
1310,2012-03-20,8.1,8.14,8.02,8.02,1224862
1310,2012-03-19,8.15,8.15,7.9,8.1,4097414
1310,2012-03-16,8.43,8.43,8.12,8.14,3448367
1310,2012-03-15,8.64,8.68,8.26,8.45,3585859
1310,2012-03-14,8.77,8.77,8.64,8.64,1231518
1310,2012-03-13,8.55,8.69,8.55,8.64,1224204
1310,2012-03-12,8.8,8.85,8.53,8.53,1170069
1310,2012-03-09,8.78,8.85,8.7,8.75,1159138
1310,2012-03-08,8.72,8.75,8.61,8.75,1049851
1310,2012-03-07,8.6,8.72,8.49,8.6,1555845
1310,2012-03-06,8.95,8.98,8.65,8.73,2231072
1310,2012-03-05,9,9.05,8.85,8.85,1632904
1310,2012-03-03,9.01,9.06,8.96,9,1161623
1310,2012-03-02,9.03,9.07,8.95,9.03,1899511
1310,2012-03-01,8.9,9.1,8.9,9.02,3476977
1310,2012-02-29,8.85,9.07,8.81,8.81,3101247
1310,2012-02-24,8.6,8.75,8.52,8.75,2965013
1310,2012-02-23,8.91,8.99,8.6,8.62,3303417
1310,2012-02-22,9.02,9.05,8.87,8.91,2298289
1310,2012-02-21,9.1,9.23,8.96,9.02,2789514
1310,2012-02-20,9.09,9.2,9,9.06,2776211
1310,2012-02-17,9.3,9.31,8.87,8.95,3646597
1310,2012-02-16,9,9.5,8.81,9.01,5813183
1310,2012-02-15,9.11,9.12,8.94,9.04,4329121
1310,2012-02-14,8.94,9.19,8.85,9.12,9950888
1310,2012-02-13,8.3,8.85,8.3,8.85,7012099
1310,2012-02-10,8.27,8.33,8.18,8.28,3172201
1310,2012-02-09,8.19,8.27,8.13,8.19,3031709
1310,2012-02-08,8.06,8.3,8.06,8.19,3671192
1310,2012-02-07,8.3,8.3,8,8.06,3609436
1310,2012-02-06,8.17,8.49,8.15,8.3,9110709
1310,2012-02-04,7.63,8.11,7.6,8.11,6497311
1310,2012-02-03,7.65,7.68,7.52,7.58,2530877
1310,2012-02-02,7.55,7.85,7.49,7.7,3265778
1310,2012-02-01,7.21,7.53,7.21,7.45,3407480
1310,2012-01-31,7.08,7.2,7.08,7.19,2581087
1310,2012-01-30,7.03,7.19,7.03,7.14,2103267
1310,2012-01-18,7.03,7.03,6.94,7,1430311
1310,2012-01-17,6.82,7.02,6.82,7.02,1625606
1310,2012-01-16,6.9,6.92,6.76,6.78,1800440
1310,2012-01-13,6.85,6.92,6.81,6.87,2565938
1310,2012-01-12,6.95,6.95,6.85,6.85,1999762
1310,2012-01-11,7,7.05,6.94,6.95,2630440
1310,2012-01-10,7.04,7.13,7.04,7.06,2178688
1310,2012-01-09,7.27,7.27,7.03,7.03,2093517
1310,2012-01-06,7.49,7.55,7.25,7.27,5551458
1310,2012-01-05,7,7.49,6.98,7.49,6458648
1310,2012-01-04,6.98,7.03,6.93,7,923555
1310,2012-01-03,6.91,7,6.91,6.96,302953
1310,2012-01-02,6.98,7.01,6.9,6.91,329340
1310,2013-12-31,21.1,21.25,21,21.05,3630734
1310,2013-12-30,20.9,21.35,20.85,21.1,5381546
1310,2013-12-27,21.05,21.2,20.85,20.9,4124931
1310,2013-12-26,20.5,21.2,20.35,20.95,6761567
1310,2013-12-25,20.95,21.1,20.5,20.6,4060802
1310,2013-12-24,21.15,21.5,20.95,20.95,4789702
1310,2013-12-23,21.55,21.7,21.1,21.2,5954347
1310,2013-12-20,21.9,21.95,21.45,21.5,5423039
1310,2013-12-19,21.3,21.65,21.15,21.6,12016978
1310,2013-12-18,21,21.3,21,21,5604266
1310,2013-12-17,20.65,21.45,20.45,20.95,13965080
1310,2013-12-16,20.5,20.7,20.35,20.45,6658612
1310,2013-12-13,19.95,20.5,19.7,20.4,7490056
1310,2013-12-12,19.8,19.9,19.65,19.65,5416627
1310,2013-12-11,20.2,20.25,19.9,19.9,10289499
1310,2013-12-10,19.9,20.2,19.6,20,11480535
1310,2013-12-09,20.3,20.7,19.6,19.9,20432187
1310,2013-12-06,21.55,21.55,20.05,20.35,30689546
1310,2013-12-05,21.9,22.15,21.55,21.55,7973651
1310,2013-12-04,21.95,22.2,21.9,22,4951915
1310,2013-12-03,22.1,22.4,22,22,5200418
1310,2013-12-02,22.5,22.55,22,22.1,6047562
1310,2013-11-29,22.45,22.6,22.15,22.4,9082696
1310,2013-11-28,21.75,22.6,21.75,22.2,10360395
1310,2013-11-27,21.9,21.95,21.6,21.75,8761299
1310,2013-11-26,22.45,22.5,21.9,22,6602312
1310,2013-11-25,22.1,22.4,22.05,22.15,2732088
1310,2013-11-22,22.15,22.45,21.95,22,5587401
1310,2013-11-21,22.2,22.3,21.7,21.85,3732634
1310,2013-11-20,22.2,22.35,21.9,22.2,5227117
1310,2013-11-19,22.55,22.6,21.8,22.2,5788744
1310,2013-11-18,22.2,22.7,22.1,22.45,6738647
1310,2013-11-15,22,22.25,21.6,22.2,7494186
1310,2013-11-14,21.2,22.15,20.85,21.85,11619791
1310,2013-11-13,21.55,22.55,21.55,21.55,30288326
1310,2013-11-12,23.65,24,22.5,23.15,8454956
1310,2013-11-11,23.8,23.95,23.45,23.7,4606194
1310,2013-11-08,23.5,24.15,23.3,23.55,8251648
1310,2013-11-07,23.6,23.85,23.05,23.5,10001268
1310,2013-11-06,22.5,23.8,22.3,23.6,12540620
1310,2013-11-05,21.9,22.65,21.9,22.5,6938618
1310,2013-11-04,22.4,22.4,21.9,22,4885623
1310,2013-11-01,22.4,22.6,22.05,22.4,5930429
1310,2013-10-31,21.65,22.4,21.4,22.4,6223204
1310,2013-10-30,21.85,22.05,21.5,21.7,6755598
1310,2013-10-29,22,22.3,21.8,21.9,6466314
1310,2013-10-28,22.4,22.7,21.95,22.15,6216167
1310,2013-10-25,22.4,22.65,22.15,22.5,9087035
1310,2013-10-24,21.55,22.15,21.5,22.15,4734410
1310,2013-10-23,21.1,21.8,21.1,21.55,5503055
1310,2013-10-22,21.5,21.7,20.95,21.4,9055810
1310,2013-10-21,22.6,22.8,21.1,21.85,16252081
1310,2013-10-18,22.9,23,22.45,22.65,4817774
1310,2013-10-17,23.3,23.3,22.7,22.8,8002601
1310,2013-10-16,22.4,23.45,22.15,22.8,11489303
1310,2013-10-15,21.9,22.65,21.9,22.6,12100908
1310,2013-10-14,22.8,22.8,21.7,21.8,9916671
1310,2013-10-11,23.95,23.95,22.75,22.9,10378615
1310,2013-10-09,24.1,24.4,23.3,23.6,15905646
1310,2013-10-08,23,24.5,22.95,24.5,15628666
1310,2013-10-07,23.7,23.7,22.55,23.2,17218309
1310,2013-10-04,23.2,23.9,22.7,23.7,12867755
1310,2013-10-03,22.5,23.95,22,23.2,27058477
1310,2013-10-02,21.5,22.4,21.5,22.4,25262526
1310,2013-10-01,20.05,21.15,20,20.95,19975495
1310,2013-09-30,19.85,20.3,19.55,20.05,15354993
1310,2013-09-27,19.15,20.1,18.95,19.85,31393184
1310,2013-09-26,18.9,19.4,18.75,18.8,13666613
1310,2013-09-25,18.5,19.1,18.3,19.1,10803357
1310,2013-09-24,18.4,18.65,18.3,18.4,3751911
1310,2013-09-23,17.9,18.65,17.9,18.3,4204680
1310,2013-09-18,18.4,18.5,18.25,18.3,2084333
1310,2013-09-17,18.65,18.8,18.3,18.4,3227198
1310,2013-09-16,18.3,18.8,18.3,18.6,3918957
1310,2013-09-14,18.15,18.5,18,18.3,3088710
1310,2013-09-13,18.45,18.6,18.15,18.15,2579617
1310,2013-09-12,17.9,18.8,17.9,18.35,5179380
1310,2013-09-11,18.15,18.2,17.85,17.95,3191931
1310,2013-09-10,18.6,18.9,18.15,18.15,5595803
1310,2013-09-09,19.25,19.3,18.6,18.65,4210254
1310,2013-09-06,19.5,19.55,19,19.25,4236013
1310,2013-09-05,19.45,19.75,19.3,19.5,6990890
1310,2013-09-04,18.5,19.3,18.45,19.3,7409163
1310,2013-09-03,18.25,18.7,18.15,18.5,5133045
1310,2013-09-02,18.25,18.45,18.15,18.15,3435951
1310,2013-08-30,18.3,18.5,18.15,18.25,2452294
1310,2013-08-29,18.2,18.55,18.1,18.25,2640100
1310,2013-08-28,18.3,18.3,18.05,18.2,2522279
1310,2013-08-27,18.75,19.05,18.55,18.55,5094958
1310,2013-08-26,18.55,18.8,18.55,18.65,2651455
1310,2013-08-23,18.5,18.9,18.3,18.55,6971724
1310,2013-08-22,17.3,18.35,17.05,18.3,8154298
1310,2013-08-20,18.9,19.05,17.75,17.75,12641990
1310,2013-08-19,19.75,19.75,18.85,19.05,6991770
1310,2013-08-16,19.15,19.7,18.65,19.6,8051870
1310,2013-08-15,20.1,20.2,19.35,19.35,12605860
1310,2013-08-14,20.5,20.6,20.05,20.35,7021105
1310,2013-08-13,19.85,20.5,19.85,20.5,11838658
1310,2013-08-12,19.55,19.8,19.25,19.7,7086162
1310,2013-08-09,19.5,19.9,19,19.4,12331573
1310,2013-08-08,18.7,19.8,18.7,19.25,18980051
1310,2013-08-07,17.9,18.7,17.8,18.6,13535136
1310,2013-08-06,17.65,18.25,17.65,17.9,7115135
1310,2013-08-05,17.4,17.7,17.4,17.65,3430063
1310,2013-08-02,17.8,17.85,17.3,17.4,4906975
1310,2013-08-01,17.35,17.85,17.35,17.55,4217542
1310,2013-07-31,17.8,17.85,17.25,17.3,3929806
1310,2013-07-30,18.15,18.3,17.75,17.8,5140082
1310,2013-07-29,18.1,18.6,17.65,17.8,7085450
1310,2013-07-26,17.6,18.2,16.8,18.2,9928996
1310,2013-07-25,18.3,18.5,17.5,17.55,8225822
1310,2013-07-24,18.3,18.5,18.1,18.3,6832224
1310,2013-07-23,18.8,18.9,18.15,18.3,11861931
1310,2013-07-22,17.4,18.6,17.4,18.55,10024046
1310,2013-07-19,17.85,17.9,17.15,17.4,9428484
1310,2013-07-18,18.25,18.3,17.1,17.85,13221658
1310,2013-07-17,17.05,18.15,17.05,18.1,15415914
1310,2013-07-16,16.7,17.1,16.5,17,6432909
1310,2013-07-15,16.6,17,16.6,16.65,6007240
1310,2013-07-12,16.1,16.7,16.1,16.6,14468000
1310,2013-07-11,15.8,16.2,15.5,16,9586851
1310,2013-07-10,15.4,16.4,15.4,15.6,18516072
1310,2013-07-09,14.6,15.4,14.45,15.4,12304535
1310,2013-07-08,14.4,14.6,14.2,14.6,4874926
1310,2013-07-05,14.75,14.75,14.35,14.4,7401224
1310,2013-07-04,14.6,14.8,14.35,14.55,7635112
1310,2013-07-03,14.2,14.6,13.85,14.45,13170598
1310,2013-07-02,13.7,14.3,13.65,13.95,10862170
1310,2013-07-01,13.3,13.8,13.2,13.6,4049845
1310,2013-06-28,13.65,13.7,13.3,13.3,2407603
1310,2013-06-27,13.4,13.6,13.15,13.6,2942936
1310,2013-06-26,13.4,13.45,13,13.15,3247903
1310,2013-06-25,13.45,13.45,12.75,12.85,4675263
1310,2013-06-24,13.65,14.15,13.5,13.5,4348362
1310,2013-06-21,12.9,13.7,12.85,13.5,5986908
1310,2013-06-20,13.6,13.6,13.35,13.4,4203586
1310,2013-06-19,13.6,14.15,13.6,13.7,5473074
1310,2013-06-18,13.5,13.7,13.4,13.55,4646101
1310,2013-06-17,13.05,13.55,12.95,13.4,6443609
1310,2013-06-14,12.65,12.9,12.35,12.9,3944632
1310,2013-06-13,12.65,12.9,12.55,12.55,3829298
1310,2013-06-11,13.2,13.5,12.85,13,6046711
1310,2013-06-10,12.5,13,12.25,13,6500182
1310,2013-06-07,12.55,12.9,11.7,12.15,8474606
1310,2013-06-06,13.3,13.35,12.5,12.55,9961494
1310,2013-06-05,13.25,13.55,13.25,13.4,3366722
1310,2013-06-04,14.1,14.1,13.25,13.45,7348433
1310,2013-06-03,13.3,14.15,13.25,13.9,8879862
1310,2013-05-31,13.85,14.5,13.45,13.65,19689593
1310,2013-05-30,12.9,13.65,12.9,13.65,13174263
1310,2013-05-29,12.75,13,12.35,12.8,8055925
1310,2013-05-28,12,12.65,11.85,12.65,9139819
1310,2013-05-27,11.9,12,11.85,11.85,5221864
1310,2013-05-24,11.2,11.95,11.15,11.85,7604939
1310,2013-05-23,11.1,11.25,11,11.2,3674874
1310,2013-05-22,11.2,11.4,11.1,11.1,2751796
1310,2013-05-21,10.85,11.35,10.85,11.2,3597637
1310,2013-05-20,10.9,11,10.85,10.9,2473638
1310,2013-05-17,10.9,11,10.75,10.8,3130672
1310,2013-05-16,11,11.1,10.8,10.85,6477239
1310,2013-05-15,10.3,10.95,10.3,10.95,8178391
1310,2013-05-14,10.1,10.3,10.1,10.25,2652303
1310,2013-05-13,10.15,10.2,10.1,10.1,1213825
1310,2013-05-10,10.2,10.25,10.05,10.15,1613060
1310,2013-05-09,10.2,10.35,10.15,10.25,1361833
1310,2013-05-08,10.3,10.35,10.15,10.2,1840374
1310,2013-05-07,10.5,10.5,10.25,10.3,2147256
1310,2013-05-06,10.4,10.5,10.2,10.45,5070292
1310,2013-05-03,10,10.3,10,10.15,2671310
1310,2013-05-02,9.98,10.1,9.98,10,1393481
1310,2013-04-30,10.1,10.15,9.99,10,1338539
1310,2013-04-29,10.05,10.15,9.98,9.98,2908927
1310,2013-04-26,9.93,10.2,9.93,9.94,2047125
1310,2013-04-25,10.15,10.15,9.9,9.96,1706575
1310,2013-04-24,10.1,10.25,10.05,10.05,2743488
1310,2013-04-23,9.86,10.15,9.85,10.05,2111082
1310,2013-04-22,10,10.15,9.84,9.86,3506292
1310,2013-04-19,10.05,10.2,10,10,2487173
1310,2013-04-18,10.2,10.2,10,10.05,3063354
1310,2013-04-17,10.2,10.35,10,10.2,4493242
1310,2013-04-16,10,10.25,9.8,10,5221127
1310,2013-04-15,9.6,10.2,9.57,10.2,7073030
1310,2013-04-12,9.8,9.89,9.55,9.6,4677826
1310,2013-04-11,9.37,9.94,9.37,9.77,12444601
1310,2013-04-10,8.7,9.3,8.7,9.3,6452106
1310,2013-04-09,8.8,8.87,8.7,8.7,1855289
1310,2013-04-08,8.72,8.8,8.67,8.79,2472153
1310,2013-04-03,8.7,9.01,8.7,8.91,2521831
1310,2013-04-02,8.65,8.74,8.65,8.7,1124262
1310,2013-04-01,8.75,8.8,8.65,8.69,1457010
1310,2013-03-29,8.75,8.8,8.7,8.73,751029
1310,2013-03-28,8.8,8.85,8.68,8.7,2082824
1310,2013-03-27,8.94,9,8.84,8.86,1298485
1310,2013-03-26,9,9.08,8.9,8.92,1261442
1310,2013-03-25,9,9.12,8.92,8.99,2609437
1310,2013-03-22,8.8,8.9,8.7,8.77,983097
1310,2013-03-21,8.93,8.98,8.83,8.86,2199322
1310,2013-03-20,8.65,8.84,8.6,8.78,2087357
1310,2013-03-19,8.58,8.6,8.45,8.5,1557764
1310,2013-03-18,8.79,8.8,8.43,8.45,2612236
1310,2013-03-15,8.86,8.9,8.79,8.79,1767532
1310,2013-03-14,8.88,8.94,8.8,8.85,1648090
1310,2013-03-13,8.85,9.04,8.85,8.88,1867299
1310,2013-03-12,8.8,9.18,8.8,8.9,3446714
1310,2013-03-11,8.92,8.98,8.75,8.8,3268785
1310,2013-03-08,9,9.04,8.81,8.9,2734677
1310,2013-03-07,9.04,9.04,8.78,8.96,3984150
1310,2013-03-06,9.02,9.2,9.02,9.04,5850542
1310,2013-03-05,8.79,9,8.79,9,9724889
1310,2013-03-04,8.54,8.83,8.39,8.61,9377839
1310,2013-03-01,8.3,8.3,8.09,8.3,4007632
1310,2013-02-27,7.9,7.96,7.75,7.76,1586370
1310,2013-02-26,7.77,7.92,7.75,7.9,3694809
1310,2013-02-25,7.9,7.9,7.7,7.77,2432402
1310,2013-02-23,7.84,7.98,7.7,7.88,4704903
1310,2013-02-22,7.23,7.6,7.23,7.52,2912818
1310,2013-02-21,7.21,7.27,7.21,7.23,981404
1310,2013-02-20,7.2,7.27,7.2,7.21,1646880
1310,2013-02-19,7.2,7.24,7.15,7.18,1267992
1310,2013-02-18,7.2,7.28,7.16,7.16,1286675
1310,2013-02-06,7.34,7.35,7.16,7.16,2473015
1310,2013-02-05,7.15,7.28,7.15,7.25,1924463
1310,2013-02-04,7.16,7.28,7.1,7.15,3483655
1310,2013-02-01,7.29,7.5,7.02,7.16,5353751
1310,2013-01-17,6.32,6.65,6.32,6.37,17577144
1310,2013-01-16,6.13,7.03,6.13,6.7,27875993
1310,2013-01-15,6.59,6.59,6.59,6.59,2748730
1310,2013-01-14,7.08,7.08,7.08,7.08,1459611
1310,2013-01-11,7.68,7.78,7.61,7.61,2896268
1310,2013-01-10,7.78,7.8,7.67,7.68,3836248
1310,2013-01-09,7.83,7.84,7.7,7.74,3330232
1310,2013-01-08,8.07,8.07,7.83,7.83,5597914
1310,2013-01-07,7.7,8.2,7.68,8.12,10495457
1310,2013-01-04,7.8,7.8,7.65,7.67,3611792
1310,2013-01-03,7.89,7.98,7.81,7.81,3005506
1310,2013-01-02,7.75,7.83,7.66,7.81,3416165
1310,2014-12-31,13.75,13.9,13.6,13.8,4929236
1310,2014-12-30,14,14.1,13.6,13.6,3754759
1310,2014-12-29,14.15,14.35,14,14,2153889
1310,2014-12-27,14.15,14.15,13.8,14,2006030
1310,2014-12-26,14,14.3,13.85,14,2324822
1310,2014-12-25,14.3,14.45,13.95,14,6000557
1310,2014-12-24,13.7,14.5,13.7,14.35,12244566
1310,2014-12-23,13.6,13.85,13.3,13.6,4936196
1310,2014-12-22,13.5,13.65,13.3,13.55,3661036
1310,2014-12-19,13.3,13.95,13.1,13.4,11743169
1310,2014-12-18,12.85,13.2,12.6,13.1,7730871
1310,2014-12-17,12.2,12.85,12.2,12.8,6178545
1310,2014-12-16,12.35,12.5,12.2,12.3,2043730
1310,2014-12-15,12.4,12.45,12.2,12.4,2243810
1310,2014-12-12,12.15,12.65,12.15,12.55,6495260
1310,2014-12-11,11.85,12.25,11.85,12.15,3414068
1310,2014-12-10,11.95,12.05,11.9,11.95,1023150
1310,2014-12-09,12.15,12.25,11.95,11.95,1893334
1310,2014-12-08,12.3,12.35,12.15,12.15,1332669
1310,2014-12-05,12.05,12.4,12.05,12.3,3534741
1310,2014-12-04,12,12.15,11.95,12.05,1536287
1310,2014-12-03,12,12.15,11.9,12,2460409
1310,2014-12-02,11.8,12.1,11.8,12.05,1255064
1310,2014-12-01,11.6,12.1,11.6,11.85,2323436
1310,2014-11-28,12.2,12.25,12,12.15,2006353
1310,2014-11-27,12.55,12.55,12.15,12.25,1701138
1310,2014-11-26,12.45,12.5,12.25,12.3,1455906
1310,2014-11-25,12.65,12.65,12.4,12.5,1825169
1310,2014-11-24,12.3,12.7,12.3,12.65,3457005
1310,2014-11-21,12.4,12.6,12.2,12.25,2043153
1310,2014-11-20,11.7,12.45,11.7,12.35,3258530
1310,2014-11-19,11.6,11.85,11.6,11.7,949464
1310,2014-11-18,11.8,11.95,11.6,11.6,1825282
1310,2014-11-17,12,12.1,11.7,11.8,1466678
1310,2014-11-14,12.2,12.2,12,12.1,1653490
1310,2014-11-13,12.15,12.25,12.1,12.2,672376
1310,2014-11-12,12.35,12.4,12.1,12.15,2469082
1310,2014-11-11,12.5,12.6,12.35,12.5,1260776
1310,2014-11-10,12.65,12.7,12.5,12.6,2269398
1310,2014-11-07,12.75,12.8,12.5,12.65,1968893
1310,2014-11-06,13.1,13.2,12.7,12.8,1872536
1310,2014-11-05,13.25,13.3,13.1,13.1,1969169
1310,2014-11-04,13.3,13.35,13.1,13.3,1874660
1310,2014-11-03,12.85,13.4,12.8,13.3,4636922
1310,2014-10-31,12.3,12.65,12.3,12.55,2948475
1310,2014-10-30,12.3,12.35,12.2,12.25,1210358
1310,2014-10-29,12.1,12.4,12,12.35,2245536
1310,2014-10-28,12.05,12.2,12,12.1,1543828
1310,2014-10-27,12.3,12.45,12,12,1986026
1310,2014-10-24,12.2,12.45,12.15,12.2,2571367
1310,2014-10-23,12.25,12.25,12.05,12.1,1159194
1310,2014-10-22,12.3,12.45,12.25,12.35,1339072
1310,2014-10-21,12.35,12.55,12.25,12.25,1309755
1310,2014-10-20,12.6,12.65,12.35,12.6,1890798
1310,2014-10-17,12.15,12.65,11.7,12.65,2943916
1310,2014-10-16,11.65,12.15,11.55,12.15,3030437
1310,2014-10-15,12.65,12.65,11.95,12,3007559
1310,2014-10-14,12.7,12.8,12.5,12.7,1454559
1310,2014-10-13,13.1,13.2,12.75,12.8,2970438
1310,2014-10-09,13.6,13.8,13.35,13.45,1861979
1310,2014-10-08,13.9,13.95,13.6,13.6,1257897
1310,2014-10-07,14.15,14.2,14,14,1391916
1310,2014-10-06,14,14.25,14,14.15,1552188
1310,2014-10-03,13.75,14.15,13.65,14,1974640
1310,2014-10-02,13.35,13.85,13.3,13.75,1201349
1310,2014-10-01,13.3,13.5,13.25,13.45,739166
1310,2014-09-30,13.4,13.45,13.1,13.3,2213159
1310,2014-09-29,13.4,13.55,13.4,13.5,782956
1310,2014-09-26,13.65,13.7,13.4,13.4,1292140
1310,2014-09-25,13.7,13.9,13.7,13.75,1871052
1310,2014-09-24,13.55,13.7,13.5,13.65,1035112
1310,2014-09-23,13.5,13.75,13.5,13.55,963733
1310,2014-09-22,13.65,13.65,13.5,13.6,868819
1310,2014-09-19,13.55,13.75,13.55,13.65,1508555
1310,2014-09-18,13.5,13.6,13.4,13.55,1632587
1310,2014-09-17,13.4,13.65,13.1,13.45,2864250
1310,2014-09-16,13.75,13.75,13.3,13.35,3140942
1310,2014-09-15,14.1,14.1,13.65,13.75,3280704
1310,2014-09-12,14.4,14.4,14.1,14.15,2070470
1310,2014-09-11,14.35,14.45,14.3,14.4,908206
1310,2014-09-10,14.3,14.5,14.3,14.35,1437956
1310,2014-09-09,14.5,14.6,14.35,14.45,1186350
1310,2014-09-05,14.6,14.6,14.35,14.5,2769905
1310,2014-09-04,14.6,14.75,14.5,14.6,2411353
1310,2014-09-03,14.95,14.95,14.75,14.85,1165619
1310,2014-09-02,15,15.05,14.9,14.95,1654893
1310,2014-09-01,15,15.1,14.9,15,1441945
1310,2014-08-29,14.8,15,14.7,14.9,1935865
1310,2014-08-28,15.1,15.1,14.9,14.9,2396971
1310,2014-08-27,14.5,15.1,14.5,15,6565036
1310,2014-08-26,15.75,15.85,15.55,15.65,8003848
1310,2014-08-25,15.6,15.75,15.6,15.75,3130202
1310,2014-08-22,15.5,15.7,15.4,15.6,2826121
1310,2014-08-21,15.5,15.5,15.25,15.5,2902142
1310,2014-08-20,16.25,16.35,15.15,15.5,6273704
1310,2014-08-19,16.2,16.6,16.15,16.25,4977576
1310,2014-08-18,16.3,16.3,16.1,16.2,1127280
1310,2014-08-15,16.1,16.4,16.05,16.3,1746644
1310,2014-08-14,16.4,16.5,16.15,16.15,2015039
1310,2014-08-13,16.05,16.4,15.95,16.3,2925080
1310,2014-08-12,15.3,16.3,15.3,16.05,5602356
1310,2014-08-11,15.1,15.4,15.1,15.25,1237034
1310,2014-08-08,15.3,15.35,14.9,15.2,2645263
1310,2014-08-07,15.25,15.45,15.1,15.35,3583827
1310,2014-08-06,16.25,16.25,15.15,15.2,9539629
1310,2014-08-05,15.65,16.65,15.65,16.25,6633207
1310,2014-08-04,16.9,17.15,16,16,8841002
1310,2014-08-01,16.5,17.3,16.45,17.2,2884961
1310,2014-07-31,17.85,17.9,17.5,17.65,1385860
1310,2014-07-30,17.3,17.95,17.3,17.85,3426369
1310,2014-07-29,17.35,17.55,17.3,17.3,1782020
1310,2014-07-28,17.5,17.7,17.35,17.35,2008210
1310,2014-07-25,17.75,17.8,17.4,17.5,3158436
1310,2014-07-24,17.85,17.95,17.65,17.75,1944696
1310,2014-07-22,17.9,18.2,17.85,17.9,1360136
1310,2014-07-21,18.1,18.15,17.85,17.9,1019079
1310,2014-07-18,17.7,18.25,17.7,18.05,2049064
1310,2014-07-17,18,18.2,17.85,17.9,1615413
1310,2014-07-16,17.85,18.25,17.65,18,2842455
1310,2014-07-15,17.65,17.85,17.65,17.8,1286207
1310,2014-07-14,17.6,17.85,17.45,17.6,2931884
1310,2014-07-11,17.95,18.1,17.2,17.65,4854863
1310,2014-07-10,17.85,18.05,17.8,17.95,4270532
1310,2014-07-09,17.9,18,17.8,17.85,2356079
1310,2014-07-08,17.85,18.15,17.8,17.9,2316694
1310,2014-07-07,18.15,18.15,17.8,17.85,4237172
1310,2014-07-04,18.65,18.65,18.15,18.2,4810626
1310,2014-07-03,18.55,18.65,18.5,18.6,2175143
1310,2014-07-02,18.75,18.95,18.55,18.55,4779152
1310,2014-07-01,18.95,19.1,18.7,18.75,7747493
1310,2014-06-30,18.65,19.3,18.65,18.9,8816695
1310,2014-06-27,18.55,18.8,18.5,18.6,5130986
1310,2014-06-26,18.5,18.65,18.4,18.45,2987041
1310,2014-06-25,18.6,18.65,18.4,18.45,2767554
1310,2014-06-24,18.4,18.75,18.4,18.6,4758932
1310,2014-06-23,18.35,18.9,18.35,18.35,11157232
1310,2014-06-20,18.5,18.6,18.25,18.3,3256884
1310,2014-06-19,18.45,18.7,18.4,18.45,4473722
1310,2014-06-18,18.6,18.75,18.15,18.35,6645570
1310,2014-06-17,18.95,18.95,18.4,18.5,11993166
1310,2014-06-16,18.1,19,17.9,19,27261990
1310,2014-06-13,17.7,18.05,17.7,17.8,2316328
1310,2014-06-12,17.7,18.15,17.65,17.75,8046296
1310,2014-06-11,17.5,17.75,17.45,17.7,2612137
1310,2014-06-10,17.4,17.8,17.25,17.55,4775676
1310,2014-06-09,17.45,17.5,17.4,17.4,1802012
1310,2014-06-06,17.7,17.7,17.45,17.45,2978991
1310,2014-06-05,17.95,17.95,17.65,17.65,2720993
1310,2014-06-04,18.1,18.15,17.9,17.95,2288264
1310,2014-06-03,17.9,18.2,17.9,18.1,3561179
1310,2014-05-30,17.85,18,17.75,17.9,2841969
1310,2014-05-29,17.6,18.2,17.6,17.85,6085111
1310,2014-05-28,17.55,17.65,17.5,17.55,2003035
1310,2014-05-27,17.6,17.75,17.35,17.55,3319891
1310,2014-05-26,17.65,17.75,17.5,17.5,2049050
1310,2014-05-23,17.35,17.7,17.35,17.55,4147368
1310,2014-05-22,17.3,17.4,17.2,17.25,1844039
1310,2014-05-21,17.15,17.55,17.15,17.2,3934712
1310,2014-05-20,17.15,17.3,17.1,17.2,1095468
1310,2014-05-19,17.2,17.5,17.15,17.15,2371772
1310,2014-05-16,17.3,17.4,17.05,17.2,1986100
1310,2014-05-15,17.4,17.7,17.35,17.45,2502159
1310,2014-05-14,17.4,17.5,17.3,17.4,2082508
1310,2014-05-13,17.5,17.8,17.35,17.4,4915314
1310,2014-05-12,17.85,17.85,17.5,17.6,1882439
1310,2014-05-09,18.05,18.25,17.7,17.85,3806804
1310,2014-05-08,18.3,18.3,17.95,18,2006202
1310,2014-05-07,18,18.1,17.8,17.95,1895438
1310,2014-05-06,18.1,18.3,17.8,18,3300486
1310,2014-05-05,17.45,18.05,17.35,18,5309329
1310,2014-05-02,17,17.4,17,17.2,2654695
1310,2014-04-30,17.2,17.3,16.8,16.95,2513236
1310,2014-04-29,17.15,17.3,17.05,17.2,2815263
1310,2014-04-28,16.75,17.15,16.55,17.15,5533933
1310,2014-04-25,17.8,17.9,16.6,17.1,7523426
1310,2014-04-24,18.35,18.4,17.75,17.8,5308158
1310,2014-04-23,18.8,18.85,18.35,18.35,4252716
1310,2014-04-22,19,19.2,18.7,18.7,4376461
1310,2014-04-21,18.6,19.1,18.6,18.85,5708900
1310,2014-04-18,18.6,18.7,18.45,18.55,2490512
1310,2014-04-17,18.7,18.9,18.5,18.5,4254637
1310,2014-04-16,18.5,18.75,18.35,18.7,3978121
1310,2014-04-15,18.6,18.75,18.4,18.5,2673334
1310,2014-04-14,18.5,18.7,18.4,18.6,2824557
1310,2014-04-11,18.25,18.6,18,18.6,4512431
1310,2014-04-10,18.9,19.05,18.25,18.35,9990947
1310,2014-04-09,19.1,19.15,18.85,18.9,5204870
1310,2014-04-08,19.3,19.3,19,19,4550880
1310,2014-04-07,18.8,19.45,18.65,19.15,8915919
1310,2014-04-03,18.8,19.1,18.6,18.9,7845766
1310,2014-04-02,19.1,19.25,18.75,18.8,20718322
1310,2014-04-01,17.7,18.8,17.7,18.8,19586758
1310,2014-03-31,17.6,17.75,17.5,17.6,2646077
1310,2014-03-28,17.65,17.8,17.4,17.45,4055822
1310,2014-03-27,17.6,17.75,17.55,17.65,4228944
1310,2014-03-26,17.7,17.85,17.35,17.4,4960147
1310,2014-03-25,17.65,17.95,17.5,17.65,4480720
1310,2014-03-24,17.7,17.9,17.3,17.65,4345034
1310,2014-03-21,18.1,18.3,17.7,17.95,6785054
1310,2014-03-20,18,18.55,17.65,18.1,13366376
1310,2014-03-19,17.4,18.1,17.3,18.1,17722849
1310,2014-03-18,17.15,17.3,17,17,6108240
1310,2014-03-17,17.5,17.5,16.95,17.15,11658285
1310,2014-03-14,15.9,17.15,15.7,17.15,25392178
1310,2014-03-13,16.3,16.4,15.9,16.05,15948022
1310,2014-03-12,17,17.1,16.35,16.4,12014908
1310,2014-03-11,17.1,17.4,16.9,17,8094557
1310,2014-03-10,18.2,18.25,16.95,17.1,13449143
1310,2014-03-07,18.4,18.7,18.2,18.2,5267874
1310,2014-03-06,19,19.05,18.3,18.4,14492056
1310,2014-03-05,19.3,19.35,19,19,6332771
1310,2014-03-04,19.2,19.6,19.05,19.2,6548721
1310,2014-03-03,19.35,19.4,19.15,19.2,3349086
1310,2014-02-27,19.4,19.55,19.15,19.25,5628312
1310,2014-02-26,19.65,19.75,19.35,19.4,7398470
1310,2014-02-25,20.1,20.35,19.75,19.75,9126268
1310,2014-02-24,19.3,20,19.3,20,8951273
1310,2014-02-21,19.35,19.45,19.25,19.3,3670678
1310,2014-02-20,19.1,19.5,19.05,19.25,8721949
1310,2014-02-19,19.8,19.95,19,19.15,14281425
1310,2014-02-18,20.3,20.35,19.6,19.8,12778763
1310,2014-02-17,20.15,20.55,20.15,20.25,7892629
1310,2014-02-14,20.15,20.3,20.05,20.1,5555415
1310,2014-02-13,20.3,20.3,20,20.15,6887642
1310,2014-02-12,20.25,20.6,20.25,20.35,6053016
1310,2014-02-11,20.5,20.55,20.15,20.2,7688243
1310,2014-02-10,20.75,21.25,20.3,20.55,8693799
1310,2014-02-07,21,21.35,20.65,20.75,5983477
1310,2014-02-06,21.15,21.55,20.9,21,6295061
1310,2014-02-05,21.4,21.55,21.05,21.15,5770849
1310,2014-01-27,21.9,21.9,21.35,21.9,4308327
1310,2014-01-24,22.25,22.3,21.95,22.05,3864314
1310,2014-01-23,21.6,22.3,21.6,22.25,8050988
1310,2014-01-22,21.5,21.8,21.45,21.6,6186492
1310,2014-01-21,22.1,22.2,21.15,21.55,12318120
1310,2014-01-20,22,22.35,21.95,22.1,3690924
1310,2014-01-17,22.1,22.15,21.8,22,6312831
1310,2014-01-16,22.55,22.65,21.9,22.25,9447610
1310,2014-01-15,22.45,22.8,22.35,22.35,6193657
1310,2014-01-14,22.8,22.8,22.1,22.5,8963193
1310,2014-01-13,23.35,23.55,22.9,22.9,4424077
1310,2014-01-10,23.1,23.5,22.8,23.2,10217289
1310,2014-01-09,23.5,25.1,22.65,23,32779493
1310,2014-01-08,23.9,23.95,23.4,23.5,14804282
1310,2014-01-07,22.8,23.85,22.75,23.65,22911989
1310,2014-01-06,22.45,22.9,22.3,22.7,13670352
1310,2014-01-03,21.65,22.75,21.6,22.45,21308974
1310,2014-01-02,21.2,21.8,21.1,21.65,9185678
1310,2015-12-31,17.4,17.4,16.95,17.05,5960178
1310,2015-12-30,17.3,17.45,17.05,17.4,7871968
1310,2015-12-29,17.05,17.4,16.75,17.3,10391460
1310,2015-12-28,17.2,17.25,16.95,17.2,8441338
1310,2015-12-25,16.75,17.25,16.65,17,14906187
1310,2015-12-24,16.45,16.7,16.45,16.65,11200958
1310,2015-12-23,16.35,16.6,16.1,16.15,8013570
1310,2015-12-22,16,16.6,15.95,16.2,15474391
1310,2015-12-21,15.5,15.95,15.45,15.8,9104738
1310,2015-12-18,15.6,15.6,15.1,15.5,5333367
1310,2015-12-17,15.6,16.1,15.5,15.6,16543830
1310,2015-12-16,14.25,15.5,14.2,15.5,15410399
1310,2015-12-15,14.05,14.2,14,14.1,2147051
1310,2015-12-14,13.65,14.05,13.55,13.95,1656569
1310,2015-12-11,13.7,13.95,13.65,13.65,1290111
1310,2015-12-10,13.8,13.95,13.65,13.65,1611014
1310,2015-12-09,13.75,14.1,13.75,13.8,2551489
1310,2015-12-08,14,14,13.75,13.8,1302243
1310,2015-12-07,13.85,14,13.8,13.9,1498101
1310,2015-12-04,13.85,13.95,13.75,13.85,1320723
1310,2015-12-03,13.45,14,13.45,13.75,2450022
1310,2015-12-02,13.45,13.5,13.4,13.4,1543047
1310,2015-12-01,13.35,13.55,13.3,13.35,1816701
1310,2015-11-30,13.45,13.45,13.15,13.4,1069707
1310,2015-11-27,13.4,13.6,13.4,13.45,698257
1310,2015-11-26,13.5,13.7,13.35,13.4,1644432
1310,2015-11-25,13.65,13.7,13.45,13.5,1205002
1310,2015-11-24,14,14,13.55,13.7,1360448
1310,2015-11-23,13.8,14,13.7,13.9,1308158
1310,2015-11-20,13.65,13.75,13.6,13.6,711477
1310,2015-11-19,13.7,13.8,13.55,13.65,757646
1310,2015-11-18,13.7,13.8,13.65,13.7,1187281
1310,2015-11-17,13.35,13.7,13.35,13.7,1719416
1310,2015-11-16,13,13.4,13,13.35,1830373
1310,2015-11-13,13.9,13.9,13.35,13.4,4202346
1310,2015-11-12,13.95,14,13.85,14,998310
1310,2015-11-11,14.15,14.15,13.9,13.95,1003004
1310,2015-11-10,14,14.1,13.85,14.1,871872
1310,2015-11-09,14,14.2,13.95,14,1537899
1310,2015-11-06,14.2,14.2,14,14,1252259
1310,2015-11-05,14.15,14.25,14.05,14.2,1563404
1310,2015-11-04,14.15,14.3,14.1,14.15,1208143
1310,2015-11-03,14.1,14.1,14,14.05,1360104
1310,2015-11-02,14.2,14.2,14,14.05,702613
1310,2015-10-30,14.15,14.2,14.05,14.15,746319
1310,2015-10-29,14.3,14.35,14.1,14.15,696140
1310,2015-10-28,14.4,14.5,14.2,14.35,746661
1310,2015-10-27,14.25,14.5,14.2,14.4,2300604
1310,2015-10-26,14.15,14.3,14.15,14.25,1209296
1310,2015-10-23,14.2,14.25,14.1,14.1,1357865
1310,2015-10-22,14,14.2,14,14,892167
1310,2015-10-21,14.1,14.15,13.95,14,935460
1310,2015-10-20,14.15,14.2,14,14.15,1523038
1310,2015-10-19,14.3,14.4,14.15,14.15,1136106
1310,2015-10-16,14.1,14.25,14.05,14.15,1956065
1310,2015-10-15,14.1,14.2,14.05,14.05,1196149
1310,2015-10-14,14,14.2,14,14.1,1318216
1310,2015-10-13,14.05,14.3,14,14.05,1406106
1310,2015-10-12,14.1,14.35,14,14.05,1667910
1310,2015-10-08,14.15,14.2,13.9,14,1618887
1310,2015-10-07,13.95,14.2,13.95,14.15,1492608
1310,2015-10-06,14.25,14.4,14,14,3653127
1310,2015-10-05,13.8,14.2,13.7,14.05,4167135
1310,2015-10-02,13.55,13.8,13.45,13.8,2337525
1310,2015-10-01,13.45,13.6,13.4,13.5,1610231
1310,2015-09-30,13.2,13.55,13.2,13.5,1518275
1310,2015-09-25,13.2,13.5,13.15,13.5,1526052
1310,2015-09-24,13.35,13.7,13.15,13.3,2486592
1310,2015-09-23,13.1,13.35,13.05,13.35,2252925
1310,2015-09-22,13.3,13.35,13.15,13.2,1094102
1310,2015-09-21,13.25,13.3,13,13.3,1013546
1310,2015-09-18,13.05,13.45,12.95,13.4,2932896
1310,2015-09-17,13.1,13.3,13,13,2553812
1310,2015-09-16,13,13.05,12.95,12.95,884844
1310,2015-09-15,13,13,12.9,12.95,767180
1310,2015-09-14,13.05,13.1,12.9,13,1205503
1310,2015-09-11,13.3,13.35,13.1,13.1,1191309
1310,2015-09-10,12.9,13.3,12.9,13.3,2078847
1310,2015-09-09,12.8,13.05,12.8,13,3564049
1310,2015-09-08,12.85,12.95,12.7,12.95,1141633
1310,2015-09-07,12.85,12.95,12.55,12.85,1452400
1310,2015-09-04,12.95,13.05,12.8,12.85,1356390
1310,2015-09-03,13,13,12.7,12.9,1618084
1310,2015-09-02,12.7,12.95,12.65,12.9,1563808
1310,2015-09-01,12.75,13.15,12.6,13,3130756
1310,2015-08-31,12.5,12.75,12.3,12.75,2085118
1310,2015-08-28,12.15,12.5,12.05,12.5,3411374
1310,2015-08-27,11.7,12.2,11.65,11.95,2875132
1310,2015-08-26,11.4,11.7,11.1,11.6,2227995
1310,2015-08-25,10.85,11.5,10.75,11.45,3699105
1310,2015-08-24,12,12.05,11.3,11.3,10558993
1310,2015-08-21,13.05,13.1,12.5,12.55,5432998
1310,2015-08-20,13.75,13.75,13,13.4,3849562
1310,2015-08-19,14.2,14.35,13.5,13.6,4372920
1310,2015-08-18,14.5,14.55,14.2,14.25,1734883
1310,2015-08-17,14.45,14.6,14.35,14.35,2821349
1310,2015-08-14,14.5,14.7,14.2,14.3,2691667
1310,2015-08-13,15,15,14.4,14.4,6474488
1310,2015-08-12,14.75,15.15,14.6,15.05,5646628
1310,2015-08-11,15,15,14.7,14.75,2674259
1310,2015-08-10,14.55,14.8,14.4,14.7,3134698
1310,2015-08-07,14.2,14.7,14.15,14.5,1886617
1310,2015-08-06,14.45,14.55,14.25,14.35,1074049
1310,2015-08-05,14,14.5,14,14.45,2152972
1310,2015-08-04,14.7,14.7,13.9,14,3196968
1310,2015-08-03,14.7,14.7,14.4,14.6,1417633
1310,2015-07-31,14.8,14.9,14.7,14.75,1076275
1310,2015-07-30,14.6,14.9,14.6,14.8,1625495
1310,2015-07-29,14.5,14.65,14.5,14.55,1516223
1310,2015-07-28,14.6,14.75,14.35,14.55,2386716
1310,2015-07-27,14.9,15.1,14.6,14.65,2894805
1310,2015-07-24,14.95,15.15,14.9,15,1918152
1310,2015-07-23,15,15.4,14.95,14.95,5163405
1310,2015-07-22,14.75,15.05,14.6,15.05,2651966
1310,2015-07-21,15,15.1,14.55,14.8,2600547
1310,2015-07-20,15.05,15.25,14.75,15,3918575
1310,2015-07-17,14.5,15.1,14.5,14.9,3919549
1310,2015-07-16,14.4,14.55,14.4,14.45,1435166
1310,2015-07-15,14.55,14.7,14.35,14.45,1885307
1310,2015-07-14,14.5,14.95,14.5,14.6,2901673
1310,2015-07-13,13.9,14.5,13.85,14.5,5588969
1310,2015-07-09,13.55,13.65,13,13.55,6411600
1310,2015-07-08,14.35,14.55,13.85,13.85,4407420
1310,2015-07-07,14.7,14.8,14.3,14.45,3068566
1310,2015-07-06,14.95,15.05,14.8,14.8,1449819
1310,2015-07-03,14.85,15,14.75,15,1837223
1310,2015-07-02,15.1,15.15,14.85,14.9,2521404
1310,2015-07-01,15.05,15.2,14.85,15.1,2577870
1310,2015-06-30,14.6,15.05,14.5,15.05,2278580
1310,2015-06-29,14.65,14.75,14.25,14.65,2423840
1310,2015-06-26,14.65,14.7,14.35,14.5,2828546
1310,2015-06-25,14.75,14.75,14.55,14.65,2106450
1310,2015-06-24,14.8,14.85,14.65,14.75,1188554
1310,2015-06-23,14.85,15,14.75,14.75,2164542
1310,2015-06-22,14.85,14.9,14.6,14.75,2181499
1310,2015-06-18,14.85,14.9,14.75,14.75,1304256
1310,2015-06-17,14.75,14.9,14.6,14.9,1742886
1310,2015-06-16,15.1,15.1,14.8,14.85,2059175
1310,2015-06-15,15.05,15.3,14.95,15.05,2211562
1310,2015-06-12,15.4,15.4,15,15.05,2244243
1310,2015-06-11,15.25,15.5,15.2,15.4,4508455
1310,2015-06-10,14.95,15.35,14.9,15.25,4691388
1310,2015-06-09,14.4,15.05,14.4,14.8,6313577
1310,2015-06-08,14.3,14.6,14.05,14.45,4378062
1310,2015-06-05,14.75,14.85,14.1,14.3,5703731
1310,2015-06-04,15.15,15.3,14.7,14.75,4233146
1310,2015-06-03,14.9,15.4,14.8,15.25,5644194
1310,2015-06-02,15.1,15.15,14.65,14.9,4217354
1310,2015-06-01,15.1,15.55,15,15.15,5685656
1310,2015-05-29,15.05,15.25,14.8,15.1,6455181
1310,2015-05-28,15.35,15.4,15,15.2,6246116
1310,2015-05-27,15.7,15.75,14.95,15.3,11786391
1310,2015-05-26,16,16.1,15.7,15.7,3697650
1310,2015-05-25,16.05,16.3,15.85,16,6416755
1310,2015-05-22,16,16.4,15.85,16.1,10012567
1310,2015-05-21,16.1,16.1,15.85,16.05,4898042
1310,2015-05-20,16.05,16.2,15.85,15.95,5963402
1310,2015-05-19,16.1,16.15,15.75,16.1,7938184
1310,2015-05-18,15.5,16.15,15.5,16,13263877
1310,2015-05-15,14.7,15.5,14.6,15.35,11816696
1310,2015-05-14,14.55,14.6,14.35,14.5,2567135
1310,2015-05-13,14,14.5,14,14.5,2287252
1310,2015-05-12,14.2,14.3,13.85,14,2826802
1310,2015-05-11,14.4,14.5,14,14.2,2523004
1310,2015-05-08,15,15.15,13.95,14.2,7784873
1310,2015-05-07,15.3,15.35,14.9,15,2969726
1310,2015-05-06,15.05,15.3,15.05,15.25,3011420
1310,2015-05-05,14.85,15.25,14.85,15.05,2106140
1310,2015-05-04,15,15.15,14.85,14.85,2393374
1310,2015-04-30,14.85,15,14.75,14.9,1874233
1310,2015-04-29,15.2,15.2,14.45,14.8,6753201
1310,2015-04-28,15.3,15.35,15.05,15.2,2364844
1310,2015-04-27,15.45,15.45,15.05,15.15,3051268
1310,2015-04-24,15.6,15.65,15.3,15.3,2234636
1310,2015-04-23,15.2,15.7,15.2,15.4,3500409
1310,2015-04-22,15.1,15.3,14.8,15.2,4226852
1310,2015-04-21,16.05,16.15,14.9,15.15,9584462
1310,2015-04-20,15.95,16.3,15.85,16,3468790
1310,2015-04-17,16.05,16.15,15.9,15.95,3077390
1310,2015-04-16,15.9,16.05,15.9,15.9,4926979
1310,2015-04-15,15.8,16.2,15.8,15.8,6929735
1310,2015-04-14,15.75,15.9,15.55,15.8,4444767
1310,2015-04-13,15.3,15.8,15.3,15.75,7092192
1310,2015-04-10,15.3,15.5,15.25,15.3,2136457
1310,2015-04-09,15.35,15.7,15.2,15.25,7027658
1310,2015-04-08,15.4,15.45,15.15,15.25,5266682
1310,2015-04-07,14.8,15.4,14.8,15.3,6519672
1310,2015-04-02,14.75,14.8,14.65,14.75,1766839
1310,2015-04-01,14.8,14.8,14.45,14.6,3668180
1310,2015-03-31,15.1,15.1,14.8,14.85,3299252
1310,2015-03-30,14.95,15.25,14.95,15.05,4441703
1310,2015-03-27,15,15.35,14.9,15,6964245
1310,2015-03-26,14.95,15.2,14.9,14.9,6875439
1310,2015-03-25,14.4,15.2,14.4,14.95,10177562
1310,2015-03-24,14.5,14.55,14.25,14.35,4151291
1310,2015-03-23,14.05,14.25,14.05,14.1,1508477
1310,2015-03-20,14.35,14.4,13.9,14.05,4286395
1310,2015-03-19,14.4,14.55,14.35,14.4,1947232
1310,2015-03-18,14.2,14.45,14.2,14.35,1908436
1310,2015-03-17,14.4,14.6,14.2,14.2,3779481
1310,2015-03-16,14.65,14.75,14.35,14.4,3634250
1310,2015-03-13,15,15.05,14.65,14.75,3683578
1310,2015-03-12,15.1,15.15,14.8,14.85,3754506
1310,2015-03-11,14.75,15.1,14.7,15.05,5262317
1310,2015-03-10,15.15,15.25,14.7,14.9,5484000
1310,2015-03-09,15,15.3,14.95,15.15,11064960
1310,2015-03-06,14.3,15.1,14.3,15,18154403
1310,2015-03-05,14,14.3,13.95,14.15,7671005
1310,2015-03-04,13.55,14.2,13.55,13.95,7187953
1310,2015-03-03,13.5,13.7,13.45,13.55,1749024
1310,2015-03-02,13.4,13.55,13.4,13.5,1101864
1310,2015-02-26,13.45,13.55,13.35,13.4,1271751
1310,2015-02-25,13.3,13.5,13.3,13.4,1387171
1310,2015-02-24,13.4,13.5,13.3,13.3,1774833
1310,2015-02-13,13.25,13.45,13.25,13.35,1213369
1310,2015-02-12,13.45,13.5,13.15,13.25,3660423
1310,2015-02-11,13.65,13.7,13.4,13.45,2062236
1310,2015-02-10,13.65,13.8,13.6,13.65,1787309
1310,2015-02-09,13.65,13.85,13.65,13.75,1212028
1310,2015-02-06,13.9,13.95,13.55,13.65,1939013
1310,2015-02-05,13.85,13.9,13.75,13.8,2506120
1310,2015-02-04,13.95,14.1,13.75,14,8733155
1310,2015-02-03,13.4,13.95,13.4,13.7,6106548
1310,2015-02-02,13.45,13.55,13.25,13.3,1776690
1310,2015-01-30,13.55,13.6,13.3,13.3,1029383
1310,2015-01-29,13.45,13.6,13.45,13.5,948925
1310,2015-01-28,13.35,13.65,13.35,13.45,2932775
1310,2015-01-27,13.6,13.65,13.4,13.5,2279150
1310,2015-01-26,13.45,13.6,13.45,13.6,1607736
1310,2015-01-23,13.7,13.75,13.45,13.45,2774490
1310,2015-01-22,13.3,13.7,13.3,13.6,3067461
1310,2015-01-21,13.5,13.55,13.1,13.25,2913303
1310,2015-01-20,13.45,13.6,13.3,13.5,5913775
1310,2015-01-19,13.7,13.7,13.4,13.45,1236566
1310,2015-01-16,13.6,13.75,13.4,13.45,3541750
1310,2015-01-15,14,14.1,13.6,13.75,3450707
1310,2015-01-14,14.05,14.15,13.9,14,2165297
1310,2015-01-13,13.8,14.25,13.8,13.95,3325368
1310,2015-01-12,13.85,13.95,13.7,13.75,2582064
1310,2015-01-09,14.3,14.3,13.85,13.95,3540126
1310,2015-01-08,13.8,14.3,13.8,14.2,6909295
1310,2015-01-07,13.9,14,13.6,13.7,3123954
1310,2015-01-06,14.1,14.1,13.85,13.95,2959446
1310,2015-01-05,13.8,14.3,13.7,14.3,4579009
1310,2016-12-30,19.65,19.95,19.5,19.95,4442360
1310,2016-12-29,19.6,19.75,19.5,19.65,2184849
1310,2016-12-28,19.45,19.8,19.35,19.6,4426438
1310,2016-12-27,19.85,19.85,19.45,19.45,3045244
1310,2016-12-26,19.45,19.85,19.45,19.85,4433424
1310,2016-12-23,19.8,19.85,19.3,19.3,8388208
1310,2016-12-22,20.3,20.4,19.9,19.95,4368559
1310,2016-12-21,20.3,20.4,20.25,20.3,3950104
1310,2016-12-20,20.25,20.35,20,20.15,5923691
1310,2016-12-19,20.7,20.7,19.8,20.05,11595387
1310,2016-12-16,21.25,21.35,20.75,20.75,6142461
1310,2016-12-15,20.95,21.2,20.7,21.2,4853750
1310,2016-12-14,21.1,21.3,20.9,20.95,5086793
1310,2016-12-13,21.2,21.3,20.8,21.05,7339957
1310,2016-12-12,21.6,21.6,21.05,21.15,6250647
1310,2016-12-09,21.7,21.9,21.25,21.35,9836789
1310,2016-12-08,21.85,21.85,21.35,21.45,7595164
1310,2016-12-07,21.8,22.05,21.5,21.6,10048911
1310,2016-12-06,21.7,21.8,21.3,21.6,10043530
1310,2016-12-05,21.75,21.85,21.3,21.55,8584333
1310,2016-12-02,21.4,21.65,21.25,21.5,15954741
1310,2016-12-01,21.5,21.9,21,21.15,19986390
1310,2016-11-30,21.1,21.2,20.7,21,10729224
1310,2016-11-29,21.5,21.5,21,21.3,12097383
1310,2016-11-28,20.3,21.3,20.3,21.3,25868447
1310,2016-11-25,20.55,20.7,20,20.2,13537885
1310,2016-11-24,20.8,20.9,20.55,20.65,7038508
1310,2016-11-23,20.7,20.9,20.2,20.7,21496471
1310,2016-11-22,21,21.35,20.55,20.6,25881559
1310,2016-11-21,19.85,20.85,19.7,20.85,30449026
1310,2016-11-18,19.25,19.65,19.2,19.5,20759298
1310,2016-11-17,19.1,19.3,18.9,19.05,23242611
1310,2016-11-16,19.3,19.3,18.85,18.85,23296881
1310,2016-11-15,18.5,19,18.5,18.95,29688936
1310,2016-11-14,18.4,18.4,17.75,18.15,21952185
1310,2016-11-11,16.85,17.3,16.75,16.8,7042657
1310,2016-11-10,16.4,17,16.35,16.95,5382020
1310,2016-11-09,16.6,16.65,16,16.1,3017451
1310,2016-11-08,16.7,16.7,16.45,16.55,1655590
1310,2016-11-07,16.6,16.7,16.5,16.65,1342264
1310,2016-11-04,16.15,16.55,16.15,16.55,2659779
1310,2016-11-03,16.2,16.3,16,16.15,2598287
1310,2016-11-02,16.6,16.7,16.2,16.2,4152161
1310,2016-11-01,16.7,16.85,16.6,16.75,1541168
1310,2016-10-31,16.8,16.8,16.55,16.7,1698779
1310,2016-10-28,17.05,17.1,16.9,16.9,3131703
1310,2016-10-27,17,17.1,16.8,16.85,2047734
1310,2016-10-26,16.9,17,16.8,16.95,2072474
1310,2016-10-25,16.85,17.2,16.8,16.95,4233520
1310,2016-10-24,17,17.05,16.85,16.9,2104562
1310,2016-10-21,17.15,17.15,16.8,17,5220320
1310,2016-10-20,16.9,17.2,16.8,17.1,9148240
1310,2016-10-19,16.6,16.8,16.55,16.8,5217852
1310,2016-10-18,16.4,16.75,16.4,16.5,5591254
1310,2016-10-17,16.6,16.65,16.4,16.5,2589031
1310,2016-10-14,16.4,16.7,16.3,16.5,6375224
1310,2016-10-13,16.15,16.55,16.15,16.35,5477276
1310,2016-10-12,16.15,16.2,16,16.1,1432459
1310,2016-10-11,16.55,16.6,16.05,16.2,4148811
1310,2016-10-07,16.1,16.4,16.05,16.4,5509912
1310,2016-10-06,16.15,16.15,15.95,16.1,1552246
1310,2016-10-05,16.1,16.1,15.9,16,899844
1310,2016-10-04,15.95,16.1,15.9,16.1,1312381
1310,2016-10-03,15.9,16.05,15.85,15.9,661688
1310,2016-09-30,16.05,16.1,15.85,15.9,1356468
1310,2016-09-29,15.95,16.15,15.9,16.15,3189739
1310,2016-09-26,15.8,15.9,15.75,15.8,727003
1310,2016-09-23,15.85,15.95,15.8,15.8,1333715
1310,2016-09-22,16,16,15.85,15.85,1086661
1310,2016-09-21,15.85,16,15.75,15.95,1212561
1310,2016-09-20,15.9,15.95,15.85,15.9,454332
1310,2016-09-19,15.75,16,15.75,15.9,1429290
1310,2016-09-14,15.7,15.8,15.6,15.65,1718457
1310,2016-09-13,16.1,16.1,15.7,15.75,1471856
1310,2016-09-12,16.1,16.1,15.85,15.85,2275851
1310,2016-09-10,16.15,16.2,16,16.05,1887371
1310,2016-09-09,16.3,16.4,16.2,16.4,2040363
1310,2016-09-08,16.3,16.35,16.15,16.3,1920113
1310,2016-09-07,16.2,16.4,16.2,16.25,2880879
1310,2016-09-06,16.3,16.35,16.1,16.2,2015867
1310,2016-09-05,16.15,16.4,16.1,16.25,2991908
1310,2016-09-02,16.35,16.4,16,16,2735285
1310,2016-09-01,16.35,16.4,16.2,16.25,2700898
1310,2016-08-31,16,16.4,15.85,16.25,5735895
1310,2016-08-30,15.95,16,15.9,16,1750878
1310,2016-08-29,15.85,15.95,15.8,15.9,1794949
1310,2016-08-26,15.8,15.9,15.75,15.85,1571410
1310,2016-08-25,15.9,16.05,15.85,15.9,1589661
1310,2016-08-24,15.85,15.95,15.8,15.85,1201228
1310,2016-08-23,15.95,16,15.65,15.8,2785632
1310,2016-08-22,16.1,16.2,15.95,15.95,1774886
1310,2016-08-19,15.95,16.2,15.9,16.1,5357103
1310,2016-08-18,15.7,15.9,15.7,15.85,1458501
1310,2016-08-17,15.95,15.95,15.55,15.7,4116340
1310,2016-08-16,15.9,16,15.9,15.95,2584590
1310,2016-08-15,16,16.1,15.85,15.85,4355483
1310,2016-08-12,16,16.3,16,16.1,2678603
1310,2016-08-11,16.1,16.15,15.9,16,2059561
1310,2016-08-10,15.9,16.3,15.9,16.1,5366454
1310,2016-08-09,16,16.05,15.8,15.8,2227829
1310,2016-08-08,16.05,16.15,15.9,16,2317559
1310,2016-08-05,16,16.1,15.75,15.95,9364311
1310,2016-08-04,16.95,17,16.8,16.95,8832401
1310,2016-08-03,16.8,17,16.8,16.9,6350468
1310,2016-08-02,16.85,16.95,16.8,16.85,7277166
1310,2016-08-01,16.9,17.05,16.85,16.9,4809901
1310,2016-07-29,16.85,17,16.7,16.9,2926168
1310,2016-07-28,17,17,16.75,16.85,3110825
1310,2016-07-27,16.65,17.15,16.65,16.85,7055659
1310,2016-07-26,16.8,16.9,16.5,16.6,4291551
1310,2016-07-25,17,17.45,16.8,16.85,11121727
1310,2016-07-22,16.35,16.7,16.25,16.6,6831898
1310,2016-07-21,16.2,16.4,16.2,16.25,3682428
1310,2016-07-20,16.1,16.55,16.05,16.15,10929633
1310,2016-07-19,15.85,16.1,15.8,16.05,3422231
1310,2016-07-18,15.85,15.95,15.8,15.8,1631616
1310,2016-07-15,16.05,16.05,15.7,15.8,3544238
1310,2016-07-14,15.6,16.1,15.6,15.9,4736490
1310,2016-07-13,15.65,15.7,15.5,15.55,2337408
1310,2016-07-12,15.4,15.65,15.4,15.6,1264131
1310,2016-07-11,15.65,15.7,15.5,15.5,2145984
1310,2016-07-07,15.65,15.75,15.6,15.65,993969
1310,2016-07-06,15.9,15.9,15.55,15.6,1819833
1310,2016-07-05,15.75,15.95,15.75,15.95,2475004
1310,2016-07-04,15.9,15.9,15.65,15.75,1484883
1310,2016-07-01,15.6,15.95,15.6,15.8,3714328
1310,2016-06-30,15.65,15.8,15.4,15.7,5665307
1310,2016-06-29,15.15,15.6,15.15,15.45,3156525
1310,2016-06-28,15.05,15.2,15,15.1,1445389
1310,2016-06-27,14.95,15.2,14.9,15.05,1221133
1310,2016-06-24,15.2,15.4,14.9,14.95,3232407
1310,2016-06-23,15.25,15.3,15.1,15.15,1236037
1310,2016-06-22,15.45,15.5,15.3,15.35,1701152
1310,2016-06-21,15.4,15.55,15.35,15.45,1857369
1310,2016-06-20,15.1,15.35,15.1,15.3,2043285
1310,2016-06-17,15.1,15.15,14.95,15.05,1685832
1310,2016-06-16,15.1,15.1,15,15,1622065
1310,2016-06-15,15.15,15.2,15,15.05,1405098
1310,2016-06-14,15.2,15.2,15.05,15.15,944755
1310,2016-06-13,15.5,15.5,15.05,15.1,2516381
1310,2016-06-08,15.65,15.8,15.5,15.55,1474722
1310,2016-06-07,15.55,15.8,15.5,15.6,1847114
1310,2016-06-06,15.45,15.55,15.3,15.45,1714523
1310,2016-06-04,15.55,15.65,15.4,15.45,1280479
1310,2016-06-03,15.7,15.8,15.55,15.55,1506814
1310,2016-06-02,15.95,16,15.7,15.7,2402310
1310,2016-06-01,15.75,16.2,15.7,15.95,3047454
1310,2016-05-31,16,16,15.7,15.75,2130350
1310,2016-05-30,15.8,16,15.8,15.9,2126882
1310,2016-05-27,16.2,16.35,16,16,4462757
1310,2016-05-26,15.65,16.15,15.55,16.05,7576594
1310,2016-05-25,15.5,15.55,15.45,15.55,2092382
1310,2016-05-24,15.5,15.5,15.25,15.4,1653912
1310,2016-05-23,15.15,15.4,15.1,15.4,2569982
1310,2016-05-20,15.3,15.3,15,15.05,2167874
1310,2016-05-19,15.05,15.4,15,15.25,2093432
1310,2016-05-18,15.15,15.2,15,15.05,1456100
1310,2016-05-17,15.2,15.35,15.1,15.15,2450610
1310,2016-05-16,15.2,15.25,14.8,15.1,6222818
1310,2016-05-13,14.9,14.9,14.45,14.55,3889597
1310,2016-05-12,14.95,15.05,14.7,14.75,2385071
1310,2016-05-11,15.45,15.45,15,15.05,1917833
1310,2016-05-10,15.2,15.4,15,15.4,2187772
1310,2016-05-09,15.35,15.6,15.25,15.4,2693838
1310,2016-05-06,15.4,15.55,15,15.3,4388856
1310,2016-05-05,15.75,15.9,15.2,15.4,5360978
1310,2016-05-04,15.7,16.05,15.7,15.9,2036997
1310,2016-05-03,16,16.1,15.65,15.9,4117130
1310,2016-04-29,16.8,16.8,16,16.2,6654222
1310,2016-04-28,17.2,17.25,16.85,16.95,3819323
1310,2016-04-27,17.1,17.3,17.05,17.25,2350132
1310,2016-04-26,17.45,17.45,17,17.1,2309069
1310,2016-04-25,17.3,17.35,16.95,17.05,2326228
1310,2016-04-22,17.5,17.6,17.05,17.4,3509563
1310,2016-04-21,17.6,17.7,17.4,17.5,3292952
1310,2016-04-20,17.85,17.95,17.5,17.55,3576010
1310,2016-04-19,18.25,18.25,17.8,17.85,4562394
1310,2016-04-18,18.25,18.4,18.15,18.3,4614380
1310,2016-04-15,18,18.45,17.95,18.2,6949871
1310,2016-04-14,18.05,18.1,17.7,18,4186800
1310,2016-04-13,17.55,17.9,17.5,17.9,5740971
1310,2016-04-12,18.3,18.3,17.3,17.45,11205437
1310,2016-04-11,18.45,18.5,18.1,18.1,7684854
1310,2016-04-08,18.35,18.4,18.05,18.3,4343630
1310,2016-04-07,18.3,18.45,18.1,18.35,9894790
1310,2016-04-06,18.05,18.35,17.8,18.35,13727090
1310,2016-04-01,17.8,18.05,17.65,17.7,12344567
1310,2016-03-31,18.1,18.15,17.65,17.65,7590194
1310,2016-03-30,17.8,18.2,17.6,17.95,16227580
1310,2016-03-29,17.9,17.95,17.2,17.5,10060030
1310,2016-03-28,18.45,18.5,17.9,17.95,12437920
1310,2016-03-25,18,18.8,18,18.35,25143691
1310,2016-03-24,16.9,18.1,16.8,17.8,14730645
1310,2016-03-23,17,17.05,16.75,16.8,2971264
1310,2016-03-22,17.2,17.25,16.7,16.8,4799369
1310,2016-03-21,17.05,17.2,16.9,17.15,2944848
1310,2016-03-18,17.1,17.15,16.85,17,2048532
1310,2016-03-17,17.5,17.55,16.9,17,3498773
1310,2016-03-16,16.8,17.45,16.6,17.3,4965873
1310,2016-03-15,17.5,17.5,16.75,16.85,5400975
1310,2016-03-14,17.75,17.8,17.5,17.55,3875781
1310,2016-03-11,17.9,17.9,17.5,17.65,4922105
1310,2016-03-10,18,18.25,17.8,17.8,4024091
1310,2016-03-09,18.35,18.35,17.7,17.75,4602349
1310,2016-03-08,18.55,18.6,18.15,18.2,6234007
1310,2016-03-07,17.9,18.5,17.9,18.4,12156856
1310,2016-03-04,17.75,17.85,17.55,17.75,3892715
1310,2016-03-03,17.7,18.05,17.55,17.65,8478661
1310,2016-03-02,17.75,17.85,17.5,17.5,8780185
1310,2016-03-01,17.75,17.75,17.2,17.5,10523489
1310,2016-02-26,18.85,18.85,18.15,18.3,10566502
1310,2016-02-25,19,19.2,18.7,18.9,9934955
1310,2016-02-24,18.9,19.05,18.65,19.05,8391231
1310,2016-02-23,19.1,19.2,18.65,18.95,10514610
1310,2016-02-22,18.35,19.05,18.25,19,12638287
1310,2016-02-19,18,18.25,17.95,18.15,6526007
1310,2016-02-18,18,18.25,17.45,18,10998940
1310,2016-02-17,19.25,19.25,17.75,17.8,15408907
1310,2016-02-16,19.4,19.4,18.85,19.15,13286576
1310,2016-02-15,18.25,19.4,18.25,19.4,19723787
1310,2016-02-03,17.95,18.3,17.9,18.1,8687458
1310,2016-02-02,17.75,18.15,17.55,18,8770109
1310,2016-02-01,17.2,17.8,17.2,17.8,10276927
1310,2016-01-30,17.25,17.45,17.05,17.25,5862730
1310,2016-01-29,17,17.05,16.8,16.95,4314989
1310,2016-01-28,17.3,17.5,16.75,16.85,5653281
1310,2016-01-27,17.45,17.45,17.05,17.3,5104713
1310,2016-01-26,17.4,17.8,17.15,17.2,6575459
1310,2016-01-25,17.3,17.95,17.15,17.55,9741280
1310,2016-01-22,16.95,17.25,16.55,16.8,6221273
1310,2016-01-21,17,17.35,15.75,16.5,8787540
1310,2016-01-20,17.95,18.15,16.85,17,8115900
1310,2016-01-19,17.6,18.1,17.3,18.05,8190526
1310,2016-01-18,17.3,17.95,17.25,17.7,5214647
1310,2016-01-15,17.5,18.15,17.35,17.6,6994835
1310,2016-01-14,17.6,17.8,17.1,17.3,8176983
1310,2016-01-13,18.1,18.4,17.8,18,6063848
1310,2016-01-12,18.35,18.45,17.65,17.95,13310282
1310,2016-01-11,17.5,18.55,17.45,18.05,16780720
1310,2016-01-08,16.25,17.3,16.25,17.3,9490743
1310,2016-01-07,16.7,16.75,16.05,16.35,6250677
1310,2016-01-06,17.15,17.15,16.4,16.8,5476464
1310,2016-01-05,16.8,17.1,16.7,17.05,4022446
1310,2016-01-04,17,17.1,16.75,16.8,4130299
1310,2017-12-29,22.6,23.5,22.55,22.7,29129594
1310,2017-12-28,22.8,23,22.25,22.35,19798638
1310,2017-12-27,21.45,22.8,21.45,22.35,43102992
1310,2017-12-26,21.35,21.55,21.25,21.25,3598978
1310,2017-12-25,21.25,21.3,21.15,21.25,1503503
1310,2017-12-22,21.25,21.4,21.1,21.25,2398745
1310,2017-12-21,21.1,21.55,21.1,21.3,3301819
1310,2017-12-20,21.25,21.4,21.05,21.1,3049488
1310,2017-12-19,21.6,21.65,21.25,21.25,3310492
1310,2017-12-18,21.6,21.8,21.5,21.55,3492364
1310,2017-12-15,21.5,21.5,21.3,21.5,1959361
1310,2017-12-14,21.5,21.6,21.35,21.4,2595803
1310,2017-12-13,21.4,21.6,21.3,21.4,2211140
1310,2017-12-12,21.6,21.8,21.35,21.35,5897742
1310,2017-12-11,21.6,21.6,21.3,21.55,2991440
1310,2017-12-08,21.45,21.6,21.25,21.45,4301101
1310,2017-12-07,21.4,21.6,21.2,21.25,5232403
1310,2017-12-06,21.6,21.7,20.9,21.15,7371649
1310,2017-12-05,21.85,22.1,21.55,21.55,13271618
1310,2017-12-04,21.15,21.9,21.1,21.9,17385823
1310,2017-12-01,21.4,21.5,20.8,21.05,4668862
1310,2017-11-30,21.1,21.6,21.05,21.35,5690328
1310,2017-11-29,21.25,21.4,21,21.1,3629177
1310,2017-11-28,21.35,21.5,21.25,21.25,2394517
1310,2017-11-27,21.35,21.55,21.2,21.35,2538936
1310,2017-11-24,21.9,21.95,21.4,21.4,9030632
1310,2017-11-23,21.45,21.9,21.25,21.75,13220061
1310,2017-11-22,21.6,21.75,21.25,21.25,5637284
1310,2017-11-21,21.45,21.8,21.4,21.45,7535658
1310,2017-11-20,21.2,21.3,21.05,21.25,4407269
1310,2017-11-17,21,21.3,20.95,21.05,4201496
1310,2017-11-16,21,21.2,20.85,20.85,3313886
1310,2017-11-15,21.15,21.15,20.9,21.1,3410387
1310,2017-11-14,21.75,21.75,20.85,21.05,12962494
1310,2017-11-13,21.3,21.9,21.25,21.55,24042023
1310,2017-11-10,20.45,21.25,20.3,21.15,17044841
1310,2017-11-09,20.7,20.75,20.3,20.3,2883267
1310,2017-11-08,20.85,20.9,20.6,20.6,3351709
1310,2017-11-07,21.05,21.1,20.8,20.85,5144583
1310,2017-11-06,20.7,21.05,20.6,21,10988961
1310,2017-11-03,20.6,20.65,20.4,20.55,2281954
1310,2017-11-02,20.5,20.65,20.35,20.5,2733374
1310,2017-11-01,20.4,20.5,20.25,20.35,1190155
1310,2017-10-31,20.25,20.5,20.2,20.4,1754411
1310,2017-10-30,20.4,20.4,20.15,20.2,1342651
1310,2017-10-27,20.35,20.4,20.25,20.3,1672016
1310,2017-10-26,20.15,20.3,20.1,20.3,909137
1310,2017-10-25,20.5,20.5,20.1,20.15,1774875
1310,2017-10-24,20.5,20.55,20.3,20.4,1428587
1310,2017-10-23,20.8,20.85,20.5,20.5,3515372
1310,2017-10-20,19.85,20.75,19.85,20.75,6000658
1310,2017-10-19,20,20.1,19.95,19.95,1534706
1310,2017-10-18,20,20.1,19.95,19.95,1138379
1310,2017-10-17,20.15,20.2,19.95,19.95,1690564
1310,2017-10-16,20.2,20.25,20,20.1,1796916
1310,2017-10-13,19.85,20.2,19.85,20.15,2663860
1310,2017-10-12,19.95,20,19.75,19.8,2340671
1310,2017-10-11,20.05,20.1,19.95,19.95,2488339
1310,2017-10-06,20,20.05,19.8,19.95,1316812
1310,2017-10-05,19.9,19.95,19.75,19.9,1242150
1310,2017-10-03,20.25,20.25,19.85,19.9,2627333
1310,2017-10-02,19.9,20.15,19.8,20.15,2263760
1310,2017-09-30,19.6,19.95,19.6,19.9,1677401
1310,2017-09-29,19.7,19.75,19.35,19.45,4958149
1310,2017-09-28,19.9,19.95,19.65,19.7,3299894
1310,2017-09-27,19.8,20.35,19.75,19.9,3345684
1310,2017-09-26,19.85,20.1,19.65,19.65,3345641
1310,2017-09-25,20.05,20.15,19.65,19.85,3717395
1310,2017-09-22,20.4,20.5,20.1,20.1,2783041
1310,2017-09-21,20.35,20.55,20.25,20.4,1976879
1310,2017-09-20,21.1,21.1,20.3,20.3,7508433
1310,2017-09-19,21.05,21.35,21,21,3533043
1310,2017-09-18,21.2,21.2,21,21.05,3241391
1310,2017-09-15,21.35,21.4,21,21.1,2927973
1310,2017-09-14,21.1,21.4,20.75,21.2,4363420
1310,2017-09-13,21.4,21.5,21,21.1,7621431
1310,2017-09-12,21.85,21.9,21.5,21.5,6988461
1310,2017-09-11,21.35,21.6,21.2,21.55,6604290
1310,2017-09-08,21.55,21.55,21.2,21.25,4384042
1310,2017-09-07,21.35,21.6,21.2,21.3,5907038
1310,2017-09-06,21.5,21.5,21,21.15,5273563
1310,2017-09-05,21.8,21.85,21.35,21.45,6906401
1310,2017-09-04,21.3,21.7,21.2,21.3,12782471
1310,2017-09-01,21.35,21.65,21.15,21.15,10932212
1310,2017-08-31,20.85,21.1,20.6,21.1,12985827
1310,2017-08-30,20.75,20.9,20.5,20.65,11736755
1310,2017-08-29,19.6,20.6,19.55,20.2,20934062
1310,2017-08-28,19.7,19.85,19.25,19.4,5958263
1310,2017-08-25,19.8,19.8,19.6,19.6,2715032
1310,2017-08-24,19.65,19.8,19.6,19.75,3381568
1310,2017-08-23,20,20.3,19.6,19.6,5503858
1310,2017-08-22,19.3,20.2,19.25,19.95,8785068
1310,2017-08-21,19.25,19.4,19.2,19.25,2143957
1310,2017-08-18,19.25,19.3,19.1,19.2,2211899
1310,2017-08-17,19.3,19.45,19.3,19.4,2212074
1310,2017-08-16,19.25,19.45,19.15,19.25,2720892
1310,2017-08-15,19.55,19.6,19.1,19.25,5249530
1310,2017-08-14,20.3,20.3,19.3,19.4,10218452
1310,2017-08-11,20.4,20.5,20.2,20.5,5745644
1310,2017-08-10,20.85,21,20.55,20.55,5447244
1310,2017-08-09,21.25,21.4,21,21,3514532
1310,2017-08-08,21.5,21.55,21.2,21.2,4154181
1310,2017-08-07,21.35,21.8,21.3,21.55,9911332
1310,2017-08-04,20.85,21.45,20.85,21.25,7278582
1310,2017-08-03,20.85,20.95,20.8,20.85,1882359
1310,2017-08-02,21.2,21.25,20.9,20.95,2809733
1310,2017-08-01,20.85,21.2,20.85,21.1,3739702
1310,2017-07-31,20.8,21.05,20.75,20.85,2258773
1310,2017-07-28,21.1,21.15,20.7,20.75,3918594
1310,2017-07-27,21,21.15,21,21.1,1654563
1310,2017-07-26,21.15,21.2,21,21,2183145
1310,2017-07-25,20.95,21.15,20.85,21.05,1927821
1310,2017-07-24,21.15,21.15,20.8,20.8,2442402
1310,2017-07-21,21.2,21.25,21,21.1,1978747
1310,2017-07-20,21.4,21.45,21.15,21.2,2521654
1310,2017-07-19,21.35,21.4,21.15,21.25,2875031
1310,2017-07-18,21.25,21.5,21.25,21.25,3027114
1310,2017-07-17,21.35,21.45,21.15,21.2,2369188
1310,2017-07-14,21.45,21.5,21.3,21.3,2810192
1310,2017-07-13,21.4,21.5,20.95,21.4,6650880
1310,2017-07-12,20.85,21.35,20.8,21.35,7153756
1310,2017-07-11,20.85,20.85,20.7,20.75,2535928
1310,2017-07-10,20.8,21,20.7,20.7,3006387
1310,2017-07-07,20.75,20.85,20.65,20.7,1926031
1310,2017-07-06,20.8,20.95,20.7,20.75,3576648
1310,2017-07-05,20.8,20.85,20.55,20.7,6579833
1310,2017-07-04,21.2,21.25,20.9,20.9,5933015
1310,2017-07-03,21.4,21.5,21.3,21.3,3881965
1310,2017-06-30,21.25,21.7,21.25,21.5,7146301
1310,2017-06-29,22,22.2,21.25,21.25,34300485
1310,2017-06-28,23.9,24.35,23.9,24.1,20500505
1310,2017-06-27,24.25,24.3,23.9,24.1,14991557
1310,2017-06-26,24.4,24.5,24.25,24.4,12097974
1310,2017-06-23,24.3,24.4,24.2,24.4,5533100
1310,2017-06-22,24.3,24.5,24.2,24.35,10282887
1310,2017-06-21,24.15,24.3,24.05,24.3,7743872
1310,2017-06-20,24.2,24.3,24.05,24.15,6999342
1310,2017-06-19,24.25,24.45,24.15,24.2,8843166
1310,2017-06-16,24,24.25,23.85,24.25,7497083
1310,2017-06-15,24.05,24.05,23.75,24,8495302
1310,2017-06-14,23.5,24.45,23.5,24.1,25615345
1310,2017-06-13,23.55,23.6,23.4,23.45,2181759
1310,2017-06-12,23.2,23.6,23.15,23.55,2738133
1310,2017-06-09,23.5,23.5,23.25,23.3,4373777
1310,2017-06-08,23.55,23.55,23.45,23.5,2296218
1310,2017-06-07,23.65,23.65,23.5,23.55,2404410
1310,2017-06-06,23.7,23.75,23.55,23.65,2609974
1310,2017-06-05,23.55,23.85,23.5,23.7,2786484
1310,2017-06-03,23.7,23.75,23.4,23.55,4314335
1310,2017-06-02,23.75,23.9,23.65,23.7,4378804
1310,2017-06-01,23.7,23.95,23.65,23.7,3411627
1310,2017-05-31,23.85,23.9,23.7,23.7,3037078
1310,2017-05-26,23.9,23.95,23.7,23.85,4878574
1310,2017-05-25,23.6,23.9,23.6,23.9,9510514
1310,2017-05-24,23.6,23.65,23.55,23.6,2616812
1310,2017-05-23,23.7,23.8,23.45,23.6,3827990
1310,2017-05-22,23.25,23.65,23.2,23.65,7651370
1310,2017-05-19,23.1,23.25,23.05,23.15,2321034
1310,2017-05-18,23,23.3,22.8,23.1,3426888
1310,2017-05-17,23.35,23.4,23.15,23.3,2162568
1310,2017-05-16,23.4,23.45,23.2,23.3,3407309
1310,2017-05-15,23.15,23.45,23.15,23.25,3823156
1310,2017-05-12,22.8,23.35,22.8,23.25,9593765
1310,2017-05-11,22.6,22.75,22.5,22.5,2686922
1310,2017-05-10,22.4,22.7,22.35,22.65,4452890
1310,2017-05-09,23.2,23.2,22.15,22.35,8490157
1310,2017-05-08,23.15,23.25,23,23,4069897
1310,2017-05-05,23.4,23.4,23.15,23.2,4188776
1310,2017-05-04,23.3,23.55,23.15,23.4,3271226
1310,2017-05-03,23,23.7,23,23.25,3654834
1310,2017-05-02,23.15,23.3,23.1,23.1,2421328
1310,2017-04-28,23.35,23.4,23.15,23.15,4487316
1310,2017-04-27,23.2,23.7,23.1,23.45,10635033
1310,2017-04-26,23.1,23.25,22.9,23.15,2397322
1310,2017-04-25,22.8,23.1,22.8,23.05,3068027
1310,2017-04-24,22.95,23.05,22.7,22.8,2562714
1310,2017-04-21,22.9,23.2,22.8,22.95,4278789
1310,2017-04-20,22.95,23.2,22.6,22.7,5638194
1310,2017-04-19,23.25,23.3,23.05,23.1,3519781
1310,2017-04-18,23.5,23.5,23.2,23.4,3244848
1310,2017-04-17,23.3,23.45,22.9,23.25,5666633
1310,2017-04-14,23.8,23.8,23.15,23.3,9253926
1310,2017-04-13,23.85,24.1,23.8,23.85,4698503
1310,2017-04-12,23.95,24.1,23.8,23.85,4587427
1310,2017-04-11,24.05,24.55,24,24,6669064
1310,2017-04-10,24.2,24.25,24.05,24.1,6760968
1310,2017-04-07,24.6,24.6,24.25,24.35,8183018
1310,2017-04-06,24.8,24.9,24.55,24.65,5794303
1310,2017-04-05,24.85,25.1,24.75,24.8,10879928
1310,2017-03-31,24.8,24.85,24.65,24.8,7899893
1310,2017-03-30,24.5,25.1,24.5,24.8,23698913
1310,2017-03-29,24.2,24.45,24.05,24.35,5539366
1310,2017-03-28,24.25,24.5,23.8,24.05,12411718
1310,2017-03-27,24.6,24.8,24.2,24.2,12411681
1310,2017-03-24,25.2,25.2,24.5,24.6,17850954
1310,2017-03-23,25.3,25.45,25.2,25.3,16264365
1310,2017-03-22,24.7,25.2,24.6,25.15,12777939
1310,2017-03-21,25,25.35,24.9,25.05,19381402
1310,2017-03-20,24.7,25,24.6,25,13904370
1310,2017-03-17,24.7,24.8,24.4,24.7,11433464
1310,2017-03-16,24.4,24.8,24.3,24.7,36944039
1310,2017-03-15,23.15,24.1,23,23.9,23651343
1310,2017-03-14,23.35,23.45,23.1,23.2,7507742
1310,2017-03-13,23.5,23.7,23,23.2,18616950
1310,2017-03-10,22.7,23.4,21.8,23.4,19217434
1310,2017-03-09,23.25,23.25,22.65,22.7,12260491
1310,2017-03-08,22.4,23.35,22.3,23.35,14512299
1310,2017-03-07,22.4,22.6,22.1,22.4,5675922
1310,2017-03-06,22.15,22.7,21.9,22.5,10245960
1310,2017-03-03,21.95,22.1,21.6,21.9,7985273
1310,2017-03-02,22.7,22.75,21.95,22.1,6444981
1310,2017-03-01,22.55,22.8,22.4,22.55,3981285
1310,2017-02-24,22.45,23,22.3,22.8,7715121
1310,2017-02-23,23,23.05,22.2,22.3,14606304
1310,2017-02-22,23.45,23.7,22.9,22.9,11839329
1310,2017-02-21,23.4,23.7,22.95,23.45,8095209
1310,2017-02-20,24.15,24.2,23.35,23.4,9138432
1310,2017-02-18,23.9,24,23.7,24,3737710
1310,2017-02-17,23.95,24.1,23.7,23.8,3927607
1310,2017-02-16,24.3,24.35,23.55,23.85,9451220
1310,2017-02-15,24.1,24.45,24.05,24.15,10535322
1310,2017-02-14,24.05,24.5,23.7,24.1,14282653
1310,2017-02-13,23.55,24.25,23.45,24.05,15726018
1310,2017-02-10,24,24.15,23.1,23.25,11004613
1310,2017-02-09,23.8,23.8,23.35,23.65,8113112
1310,2017-02-08,23.3,24,22.95,23.9,15669791
1310,2017-02-07,23.8,23.85,23.1,23.15,12640704
1310,2017-02-06,23.2,24.2,23.2,23.65,21803525
1310,2017-02-03,22.05,23,21.8,22.9,25431043
1310,2017-02-02,20.95,22.1,20.9,21.85,25176558
1310,2017-01-24,20.45,20.7,20.3,20.65,6509500
1310,2017-01-23,20.4,20.75,20.35,20.45,5091478
1310,2017-01-20,20.4,20.6,20.3,20.4,4392189
1310,2017-01-19,20.5,20.6,20.3,20.4,4235342
1310,2017-01-18,20.8,20.8,20.35,20.6,9277354
1310,2017-01-17,19.5,20.75,19.5,20.6,12397144
1310,2017-01-16,19.9,19.9,19.35,19.4,6967092
1310,2017-01-13,19.9,19.9,19.75,19.9,2224851
1310,2017-01-12,19.9,20,19.8,19.9,2625939
1310,2017-01-11,19.85,19.9,19.7,19.85,3263364
1310,2017-01-10,19.8,20,19.75,19.8,4129477
1310,2017-01-09,19.85,19.95,19.55,19.6,3338270
1310,2017-01-06,20,20.2,19.8,19.8,5151289
1310,2017-01-05,19.95,20,19.7,20,2945881
1310,2017-01-04,19.8,19.95,19.75,19.9,2751615
1310,2017-01-03,19.95,19.95,19.65,19.75,3123358
1310,2018-12-28,22.95,23.15,22.45,22.5,8161190
1310,2018-12-27,24.4,24.4,22.3,22.6,20002528
1310,2018-12-26,25.1,25.5,24.4,24.4,7442434
1310,2018-12-25,24.75,25.35,24.6,25,5112235
1310,2018-12-24,25.25,25.35,24.6,24.95,2717465
1310,2018-12-22,24.5,25.5,24.1,24.9,4971502
1310,2018-12-21,25.25,25.5,24.9,24.9,5180932
1310,2018-12-20,26.3,26.75,25.2,25.2,7562921
1310,2018-12-19,26.15,26.5,25.8,26.4,18983491
1310,2018-12-18,25,26.1,25,26,8099756
1310,2018-12-17,25.45,25.5,24.7,25.15,8490130
1310,2018-12-14,26.1,26.15,25.45,25.6,13109340
1310,2018-12-13,26.25,26.25,25.75,26,2535825
1310,2018-12-12,26.5,26.55,25.7,26,5518447
1310,2018-12-11,26.5,26.85,26.25,26.25,3266744
1310,2018-12-10,26.9,27.35,25.9,26.2,9844971
1310,2018-12-07,26.45,28.5,26.45,27.05,24612480
1310,2018-12-06,26.2,26.6,25.65,26.3,10617039
1310,2018-12-05,25.6,26.35,25.6,26.2,9277156
1310,2018-12-04,25.15,26.2,25,25.9,19664405
1310,2018-12-03,24.6,25.1,24.3,24.9,7778422
1310,2018-11-30,24.6,24.8,24.2,24.2,3921414
1310,2018-11-29,24.8,24.85,24.55,24.7,2426831
1310,2018-11-28,24.5,25,24.5,24.8,4766459
1310,2018-11-27,24.6,24.8,24.5,24.5,2917605
1310,2018-11-26,24.65,25.1,24.4,24.55,4923162
1310,2018-11-23,25.2,25.4,24.65,24.65,7129868
1310,2018-11-22,24.8,25.2,24.75,25.2,9066695
1310,2018-11-21,24.25,24.95,24.25,24.7,6294992
1310,2018-11-20,24.05,24.65,24.05,24.35,6162999
1310,2018-11-19,24.05,24.25,23.9,24.2,3882096
1310,2018-11-16,23.9,24.25,23.85,24,6175654
1310,2018-11-15,23.3,23.9,23.3,23.8,6227205
1310,2018-11-14,23.1,23.55,23.1,23.3,2890922
1310,2018-11-13,22.9,23.2,22.85,23,3595886
1310,2018-11-12,22.7,23.3,22.7,23.15,3134724
1310,2018-11-09,23.2,23.4,22.55,22.65,6087048
1310,2018-11-08,23.25,23.95,23.25,23.8,5554081
1310,2018-11-07,22.8,23.4,22.75,23.1,4173130
1310,2018-11-06,22.65,23.4,22.55,22.95,3373619
1310,2018-11-05,22.7,22.8,22.5,22.65,3283416
1310,2018-11-02,22.8,22.9,22.6,22.8,1991949
1310,2018-11-01,23,23,22.6,22.75,2955213
1310,2018-10-31,22.85,23,22.55,23,3204821
1310,2018-10-30,22.4,22.55,22.25,22.55,2314128
1310,2018-10-29,22,22.75,22,22.4,3523671
1310,2018-10-26,21.9,22.2,21.65,21.85,2653253
1310,2018-10-25,21.5,22.1,21.5,21.65,3796988
1310,2018-10-24,22.8,22.8,22.25,22.25,4763265
1310,2018-10-23,23.05,23.15,22.55,22.9,5604036
1310,2018-10-22,22.75,23.55,22.75,23.55,4687204
1310,2018-10-19,22.7,22.9,22.25,22.75,10772334
1310,2018-10-18,23.85,23.95,23.15,23.15,4706707
1310,2018-10-17,24.35,24.5,23.9,24,4749803
1310,2018-10-16,24,24,23.8,24,3944059
1310,2018-10-15,23.8,24.2,23.75,24,4508598
1310,2018-10-12,23.35,24,23.2,23.95,5791617
1310,2018-10-11,23.1,23.8,23,23.6,9826081
1310,2018-10-09,24.3,24.3,24.1,24.15,4721608
1310,2018-10-08,23.7,24.4,23.6,24.3,4826321
1310,2018-10-05,24.15,24.3,23.45,23.95,6277605
1310,2018-10-04,24.45,24.45,24.1,24.2,5681765
1310,2018-10-03,24.55,24.7,24.05,24.2,7155034
1310,2018-10-02,24.35,24.85,24.15,24.3,11020051
1310,2018-10-01,24.4,24.45,24.1,24.2,6738602
1310,2018-09-28,24.4,24.5,24,24.25,6739952
1310,2018-09-27,24.25,24.65,24.1,24.2,9890212
1310,2018-09-26,23.8,24.35,23.75,24.25,14064955
1310,2018-09-25,23.5,24.1,23.4,23.75,14075014
1310,2018-09-21,22.9,23.4,22.8,23.25,11878726
1310,2018-09-20,22.4,22.8,22.4,22.75,5438672
1310,2018-09-19,22.3,22.55,22.3,22.45,2625679
1310,2018-09-18,22.15,22.4,22.05,22.4,4090383
1310,2018-09-17,21.85,22.3,21.85,22.25,3736356
1310,2018-09-14,21.8,22,21.7,21.95,1669489
1310,2018-09-13,21.45,21.8,21.4,21.7,1271243
1310,2018-09-12,21.45,21.65,21.3,21.55,1529911
1310,2018-09-11,21.3,21.5,21.25,21.4,1261793
1310,2018-09-10,21.7,21.75,21.1,21.3,3590380
1310,2018-09-07,21.9,21.95,21.5,21.7,2645221
1310,2018-09-06,21.8,21.9,21.75,21.9,2789135
1310,2018-09-05,22,22.1,21.8,21.8,1435006
1310,2018-09-04,22,22.15,21.9,22.05,943641
1310,2018-09-03,22.3,22.3,21.9,21.9,2308567
1310,2018-08-31,22.3,22.35,22.15,22.35,1666400
1310,2018-08-30,22.3,22.4,22.25,22.4,1334653
1310,2018-08-29,22.45,22.45,22.25,22.25,1535983
1310,2018-08-28,22.5,22.55,22.3,22.4,2187975
1310,2018-08-27,22.4,22.55,22.15,22.35,3606690
1310,2018-08-24,21.95,22.25,21.85,22.25,2469118
1310,2018-08-23,22.15,22.2,21.85,22,2428619
1310,2018-08-22,22,22.3,21.9,21.95,3346301
1310,2018-08-21,21.8,22,21.75,21.9,1828425
1310,2018-08-20,22,22.05,21.8,21.8,2343087
1310,2018-08-17,22.05,22.1,21.9,21.9,1590307
1310,2018-08-16,21.95,21.95,21.65,21.85,2567088
1310,2018-08-15,22.4,22.4,22,22.15,4043312
1310,2018-08-14,21.75,22.7,21.7,22.45,10485828
1310,2018-08-13,22,22,21.6,21.7,3177174
1310,2018-08-10,21.95,22.1,21.9,22,1818531
1310,2018-08-09,21.9,22.1,21.85,21.95,1760188
1310,2018-08-08,22.05,22.1,21.9,22,1633346
1310,2018-08-07,21.9,22.1,21.8,21.9,1987167
1310,2018-08-06,21.75,22,21.7,21.8,2456852
1310,2018-08-03,21.7,22.1,21.3,21.7,9469815
1310,2018-08-02,22.15,22.2,21.95,21.95,1960831
1310,2018-08-01,22.2,22.25,22.05,22.15,1719187
1310,2018-07-31,21.85,22.35,21.85,22.15,2754752
1310,2018-07-30,22.1,22.2,21.85,21.85,1701339
1310,2018-07-27,22.35,22.45,22.1,22.1,1639556
1310,2018-07-26,22,22.3,21.95,22.25,2291349
1310,2018-07-25,21.7,22,21.7,21.9,2458149
1310,2018-07-24,21.6,21.75,21.5,21.7,7897688
1310,2018-07-23,23.2,23.3,23.1,23.15,8672860
1310,2018-07-20,23.25,23.3,23.1,23.1,3739454
1310,2018-07-19,23.15,23.5,23.05,23.25,4328726
1310,2018-07-18,23.1,23.3,22.95,23.15,3098416
1310,2018-07-17,23.4,23.4,22.95,23.1,2992263
1310,2018-07-16,23.3,23.4,23.2,23.4,2121602
1310,2018-07-13,23.1,23.35,23.1,23.25,1982027
1310,2018-07-12,22.85,23,22.75,23,1346652
1310,2018-07-11,22.85,23.05,22.75,22.95,1759970
1310,2018-07-10,23,23.05,22.7,22.95,2212435
1310,2018-07-09,22.35,22.9,22.3,22.8,3301064
1310,2018-07-06,22.35,22.4,21.9,22.1,3460535
1310,2018-07-05,22.65,22.65,22.3,22.3,2222488
1310,2018-07-04,22.45,22.75,22.4,22.65,3216664
1310,2018-07-03,23.15,23.25,22.5,22.6,3751552
1310,2018-07-02,23.25,23.3,23.05,23.2,3556980
1310,2018-06-29,22.65,23.2,22.65,23.05,2709435
1310,2018-06-28,22.8,23.1,22.6,22.6,3440956
1310,2018-06-27,22.8,22.95,22.6,22.65,3076776
1310,2018-06-26,23.05,23.05,22.5,22.65,6171181
1310,2018-06-25,23.6,23.8,23.3,23.3,4068202
1310,2018-06-22,23.8,24.05,23.6,23.8,2270728
1310,2018-06-21,23.8,24.05,23.65,23.95,3151659
1310,2018-06-20,23.55,24.1,23.2,23.85,5966431
1310,2018-06-19,23.4,23.9,23.4,23.55,2697387
1310,2018-06-15,24.05,24.15,23.6,23.6,4912345
1310,2018-06-14,24.15,24.35,24.05,24.05,2825995
1310,2018-06-13,24.55,24.7,24.15,24.3,5012682
1310,2018-06-12,24.1,24.6,23.95,24.45,7376485
1310,2018-06-11,24.3,24.35,23.95,24,4300100
1310,2018-06-08,24.5,24.7,24.1,24.15,5206924
1310,2018-06-07,24.5,24.8,24.35,24.35,8416906
1310,2018-06-06,24.4,24.6,24.15,24.3,5983674
1310,2018-06-05,24.55,24.75,24.3,24.3,11239236
1310,2018-06-04,24.2,24.8,23.8,24.5,13499106
1310,2018-06-01,24.1,24.6,23.8,24.1,10382783
1310,2018-05-31,23.85,24.5,23.4,24.35,17169032
1310,2018-05-30,23.3,23.85,23,23.5,5517673
1310,2018-05-29,23.65,23.95,23.35,23.45,5735498
1310,2018-05-28,23.45,23.95,23.25,23.65,9862018
1310,2018-05-25,24.1,24.1,23.6,23.7,9099870
1310,2018-05-24,24.7,24.7,24,24.1,16696861
1310,2018-05-23,23.8,24.8,23.75,24.7,29356135
1310,2018-05-22,24.5,24.5,23.6,23.6,13745823
1310,2018-05-21,24.85,25.1,23.9,24.25,37426685
1310,2018-05-18,22.85,24.4,22.7,24.1,55242318
1310,2018-05-17,22.05,22.65,22.05,22.55,14207072
1310,2018-05-16,21.9,22.15,21.9,22,2802645
1310,2018-05-15,22.25,22.25,21.8,21.9,5654966
1310,2018-05-14,22.25,22.5,22.15,22.25,10097605
1310,2018-05-11,22,22.1,21.85,22.1,4638125
1310,2018-05-10,22,22,21.8,21.85,1876187
1310,2018-05-09,22.1,22.1,21.8,21.85,3696425
1310,2018-05-08,21.95,22.2,21.8,22.05,5493960
1310,2018-05-07,21.6,22.15,21.5,21.95,4967907
1310,2018-05-04,21.4,21.55,21.4,21.45,1160123
1310,2018-05-03,21.6,21.65,21.4,21.4,1335849
1310,2018-05-02,21.5,21.65,21.4,21.6,1389654
1310,2018-04-30,21.5,21.65,21.45,21.5,1143846
1310,2018-04-27,21.5,21.7,21.3,21.45,3350181
1310,2018-04-26,21.45,22,21.4,21.4,4775510
1310,2018-04-25,21.5,21.55,21.3,21.4,1834940
1310,2018-04-24,21.85,21.85,21.45,21.5,2444071
1310,2018-04-23,21.9,21.95,21.55,21.55,3199379
1310,2018-04-20,21.85,22.1,21.8,21.9,5048786
1310,2018-04-19,21.9,22,21.8,21.85,2388951
1310,2018-04-18,21.9,22.1,21.8,21.8,3590908
1310,2018-04-17,22.1,22.15,21.7,21.9,6300210
1310,2018-04-16,21.75,22.2,21.75,22,8401856
1310,2018-04-13,21.7,21.85,21.65,21.7,3071716
1310,2018-04-12,21.65,21.75,21.55,21.6,2112087
1310,2018-04-11,21.65,21.7,21.6,21.6,1821701
1310,2018-04-10,21.7,21.75,21.5,21.6,3091273
1310,2018-04-09,21.35,21.85,21.35,21.75,5421615
1310,2018-04-03,21.4,21.5,21.3,21.35,1924623
1310,2018-04-02,21.7,21.8,21.4,21.5,2212002
1310,2018-03-31,21.65,21.9,21.55,21.6,1772780
1310,2018-03-30,21.75,21.75,21.55,21.65,2002619
1310,2018-03-29,21.5,21.95,21.5,21.75,2882444
1310,2018-03-28,21.45,21.55,21.35,21.45,1657716
1310,2018-03-27,21.45,21.55,21.4,21.5,1978226
1310,2018-03-26,21.1,21.5,21.05,21.3,1889701
1310,2018-03-23,21.1,21.25,21,21.2,2754687
1310,2018-03-22,21.55,21.6,21.4,21.45,2165554
1310,2018-03-21,21.6,21.75,21.5,21.55,1489127
1310,2018-03-20,21.55,21.6,21.5,21.55,2135237
1310,2018-03-19,21.8,21.85,21.65,21.65,1642836
1310,2018-03-16,21.75,21.85,21.7,21.8,3168109
1310,2018-03-15,21.8,21.9,21.65,21.7,4221070
1310,2018-03-14,21.6,22.2,21.6,21.9,17560910
1310,2018-03-13,21.35,21.6,21.1,21.5,3312540
1310,2018-03-12,21.2,21.7,21,21.4,4621268
1310,2018-03-09,20.7,21.2,20.65,21,3319446
1310,2018-03-08,20.65,20.7,20.5,20.55,1374922
1310,2018-03-07,20.6,20.75,20.55,20.6,1430465
1310,2018-03-06,20.6,20.75,20.5,20.65,982546
1310,2018-03-05,20.7,20.9,20.5,20.5,1980412
1310,2018-03-02,20.4,20.75,20.35,20.65,1628282
1310,2018-03-01,20.55,20.6,20.3,20.5,1803572
1310,2018-02-27,20.8,20.95,20.6,20.65,2934440
1310,2018-02-26,20.55,20.95,20.55,20.75,2575616
1310,2018-02-23,20.4,20.55,20.3,20.45,1621136
1310,2018-02-22,20.3,20.35,20.15,20.2,1176537
1310,2018-02-21,20.2,20.4,20.05,20.35,1586374
1310,2018-02-12,20.25,20.25,19.9,19.9,2588942
1310,2018-02-09,19.5,20.05,19.45,20,2133305
1310,2018-02-08,20.05,20.25,20,20.2,1517537
1310,2018-02-07,20.2,20.45,19.9,20.05,3648901
1310,2018-02-06,20.5,20.65,19.45,19.8,8699633
1310,2018-02-05,21,21.15,20.75,21.1,3121590
1310,2018-02-02,21.4,21.5,21.3,21.35,1299079
1310,2018-02-01,21.35,21.6,21.3,21.45,1483163
1310,2018-01-31,21.2,21.4,21.05,21.35,1926046
1310,2018-01-30,21.75,21.75,21.3,21.35,3895153
1310,2018-01-29,21.9,21.95,21.65,21.7,2632830
1310,2018-01-26,21.6,21.9,21.6,21.85,3221561
1310,2018-01-25,21.95,22,21.6,21.6,2754073
1310,2018-01-24,21.45,21.9,21.45,21.8,3773845
1310,2018-01-23,21.3,21.6,21.3,21.5,4606687
1310,2018-01-22,21.65,21.65,21.35,21.5,7907135
1310,2018-01-19,21.9,22,21.6,21.65,5790844
1310,2018-01-18,22,22.15,21.8,21.9,4539798
1310,2018-01-17,22.15,22.2,21.9,21.9,6444590
1310,2018-01-16,22.25,22.3,22.1,22.15,2994244
1310,2018-01-15,22.7,22.8,22,22.25,7257564
1310,2018-01-12,22.7,22.95,22.55,22.55,4330646
1310,2018-01-11,22.9,22.95,22.5,22.5,4921546
1310,2018-01-10,22.85,22.9,22.6,22.8,6850273
1310,2018-01-09,22.7,23.1,22.6,22.75,8959426
1310,2018-01-08,22.65,22.9,22.3,22.6,7089964
1310,2018-01-05,22.7,22.75,22.4,22.55,5940367
1310,2018-01-04,22.6,22.9,22.5,22.6,8869858
1310,2018-01-03,22.75,22.8,22.35,22.5,7293973
1310,2018-01-02,23,23,22.4,22.65,8900952
1310,2019-12-31,20.9,20.9,20.8,20.9,464909
1310,2019-12-30,20.9,20.95,20.85,20.9,513518
1310,2019-12-27,20.9,20.95,20.85,20.95,671205
1310,2019-12-26,20.9,20.95,20.85,20.85,668491
1310,2019-12-25,20.95,21,20.85,20.9,415528
1310,2019-12-24,20.9,20.95,20.85,20.85,501377
1310,2019-12-23,20.9,21,20.85,20.9,518691
1310,2019-12-20,21.05,21.05,20.8,20.8,1394613
1310,2019-12-19,20.9,21.15,20.9,21.05,2225162
1310,2019-12-18,20.8,20.9,20.75,20.9,986215
1310,2019-12-17,20.9,20.9,20.55,20.85,1714352
1310,2019-12-16,20.65,20.95,20.65,20.75,1497111
1310,2019-12-13,20.6,20.7,20.6,20.65,1620367
1310,2019-12-12,20.6,20.8,20.6,20.6,1523783
1310,2019-12-11,20.65,20.65,20.55,20.6,1669205
1310,2019-12-10,20.8,20.85,20.6,20.65,2437018
1310,2019-12-09,20.8,20.9,20.75,20.8,960752
1310,2019-12-06,20.85,20.95,20.75,20.8,1348795
1310,2019-12-05,20.8,21,20.8,20.9,1156482
1310,2019-12-04,20.95,20.95,20.65,20.8,2121597
1310,2019-12-03,21,21,20.9,20.95,1228074
1310,2019-12-02,21.15,21.2,21,21,888697
1310,2019-11-29,21.4,21.4,21.15,21.2,1223334
1310,2019-11-28,21.55,21.55,21.35,21.4,896478
1310,2019-11-27,21.7,21.7,21.45,21.55,949121
1310,2019-11-26,21.45,21.65,21.3,21.65,1972774
1310,2019-11-25,20.95,21.45,20.95,21.45,3275012
1310,2019-11-22,20.6,20.85,20.55,20.8,1307376
1310,2019-11-21,20.85,20.85,20.6,20.65,2525845
1310,2019-11-20,21.05,21.05,20.85,20.9,1774641
1310,2019-11-19,21.15,21.15,21,21.05,2447964
1310,2019-11-18,21.35,21.35,21.15,21.15,970162
1310,2019-11-15,21.25,21.3,21.15,21.3,958896
1310,2019-11-14,21.2,21.3,21.15,21.2,1107892
1310,2019-11-13,21.35,21.4,21.2,21.2,995298
1310,2019-11-12,21.15,21.4,21.15,21.35,765285
1310,2019-11-11,21.45,21.45,21.2,21.2,2171369
1310,2019-11-08,21.5,21.5,21.4,21.45,1356492
1310,2019-11-07,21.55,21.6,21.45,21.45,1263327
1310,2019-11-06,21.6,21.6,21.45,21.5,1481987
1310,2019-11-05,21.7,21.75,21.55,21.6,1107485
1310,2019-11-04,21.6,21.75,21.5,21.7,1127777
1310,2019-11-01,21.5,21.55,21.4,21.5,1037014
1310,2019-10-31,21.65,21.7,21.5,21.6,1310164
1310,2019-10-30,21.75,21.85,21.6,21.7,839114
1310,2019-10-29,21.8,21.85,21.7,21.75,687105
1310,2019-10-28,21.9,21.95,21.7,21.75,781256
1310,2019-10-25,22,22.1,21.85,21.9,879504
1310,2019-10-24,21.8,22,21.75,22,1028820
1310,2019-10-23,22,22,21.8,21.85,682825
1310,2019-10-22,22.05,22.15,21.9,22,1016612
1310,2019-10-21,22.15,22.3,21.9,22.05,1655607
1310,2019-10-18,21.4,22.45,21.3,22.45,4233922
1310,2019-10-17,21.45,21.45,21.25,21.3,908969
1310,2019-10-16,21.45,21.45,21.25,21.35,1658297
1310,2019-10-15,21.4,21.4,21.2,21.35,1319015
1310,2019-10-14,21.3,21.55,21.3,21.4,2209348
1310,2019-10-09,21.65,21.75,21.3,21.3,3859750
1310,2019-10-08,21.9,22,21.7,21.7,2022092
1310,2019-10-07,21.95,22.05,21.75,21.95,1408955
1310,2019-10-04,21.9,22.05,21.85,21.9,1265895
1310,2019-10-03,21.95,21.95,21.85,21.9,1229143
1310,2019-10-02,21.9,22.05,21.85,21.95,562430
1310,2019-10-01,21.8,22.1,21.8,21.9,850607
1310,2019-09-27,21.75,21.8,21.55,21.75,1964180
1310,2019-09-26,21.95,22.05,21.65,21.65,1528751
1310,2019-09-25,22.1,22.1,21.8,21.9,1591311
1310,2019-09-24,22.25,22.3,21.9,22.15,1632407
1310,2019-09-23,22.35,22.35,22,22.25,2130961
1310,2019-09-20,22.6,22.6,22.35,22.35,629838
1310,2019-09-19,22.5,22.55,22.35,22.4,948894
1310,2019-09-18,22.6,22.7,22.4,22.5,1691857
1310,2019-09-17,22.9,23.2,22.65,22.7,1377947
1310,2019-09-16,22.75,23.75,22.7,22.9,6687026
1310,2019-09-12,22.25,22.5,22.2,22.2,1897926
1310,2019-09-11,22.05,22.25,22.05,22.25,881905
1310,2019-09-10,22.2,22.25,22.05,22.05,928345
1310,2019-09-09,22.2,22.3,22.1,22.15,703433
1310,2019-09-06,22.1,22.25,22.1,22.1,696664
1310,2019-09-05,22.3,22.3,22.1,22.1,1070840
1310,2019-09-04,21.85,22.2,21.85,22.2,679301
1310,2019-09-03,22,22,21.85,21.85,539887
1310,2019-09-02,21.7,21.95,21.7,21.85,630821
1310,2019-08-30,21.5,21.75,21.5,21.65,735240
1310,2019-08-29,21.35,21.4,21.2,21.35,1696722
1310,2019-08-28,21.65,21.65,21.3,21.35,3018582
1310,2019-08-27,21.85,21.95,21.65,21.65,4517740
1310,2019-08-26,22.25,22.25,21.65,21.8,8754650
1310,2019-08-23,24.6,24.6,24.45,24.5,4633278
1310,2019-08-22,24.45,24.6,24.4,24.55,3776846
1310,2019-08-21,24.6,24.65,24.45,24.5,2032769
1310,2019-08-20,24.85,24.85,24.45,24.65,2556369
1310,2019-08-19,24.8,24.85,24.7,24.75,1415409
1310,2019-08-16,24.75,24.8,24.6,24.8,2229078
1310,2019-08-15,24.4,24.65,24.35,24.55,1532840
1310,2019-08-14,24.65,24.75,24.6,24.6,2038099
1310,2019-08-13,24.6,24.65,24.45,24.6,1427991
1310,2019-08-12,24.4,24.75,24.35,24.6,1496041
1310,2019-08-08,24.4,24.45,24.25,24.4,796704
1310,2019-08-07,24.15,24.35,24.15,24.2,1330535
1310,2019-08-06,24,24.15,23.55,24.15,1793676
1310,2019-08-05,24.25,24.3,24.1,24.1,2186293
1310,2019-08-02,24.35,24.35,24.15,24.25,1990233
1310,2019-08-01,24.45,24.55,24.4,24.4,682728
1310,2019-07-31,24.55,24.6,24.45,24.5,1270514
1310,2019-07-30,24.35,24.65,24.3,24.5,2779772
1310,2019-07-29,24.45,24.45,24.35,24.35,1347090
1310,2019-07-26,24.35,24.5,24.35,24.4,1000052
1310,2019-07-25,24.35,24.5,24.3,24.4,1359812
1310,2019-07-24,24.5,24.5,24.35,24.35,1406522
1310,2019-07-23,24.4,24.5,24.35,24.45,1527220
1310,2019-07-22,24.4,24.5,24.35,24.4,1396119
1310,2019-07-19,24.5,24.55,24.4,24.4,1372240
1310,2019-07-18,24.5,24.5,24.4,24.5,1026012
1310,2019-07-17,24.55,24.6,24.4,24.5,1214566
1310,2019-07-16,24.55,24.65,24.45,24.55,1648672
1310,2019-07-15,24.5,24.55,24.45,24.55,955689
1310,2019-07-12,24.55,24.55,24.4,24.5,1372643
1310,2019-07-11,24.6,24.65,24.4,24.45,1562276
1310,2019-07-10,24.35,24.55,24.35,24.5,1425904
1310,2019-07-09,24.25,24.5,24.25,24.4,1223475
1310,2019-07-08,24.3,24.45,24.25,24.3,1925676
1310,2019-07-05,24.2,24.55,24.2,24.3,2986505
1310,2019-07-04,24.25,24.4,24.2,24.2,2079006
1310,2019-07-03,24.6,24.65,24.3,24.3,2526863
1310,2019-07-02,24.65,24.7,24.5,24.6,2164913
1310,2019-07-01,24.55,24.7,24.55,24.65,1119257
1310,2019-06-28,24.7,24.75,24.55,24.55,1739602
1310,2019-06-27,24.8,24.95,24.7,24.7,2356659
1310,2019-06-26,24.6,24.85,24.55,24.75,2494257
1310,2019-06-25,24.45,24.7,24.45,24.5,2008976
1310,2019-06-24,24.4,24.45,24.2,24.45,1484392
1310,2019-06-21,24.1,24.4,24.05,24.4,1778898
1310,2019-06-20,24.15,24.2,24,24.05,2061098
1310,2019-06-19,24.05,24.2,24,24.1,1982761
1310,2019-06-18,24.1,24.25,24,24.05,1557830
1310,2019-06-17,24.1,24.3,24.1,24.1,1792346
1310,2019-06-14,24.3,24.35,24.05,24.05,1999941
1310,2019-06-13,24.1,24.3,24.05,24.3,1123700
1310,2019-06-12,24.05,24.15,24,24.15,810334
1310,2019-06-11,24.1,24.1,24,24.1,749954
1310,2019-06-10,24.25,24.25,24,24.1,897039
1310,2019-06-06,24.15,24.15,24,24.15,1023294
1310,2019-06-05,24.15,24.25,24,24,1425148
1310,2019-06-04,24.1,24.2,24,24.1,1305379
1310,2019-06-03,24.3,24.3,24,24.15,1377988
1310,2019-05-31,24.2,24.4,24.2,24.3,1254272
1310,2019-05-30,24.2,24.35,24.1,24.2,891810
1310,2019-05-29,24.75,24.75,24.1,24.1,3729178
1310,2019-05-28,24.05,25.3,24,25.3,2747670
1310,2019-05-27,24,24.1,23.9,24.05,936572
1310,2019-05-24,24.25,24.25,23.85,24,1679352
1310,2019-05-23,23.95,23.95,23.7,23.75,1825133
1310,2019-05-22,24,24.1,23.9,23.95,1265369
1310,2019-05-21,24,24,23.65,23.9,2740673
1310,2019-05-20,24.45,24.55,24.15,24.15,1822499
1310,2019-05-17,24.75,24.95,24.3,24.45,2479904
1310,2019-05-16,24.75,24.85,24.65,24.75,1013068
1310,2019-05-15,24.9,25.05,24.6,24.75,1903465
1310,2019-05-14,24.8,24.9,24.65,24.8,2061330
1310,2019-05-13,25.1,25.1,24.85,24.95,1193702
1310,2019-05-10,25.1,25.2,25,25.1,1294002
1310,2019-05-09,25.05,25.2,25,25.1,2259430
1310,2019-05-08,24.8,25.1,24.8,25.05,1811567
1310,2019-05-07,24.8,25,24.8,24.85,1234672
1310,2019-05-06,25,25,24.8,24.8,1646565
1310,2019-05-03,25.1,25.2,24.9,25,1613335
1310,2019-05-02,25,25.2,25,25.05,1149792
1310,2019-04-30,24.9,25,24.8,25,774070
1310,2019-04-29,25.15,25.15,24.85,24.9,1467817
1310,2019-04-26,25.2,25.2,25.05,25.15,1067657
1310,2019-04-25,25.25,25.35,25.05,25.35,2317348
1310,2019-04-24,25.05,25.5,25,25.25,3155407
1310,2019-04-23,25.1,25.1,24.9,25,915927
1310,2019-04-22,25,25.1,24.9,25,1429890
1310,2019-04-19,25,25.05,24.95,25,743547
1310,2019-04-18,25.15,25.2,24.85,24.95,2349398
1310,2019-04-17,25.1,25.2,24.95,25.05,2249829
1310,2019-04-16,25.2,25.45,25,25.15,2500989
1310,2019-04-15,25.1,25.2,25,25.1,2487452
1310,2019-04-12,24.8,25.1,24.8,25,1913225
1310,2019-04-11,25.15,25.15,24.8,24.9,2391293
1310,2019-04-10,25.1,25.2,25,25.2,2384994
1310,2019-04-09,24.95,25.35,24.8,25.3,6626699
1310,2019-04-08,25.1,25.15,24.85,24.9,2185612
1310,2019-04-03,24.95,24.95,24.75,24.8,1005793
1310,2019-04-02,25.05,25.15,24.7,24.85,2410305
1310,2019-04-01,24.5,25.35,24.5,25,5489777
1310,2019-03-29,24.25,24.6,24.2,24.35,2448924
1310,2019-03-28,24.25,24.3,24.1,24.15,1286946
1310,2019-03-27,24.35,24.45,24.25,24.3,1689595
1310,2019-03-26,24.3,24.4,24.25,24.25,1891854
1310,2019-03-25,24.4,24.4,24,24.25,2343355
1310,2019-03-22,24.4,24.55,24.35,24.55,2835348
1310,2019-03-21,24.5,24.5,24.35,24.35,1739401
1310,2019-03-20,24.45,24.65,24.35,24.45,1672869
1310,2019-03-19,24.55,24.6,24.35,24.45,1138557
1310,2019-03-18,24.35,24.5,24.3,24.5,1505024
1310,2019-03-15,24.4,24.4,24.25,24.3,1360273
1310,2019-03-14,24.5,24.5,24.25,24.25,1407483
1310,2019-03-13,24.25,24.45,24.25,24.4,1594219
1310,2019-03-12,24.55,24.7,24.3,24.3,2970942
1310,2019-03-11,24.05,24.05,23.9,23.95,739868
1310,2019-03-08,24,24.1,23.8,24.1,1335426
1310,2019-03-07,24.4,24.45,24.1,24.1,1723329
1310,2019-03-06,24.45,24.45,24.2,24.45,1556830
1310,2019-03-05,24.35,24.45,24.2,24.45,1331667
1310,2019-03-04,24.45,24.45,24.25,24.35,1768827
1310,2019-02-27,24.45,24.65,24.4,24.4,2806514
1310,2019-02-26,24.45,24.6,24.35,24.45,2111464
1310,2019-02-25,24.65,24.65,24.25,24.45,1932743
1310,2019-02-22,24.65,24.75,24.3,24.45,2565437
1310,2019-02-21,24.1,25.1,24.05,24.65,5547145
1310,2019-02-20,24.15,24.15,23.95,24,2801177
1310,2019-02-19,24.1,24.15,24,24.05,1505686
1310,2019-02-18,24.15,24.2,23.9,24.05,3761454
1310,2019-02-15,23.75,24,23.6,24,3125955
1310,2019-02-14,23.6,24.2,23.55,23.9,3711948
1310,2019-02-13,23.6,23.6,23.15,23.55,2967208
1310,2019-02-12,23.9,23.9,23.05,23.4,4255975
1310,2019-02-11,24.35,24.55,23.7,23.75,3412824
1310,2019-01-30,23.7,24.45,23.65,24.2,6914989
1310,2019-01-29,23.45,23.75,23.3,23.6,4687411
1310,2019-01-28,23.5,23.8,23.25,23.55,6761667
1310,2019-01-25,23.2,23.6,23,23.45,4525972
1310,2019-01-24,22.9,23.25,22.85,23.1,4448160
1310,2019-01-23,22.75,23.2,22.65,23,2504587
1310,2019-01-22,23,23.05,22.65,22.7,2599179
1310,2019-01-21,23,23.15,22.9,23.05,2859389
1310,2019-01-18,22.7,23,22.65,22.95,3527555
1310,2019-01-17,22.65,22.7,22.55,22.65,2454418
1310,2019-01-16,22.6,22.75,22.55,22.6,2333343
1310,2019-01-15,22.7,22.7,22.55,22.55,2745445
1310,2019-01-14,22.75,22.75,22.6,22.7,2313466
1310,2019-01-11,22.55,22.7,22.5,22.7,1818351
1310,2019-01-10,22.7,22.75,22.5,22.55,2347190
1310,2019-01-09,22.5,22.6,22.2,22.55,4532321
1310,2019-01-08,22.9,22.9,22.5,22.5,3367666
1310,2019-01-07,22.7,22.9,22.5,22.9,4762285
1310,2019-01-04,22.4,22.6,22.1,22.6,2912743
1310,2019-01-03,22.9,22.95,22.4,22.5,3314256
1310,2019-01-02,22.85,23.1,22.7,22.85,5301284
1310,2020-12-31,18.9,19.05,18.7,18.85,2889205
1310,2020-12-30,18.7,19.5,18.7,18.9,6616782
1310,2020-12-29,18.9,19.1,18.65,18.7,4309986
1310,2020-12-28,19.1,19.25,18.85,18.9,5213249
1310,2020-12-25,19.35,19.5,19.05,19.1,4699105
1310,2020-12-24,18.95,19.6,18.65,19.35,10701086
1310,2020-12-23,19.85,20.4,18.8,19,37996796
1310,2020-12-22,18.5,20.1,18.5,19.4,41865539
1310,2020-12-21,17.65,18.35,17.6,18.3,7456665
1310,2020-12-18,17.55,17.7,17.5,17.6,1167886
1310,2020-12-17,17.8,17.9,17.5,17.55,1688450
1310,2020-12-16,17.45,17.95,17.45,17.8,3164642
1310,2020-12-15,17.75,18,17.35,17.35,4514753
1310,2020-12-14,17.95,17.95,17.55,17.8,4037454
1310,2020-12-11,18.25,18.25,17.65,17.85,4985054
1310,2020-12-10,18.2,18.3,17.85,18.2,4275950
1310,2020-12-09,17.7,18.3,17.7,18.3,9111780
1310,2020-12-08,17.8,17.85,17.6,17.6,4503103
1310,2020-12-07,17.8,18.1,17.55,17.8,5651480
1310,2020-12-04,17.45,17.75,17.45,17.6,5257921
1310,2020-12-03,17.45,17.55,17.25,17.35,2486214
1310,2020-12-02,17.5,17.5,17.25,17.45,2797001
1310,2020-12-01,17.7,17.75,17.25,17.5,2635633
1310,2020-11-30,17.45,17.8,17.45,17.65,6823287
1310,2020-11-27,17.3,17.4,17.2,17.3,2591126
1310,2020-11-26,17.1,17.35,17.05,17.3,4434825
1310,2020-11-25,17.2,17.25,17,17.1,3232331
1310,2020-11-24,17.5,17.75,16.95,17.1,4203313
1310,2020-11-23,16.95,17.2,16.9,17.05,3503378
1310,2020-11-20,16.95,17,16.65,16.9,2458499
1310,2020-11-19,17.05,17.1,16.8,16.95,1858028
1310,2020-11-18,17.05,17.15,16.9,17,2372497
1310,2020-11-17,17.15,17.3,16.8,17.05,2796785
1310,2020-11-16,16.9,17.3,16.9,17.2,7551894
1310,2020-11-13,17.05,17.1,16.7,16.85,1967964
1310,2020-11-12,17.15,17.15,16.7,16.95,2393969
1310,2020-11-11,16.7,17.3,16.7,17.05,6360727
1310,2020-11-10,16.9,17.1,16.65,16.8,4551587
1310,2020-11-09,16.8,16.95,16.65,16.8,1651689
1310,2020-11-06,16.95,17,16.7,16.8,2371884
1310,2020-11-05,16.7,16.95,16.65,16.9,7786490
1310,2020-11-04,16.5,16.7,16.35,16.45,1407851
1310,2020-11-03,16.3,16.65,16.25,16.5,3128076
1310,2020-11-02,16.15,16.3,16.05,16.1,846385
1310,2020-10-30,16.4,16.45,16.05,16.1,1628771
1310,2020-10-29,16.2,16.3,16.1,16.2,1314173
1310,2020-10-28,16.6,16.8,16.35,16.35,1928404
1310,2020-10-27,16.4,16.85,16.3,16.55,5066713
1310,2020-10-26,16.35,17,16.3,16.5,3943635
1310,2020-10-23,16.2,16.4,16.1,16.3,1547464
1310,2020-10-22,16.55,16.55,16.1,16.2,4348593
1310,2020-10-21,16.75,16.75,16.4,16.5,2299349
1310,2020-10-20,16.4,16.65,16.4,16.6,1919345
1310,2020-10-19,16.4,16.5,16.35,16.4,904861
1310,2020-10-16,16.45,16.85,16.3,16.35,5530654
1310,2020-10-15,16.3,16.45,16.15,16.3,2350806
1310,2020-10-14,16.2,16.35,16.15,16.2,1778795
1310,2020-10-13,16.2,16.45,16,16.2,1851181
1310,2020-10-12,16.4,16.4,16.05,16.15,1217801
1310,2020-10-08,16.45,16.5,16.25,16.3,621952
1310,2020-10-07,16.4,16.45,16.3,16.35,762459
1310,2020-10-06,16.45,16.55,16.35,16.4,978982
1310,2020-10-05,16.2,16.4,16.15,16.4,1489198
1310,2020-09-30,16.2,16.3,16.05,16.15,649940
1310,2020-09-29,16.15,16.2,15.95,16.1,1352484
1310,2020-09-28,15.9,16.1,15.8,16.05,912117
1310,2020-09-25,15.75,16.25,15.7,15.8,2440711
1310,2020-09-24,16.1,16.1,15.65,15.7,2941141
1310,2020-09-23,16.3,16.35,16,16.15,2994163
1310,2020-09-22,16.3,16.4,16.1,16.3,1798996
1310,2020-09-21,16.65,16.7,16.3,16.35,2807241
1310,2020-09-18,16.8,17.15,16.65,16.7,5390959
1310,2020-09-17,16.35,16.9,16.35,16.6,4231937
1310,2020-09-16,16.5,16.5,16.2,16.2,4009831
1310,2020-09-15,16.65,16.65,16.3,16.45,4311279
1310,2020-09-14,17.1,17.15,16.5,16.65,5961470
1310,2020-09-11,17.05,17.95,17,17.2,28101789
1310,2020-09-10,16,17.5,16,16.65,15702861
1310,2020-09-09,16,16.15,15.9,16,1339762
1310,2020-09-08,16.35,16.4,16,16.05,2622887
1310,2020-09-07,16.3,16.8,16.25,16.4,6318219
1310,2020-09-04,15.95,16.15,15.8,16.1,1428687
1310,2020-09-03,16.15,16.15,15.95,16,1525150
1310,2020-09-02,15.9,16.15,15.9,16,1480310
1310,2020-09-01,15.85,15.95,15.75,15.8,1276418
1310,2020-08-31,16.15,16.15,15.75,15.75,1577042
1310,2020-08-28,16,16.15,15.85,15.95,1861261
1310,2020-08-27,15.9,15.95,15.75,15.85,1474455
1310,2020-08-26,16,16,15.85,15.9,1282929
1310,2020-08-25,15.8,16.2,15.8,15.95,3097667
1310,2020-08-24,15.6,15.85,15.55,15.75,1417276
1310,2020-08-21,15.4,15.7,15.3,15.6,1494368
1310,2020-08-20,16,16.05,15.2,15.2,3415200
1310,2020-08-19,16.1,16.2,15.9,16,2178050
1310,2020-08-18,16.3,16.45,16,16.1,2489340
1310,2020-08-17,15.95,16.5,15.85,16.2,5571236
1310,2020-08-14,15.3,15.9,15.25,15.75,3518665
1310,2020-08-13,15.25,15.45,15.25,15.3,1890166
1310,2020-08-12,15.4,15.45,15.2,15.3,1062778
1310,2020-08-11,15.3,15.65,15.15,15.45,2279477
1310,2020-08-10,14.85,15.25,14.85,15.2,1798682
1310,2020-08-07,14.7,14.95,14.7,14.8,995296
1310,2020-08-06,14.65,14.85,14.65,14.7,1523597
1310,2020-08-05,14.7,14.8,14.55,14.6,1214924
1310,2020-08-04,14.9,14.9,14.6,14.7,849750
1310,2020-08-03,14.75,14.75,14.65,14.65,604475
1310,2020-07-31,14.85,14.9,14.75,14.75,856681
1310,2020-07-30,14.5,14.8,14.5,14.75,898176
1310,2020-07-29,14.3,14.7,14.3,14.4,1038262
1310,2020-07-28,14.75,14.8,14.3,14.3,2060550
1310,2020-07-27,15,15.05,14.7,14.75,1915241
1310,2020-07-24,15.3,15.3,15,15,2633440
1310,2020-07-23,15.35,15.45,15.25,15.25,866259
1310,2020-07-22,15.15,15.35,15.15,15.3,1269938
1310,2020-07-21,15.4,15.4,15,15.2,3539622
1310,2020-07-20,15.6,15.6,15.25,15.3,2382005
1310,2020-07-17,15.8,15.85,15.6,15.6,5847038
1310,2020-07-16,16.55,16.8,16.55,16.75,3583143
1310,2020-07-15,16.65,16.75,16.6,16.65,2253546
1310,2020-07-14,16.7,16.75,16.6,16.6,2096309
1310,2020-07-13,16.75,16.9,16.7,16.75,2968363
1310,2020-07-10,16.9,16.9,16.7,16.75,1523412
1310,2020-07-09,16.95,17,16.8,16.9,1694229
1310,2020-07-08,16.95,16.95,16.8,16.9,1141786
1310,2020-07-07,17,17,16.7,16.9,2171364
1310,2020-07-06,16.8,16.9,16.75,16.8,2175943
1310,2020-07-03,16.65,16.85,16.55,16.7,2411712
1310,2020-07-02,16.5,16.7,16.4,16.55,2179871
1310,2020-07-01,16.5,16.55,16.25,16.45,871955
1310,2020-06-30,16.6,16.6,16.4,16.4,814637
1310,2020-06-29,16.3,16.4,16.2,16.3,752907
1310,2020-06-24,16.4,16.55,16.35,16.45,775380
1310,2020-06-23,16.75,16.75,16.25,16.4,1027072
1310,2020-06-22,16.15,16.7,16.15,16.55,1883445
1310,2020-06-19,16.35,16.35,16.1,16.1,1559198
1310,2020-06-18,16.25,16.35,16.15,16.3,693138
1310,2020-06-17,16.4,16.4,16.2,16.25,960212
1310,2020-06-16,16.25,16.3,16.2,16.2,998287
1310,2020-06-15,16.25,16.25,16.05,16.1,1201461
1310,2020-06-12,15.8,16.3,15.75,16.25,1972416
1310,2020-06-11,16.7,16.75,16.3,16.35,2013035
1310,2020-06-10,16.85,16.85,16.7,16.7,1441698
1310,2020-06-09,17,17.05,16.9,16.9,1289732
1310,2020-06-08,17.1,17.15,16.9,17,2343269
1310,2020-06-05,16.7,16.9,16.7,16.85,2095404
1310,2020-06-04,16.7,16.75,16.55,16.7,1719293
1310,2020-06-03,16.6,16.75,16.55,16.65,2615353
1310,2020-06-02,16.45,16.55,16.35,16.45,775366
1310,2020-06-01,16.3,16.45,16.3,16.45,830383
1310,2020-05-29,16.3,16.4,16.2,16.2,1282503
1310,2020-05-28,16.3,16.45,16.25,16.3,1159471
1310,2020-05-27,16.45,16.45,16.25,16.3,1251635
1310,2020-05-26,16.3,16.45,16.3,16.3,1037617
1310,2020-05-25,16.35,16.4,16.2,16.25,1010679
1310,2020-05-22,16.55,16.55,16.2,16.25,2294052
1310,2020-05-21,16.55,16.65,16.45,16.55,1150500
1310,2020-05-20,16.9,16.9,16.5,16.5,2581209
1310,2020-05-19,16.3,17.25,16.2,16.85,8286632
1310,2020-05-18,16,16.25,16,16,1124513
1310,2020-05-15,16.25,16.3,16,16,1573144
1310,2020-05-14,16.5,16.55,16.1,16.1,2774543
1310,2020-05-13,16.5,16.7,16.35,16.7,1311960
1310,2020-05-12,16.7,16.8,16.6,16.6,1512060
1310,2020-05-11,16.9,16.95,16.75,16.85,2029156
1310,2020-05-08,16.95,16.95,16.7,16.75,1292779
1310,2020-05-07,16.6,16.75,16.5,16.65,1351735
1310,2020-05-06,16.65,16.95,16.55,16.7,1937022
1310,2020-05-05,16.7,16.75,16.5,16.55,1785212
1310,2020-05-04,16.8,16.8,16.4,16.55,2462010
1310,2020-04-30,16.7,17.1,16.65,16.95,6142839
1310,2020-04-29,16.2,16.8,16.15,16.7,2958431
1310,2020-04-28,16.05,16.15,15.85,16.1,1726945
1310,2020-04-27,15.75,16.25,15.7,16,2549800
1310,2020-04-24,15.75,15.75,15.5,15.6,682946
1310,2020-04-23,15.4,15.8,15.35,15.7,1266502
1310,2020-04-22,15,15.4,14.75,15.4,1130692
1310,2020-04-21,15.8,15.9,15.35,15.4,2049197
1310,2020-04-20,15.9,16.1,15.65,15.9,1894096
1310,2020-04-17,16.05,16.3,15.85,15.85,2708815
1310,2020-04-16,15.7,16,15.5,15.95,1877978
1310,2020-04-15,15.6,15.8,15.5,15.8,2108240
1310,2020-04-14,15.2,15.45,15.15,15.4,1524126
1310,2020-04-13,15.35,15.4,15.05,15.2,1838263
1310,2020-04-10,15,15.4,14.9,15.35,2066598
1310,2020-04-09,15.05,15.15,14.7,14.85,2171221
1310,2020-04-08,14.5,14.9,14.15,14.7,2018281
1310,2020-04-07,13.8,14.35,13.75,14.3,2671719
1310,2020-04-06,13.8,13.8,13.45,13.65,1391508
1310,2020-04-01,13.7,13.7,13.35,13.6,1084250
1310,2020-03-31,13.5,13.75,13.4,13.7,1789477
1310,2020-03-30,13.2,13.35,13,13.3,1249037
1310,2020-03-27,13.75,13.75,13.3,13.35,2185116
1310,2020-03-26,13.75,13.8,13.3,13.3,1796234
1310,2020-03-25,13.4,13.75,13.25,13.7,2036425
1310,2020-03-24,12.6,12.95,12.5,12.8,1745994
1310,2020-03-23,12.6,12.6,12.3,12.3,1524054
1310,2020-03-20,12.45,13.25,12.45,13.05,2499453
1310,2020-03-19,13,13.05,12.15,12.55,5297467
1310,2020-03-18,13.7,13.75,13,13.45,3498664
1310,2020-03-17,13.9,14.2,13.5,13.7,4415332
1310,2020-03-16,15.5,15.5,14.5,14.6,4352363
1310,2020-03-13,16.2,16.2,15.1,15.55,4925248
1310,2020-03-12,17.6,17.6,16.7,16.7,4314073
1310,2020-03-11,17.95,18.05,17.6,17.85,1729690
1310,2020-03-10,17.5,17.95,17.4,17.95,2440592
1310,2020-03-09,17.85,17.9,17.8,17.8,2428472
1310,2020-03-06,18.1,18.1,17.9,18,3242321
1310,2020-03-05,18.2,18.25,17.95,18.2,3126375
1310,2020-03-04,18.35,18.4,18.1,18.1,2434321
1310,2020-03-03,18.45,18.5,18.35,18.35,1358528
1310,2020-03-02,18.3,18.55,18.2,18.3,1638342
1310,2020-02-27,18.4,18.55,18.35,18.5,1535510
1310,2020-02-26,18.3,18.5,18.3,18.35,1190573
1310,2020-02-25,18.3,18.7,18.25,18.4,1429621
1310,2020-02-24,18.8,18.8,18.5,18.55,1792941
1310,2020-02-21,19,19,18.85,18.85,1577889
1310,2020-02-20,19.1,19.25,19,19,2310821
1310,2020-02-19,18.85,19.05,18.75,19.05,1940994
1310,2020-02-18,18.4,18.75,18.4,18.65,2575914
1310,2020-02-17,18.35,18.45,18.2,18.35,1622892
1310,2020-02-14,18.4,18.45,18.3,18.35,1744049
1310,2020-02-13,18.35,18.5,18.3,18.35,1973554
1310,2020-02-12,18.15,18.3,18.1,18.25,1786637
1310,2020-02-11,18.2,18.2,18,18.2,3963215
1310,2020-02-10,18,18.1,17.8,18.05,1476819
1310,2020-02-07,18.35,18.35,18.1,18.1,2261275
1310,2020-02-06,18.05,18.35,18.05,18.35,4107190
1310,2020-02-05,18.15,18.25,17.95,18.05,5918392
1310,2020-02-04,18.4,18.45,18.05,18.15,5977959
1310,2020-02-03,18.75,18.8,17.85,18.45,12092784
1310,2020-01-31,19.45,19.75,19.05,19.3,4371137
1310,2020-01-30,20.5,20.5,19.45,19.45,21928895
1310,2020-01-20,20.7,20.75,20.65,20.75,1314003
1310,2020-01-17,20.65,20.75,20.55,20.7,1493508
1310,2020-01-16,20.6,20.65,20.55,20.65,1413415
1310,2020-01-15,20.75,20.75,20.6,20.65,2044383
1310,2020-01-14,20.8,20.85,20.7,20.75,1726842
1310,2020-01-13,20.85,20.85,20.75,20.85,1059090
1310,2020-01-10,20.85,20.9,20.75,20.85,1299770
1310,2020-01-09,20.8,21,20.8,20.9,528394
1310,2020-01-08,21,21,20.8,20.8,1052370
1310,2020-01-07,21.25,21.25,20.85,21,1066727
1310,2020-01-06,21.15,21.45,21.15,21.2,2907736
1310,2020-01-03,21,21.1,20.9,21.1,2394606
1310,2020-01-02,20.9,21,20.9,20.95,1107053
1310,2021-12-30,17.45,17.55,17.4,17.4,821564
1310,2021-12-29,17.3,17.5,17.3,17.45,1312490
1310,2021-12-28,17.35,17.35,17.25,17.3,790918
1310,2021-12-27,17.25,17.35,17.25,17.3,854621
1310,2021-12-24,17.35,17.35,17.2,17.25,838457
1310,2021-12-23,17.3,17.3,17.15,17.2,742295
1310,2021-12-22,17.25,17.35,17.2,17.2,660596
1310,2021-12-21,17.1,17.25,17.1,17.2,577679
1310,2021-12-20,17.2,17.3,17.1,17.15,658219
1310,2021-12-17,17.15,17.3,17.05,17.2,685406
1310,2021-12-16,17.1,17.25,17.1,17.2,979708
1310,2021-12-15,17.15,17.15,17.05,17.05,847526
1310,2021-12-14,17.3,17.35,17,17.05,2174825
1310,2021-12-13,17.3,17.35,17.2,17.3,755881
1310,2021-12-10,17.3,17.35,17.25,17.25,888039
1310,2021-12-09,17.35,17.5,17.35,17.35,1085282
1310,2021-12-08,17.4,17.5,17.3,17.35,1075984
1310,2021-12-07,17.35,17.5,17.25,17.25,1831627
1310,2021-12-06,17.5,17.5,17.25,17.35,800471
1310,2021-12-03,17.35,17.55,17.3,17.35,900944
1310,2021-12-02,17.35,17.45,17.2,17.3,956634
1310,2021-12-01,17,17.45,16.95,17.35,2501437
1310,2021-11-30,17.4,17.55,16.95,16.95,13160306
1310,2021-11-29,17.25,17.45,17.15,17.3,2703821
1310,2021-11-26,17.85,17.85,17.65,17.65,1487865
1310,2021-11-25,17.95,17.95,17.8,17.85,1222324
1310,2021-11-24,17.75,17.9,17.65,17.9,1528085
1310,2021-11-23,17.7,17.9,17.65,17.75,2021977
1310,2021-11-22,17.7,17.7,17.5,17.65,1890461
1310,2021-11-19,17.9,17.95,17.65,17.65,1811675
1310,2021-11-18,17.8,17.85,17.65,17.75,1943342
1310,2021-11-17,17.6,17.85,17.6,17.8,1457936
1310,2021-11-16,17.8,17.8,17.6,17.6,2633421
1310,2021-11-15,18,18,17.55,17.8,6775648
1310,2021-11-12,18.15,18.25,18,18.1,6274396
1310,2021-11-11,18.4,18.5,18.2,18.25,2224272
1310,2021-11-10,18.3,18.6,18.3,18.4,3682921
1310,2021-11-09,18.45,18.5,18.1,18.25,3304896
1310,2021-11-08,18.3,18.45,18.25,18.4,3049480
1310,2021-11-05,18.2,18.35,18.1,18.25,4260951
1310,2021-11-04,18.35,18.4,18.15,18.2,2346712
1310,2021-11-03,18.1,18.4,18.1,18.3,3108771
1310,2021-11-02,18.2,18.3,18,18.1,2764240
1310,2021-11-01,18.15,18.25,18.05,18.2,1884874
1310,2021-10-29,18.2,18.25,18.05,18.15,2019458
1310,2021-10-28,18.15,18.25,18.05,18.2,1870839
1310,2021-10-27,18.35,18.35,18.05,18.15,3073291
1310,2021-10-26,18.2,18.4,18.1,18.4,5078521
1310,2021-10-25,18.15,18.25,18.05,18.2,1810496
1310,2021-10-22,18.25,18.3,17.85,18.15,4627422
1310,2021-10-21,18.25,18.45,18.2,18.25,3441340
1310,2021-10-20,18.4,18.4,18.1,18.2,2823383
1310,2021-10-19,18.55,18.55,18.3,18.35,2641293
1310,2021-10-18,18.25,18.6,18.2,18.5,3252023
1310,2021-10-15,18.4,18.6,18.15,18.2,4984233
1310,2021-10-14,18.35,18.55,18.1,18.35,2523082
1310,2021-10-13,18.7,18.7,18.2,18.3,3487058
1310,2021-10-12,19,19.05,18.6,18.65,3038934
1310,2021-10-08,19.25,19.25,18.85,19,2559907
1310,2021-10-07,18.85,19.2,18.8,19.2,2087051
1310,2021-10-06,19.15,19.35,18.75,18.8,3080884
1310,2021-10-05,18.75,19.15,18.55,19.1,3098615
1310,2021-10-04,19.45,19.6,18.65,18.75,4334731
1310,2021-10-01,20.1,20.1,19.3,19.3,6417628
1310,2021-09-30,20.3,20.35,20.1,20.2,2259543
1310,2021-09-29,20.25,20.65,20.1,20.25,4550553
1310,2021-09-28,20.7,20.75,20.3,20.35,2811602
1310,2021-09-27,20.1,20.8,20.1,20.6,5079289
1310,2021-09-24,20.2,20.55,20.05,20.1,3836967
1310,2021-09-23,20,20.3,19.95,20.15,2219736
1310,2021-09-22,20.15,20.55,19.9,19.9,4863770
1310,2021-09-17,20.6,20.75,20.25,20.5,3858801
1310,2021-09-16,20.4,20.9,20.4,20.55,3852529
1310,2021-09-15,20.4,20.7,20.2,20.4,2604887
1310,2021-09-14,20.7,20.7,20.35,20.4,2629231
1310,2021-09-13,20.9,20.95,20.45,20.55,4192050
1310,2021-09-10,20.45,21,20.45,21,2458594
1310,2021-09-09,20.3,20.45,20.25,20.35,1537902
1310,2021-09-08,20.55,20.65,20.25,20.25,2261768
1310,2021-09-07,20.25,20.8,20.25,20.45,3447130
1310,2021-09-06,20.85,21,20.2,20.2,5504906
1310,2021-09-03,21.15,21.35,20.7,20.75,3712364
1310,2021-09-02,21.45,21.5,20.8,20.95,5255135
1310,2021-09-01,22.4,22.5,21.35,21.4,7173381
1310,2021-08-31,22.2,22.6,21.95,22.45,8640379
1310,2021-08-30,22.65,22.65,21.95,22,6054855
1310,2021-08-27,22.1,22.4,21.8,22.2,10116549
1310,2021-08-26,21.5,22,21.5,21.9,8895016
1310,2021-08-25,21.5,21.8,21.3,21.4,4495536
1310,2021-08-24,21,21.7,21,21.35,10541664
1310,2021-08-23,20.7,21.4,20.7,20.95,3793320
1310,2021-08-20,20.8,21.75,20.5,20.9,12660125
1310,2021-08-19,20.55,22.2,20.55,20.9,32062773
1310,2021-08-18,20,20.85,19.8,20.75,7581557
1310,2021-08-17,19.65,20.3,19.65,20.15,8545539
1310,2021-08-16,19.25,19.85,19.25,19.6,4067609
1310,2021-08-13,19.3,19.7,19.3,19.45,3792990
1310,2021-08-12,19.7,19.8,19.05,19.3,5355135
1310,2021-08-11,20.15,20.2,19.65,19.7,2699587
1310,2021-08-10,20.2,20.2,19.7,20.1,3368317
1310,2021-08-09,19.9,20.3,19.85,20.1,3916215
1310,2021-08-06,19.7,20.1,19.6,19.75,2697771
1310,2021-08-05,19.7,19.95,19.55,19.65,2090770
1310,2021-08-04,19.7,19.95,19.65,19.65,1672582
1310,2021-08-03,19.75,19.8,19.6,19.7,777762
1310,2021-08-02,19.65,19.8,19.45,19.75,1989357
1310,2021-07-30,19.7,19.85,19.55,19.55,1449324
1310,2021-07-29,19.55,19.8,19.5,19.7,1337554
1310,2021-07-28,19.5,19.7,19.15,19.5,2587346
1310,2021-07-27,20,20.05,19.55,19.55,2082933
1310,2021-07-26,20.1,20.1,19.75,19.8,2344941
1310,2021-07-23,19.7,20.1,19.7,19.95,2733998
1310,2021-07-22,19.8,19.95,19.5,19.5,3413242
1310,2021-07-21,20.45,20.5,19.85,20,5426916
1310,2021-07-20,20.5,20.6,20.2,20.25,4270102
1310,2021-07-19,20.65,20.95,20.5,20.85,3365815
1310,2021-07-16,20.65,21.1,20.5,20.65,4519448
1310,2021-07-15,20.15,20.8,20.1,20.7,4054398
1310,2021-07-14,20.45,20.6,19.9,20.15,4749016
1310,2021-07-13,20.95,21,20.15,20.2,8991706
1310,2021-07-12,21.5,21.6,20.9,21,4724885
1310,2021-07-09,21.3,21.55,21.05,21.15,4269216
1310,2021-07-08,21.5,21.6,21.15,21.35,4935958
1310,2021-07-07,21.9,22.05,21.3,21.35,9772460
1310,2021-07-06,22.05,22.1,21.35,21.85,10865974
1310,2021-07-05,22.5,22.55,21.6,21.75,18438350
1310,2021-07-02,23.4,24.95,21.9,22.15,99706365
1310,2021-07-01,22.75,23.75,22,23.55,77455420
1310,2021-06-30,20.5,21.6,20.45,21.6,17484306
1310,2021-06-29,20.5,20.5,20.1,20.4,3324209
1310,2021-06-28,20.1,20.35,20.05,20.3,2359812
1310,2021-06-25,20.2,20.3,20,20,2609356
1310,2021-06-24,20,20.3,19.85,20.15,3031739
1310,2021-06-23,20.45,20.55,19.2,19.8,6873984
1310,2021-06-22,20,20.4,20,20.2,2214834
1310,2021-06-21,20,20.1,19.6,19.75,3278949
1310,2021-06-18,21,21,20.25,20.3,4230745
1310,2021-06-17,20.8,21.15,20.75,20.9,1908561
1310,2021-06-16,21.2,21.7,20.85,20.85,6752773
1310,2021-06-15,21.1,21.5,20.9,21.1,2925285
1310,2021-06-11,21,21.05,20.75,20.85,2009564
1310,2021-06-10,21.1,21.25,20.3,20.8,5323194
1310,2021-06-09,21.4,21.45,21,21.1,4990574
1310,2021-06-08,21.5,21.5,20.95,21.15,7995163
1310,2021-06-07,21.1,21.4,20.6,20.9,7728255
1310,2021-06-04,21.2,21.5,20.55,20.7,8751205
1310,2021-06-03,20.55,21.5,20.35,21.1,16192750
1310,2021-06-02,20.5,21.35,20.1,20.35,13830852
1310,2021-06-01,19.75,20.15,19.75,20.1,4919128
1310,2021-05-31,19.7,20.3,19.6,19.65,6002921
1310,2021-05-28,19.35,19.7,19.2,19.5,3064274
1310,2021-05-27,19.4,19.45,19,19.05,2643276
1310,2021-05-26,19.7,19.75,19.05,19.25,3304091
1310,2021-05-25,19.2,20.15,19.15,19.4,13809259
1310,2021-05-24,18.6,19,18.25,18.75,2123180
1310,2021-05-21,18.5,18.75,18.2,18.6,3053606
1310,2021-05-20,18.3,18.7,18.15,18.15,1971350
1310,2021-05-19,18.2,18.8,18,18.5,3060899
1310,2021-05-18,17.05,18.35,17,18.3,4672775
1310,2021-05-17,16.8,17.6,16.7,16.85,7700741
1310,2021-05-14,19,19.8,18.05,18.55,7143859
1310,2021-05-13,18.5,19.45,17.9,18.4,8249593
1310,2021-05-12,21.2,21.3,19,19.2,15520137
1310,2021-05-11,22.2,22.7,20.65,21.1,29116300
1310,2021-05-10,20.9,21.65,20.6,21.2,7865533
1310,2021-05-07,20.9,20.9,19.6,20.15,5575787
1310,2021-05-06,21,21.2,20.05,20.55,3622525
1310,2021-05-05,20,21.3,19.65,20.4,6226111
1310,2021-05-04,21.2,21.8,18.9,19.7,10307642
1310,2021-05-03,21.9,22.1,21,21,7273697
1310,2021-04-29,22,22.15,21.5,21.9,7937223
1310,2021-04-28,21.9,22,21.4,21.9,6557047
1310,2021-04-27,21.75,22.25,21.4,21.85,8970524
1310,2021-04-26,21.35,21.6,20.85,21.3,6335728
1310,2021-04-23,22.2,22.45,21,21.15,12500461
1310,2021-04-22,22.6,23.65,22,22.2,29735577
1310,2021-04-21,22.15,22.2,21.45,22,10108803
1310,2021-04-20,23.9,23.9,21.9,22.25,26232474
1310,2021-04-19,22,23.65,21.9,23.65,33586271
1310,2021-04-16,20.95,21.65,20.8,21.5,12239647
1310,2021-04-15,20.3,21.2,20.3,20.9,8251766
1310,2021-04-14,20.6,20.8,19.8,20.2,7561497
1310,2021-04-13,21.5,21.8,20.6,20.6,10517163
1310,2021-04-12,20.5,21.4,20.3,21.2,11181972
1310,2021-04-09,20.8,20.9,20.25,20.55,7127589
1310,2021-04-08,20.2,21.1,20.1,20.8,15280823
1310,2021-04-07,19.85,20.2,19.85,20.1,7604517
1310,2021-04-06,19.35,19.85,19.35,19.8,8018092
1310,2021-04-01,19.3,19.3,19.1,19.25,2786898
1310,2021-03-31,19.5,19.5,19.1,19.3,3879041
1310,2021-03-30,19.7,19.75,19.35,19.5,4165558
1310,2021-03-29,19.5,19.7,19.45,19.65,8493800
1310,2021-03-26,19.1,19.5,19.1,19.45,11138074
1310,2021-03-25,19.1,19.2,18.9,19,4104330
1310,2021-03-24,18.7,19.2,18.65,19.05,7458329
1310,2021-03-23,18.9,18.9,18.65,18.7,3036975
1310,2021-03-22,18.45,18.85,18.45,18.75,5519583
1310,2021-03-19,18.4,18.4,18.25,18.4,1969085
1310,2021-03-18,18.55,18.7,18.45,18.45,2747944
1310,2021-03-17,18.45,18.55,18.35,18.55,2559909
1310,2021-03-16,18.65,18.65,18.35,18.45,2563906
1310,2021-03-15,18.45,18.65,18.35,18.5,2829227
1310,2021-03-12,18.15,18.35,17.8,18.3,5144011
1310,2021-03-11,18.5,18.75,18.1,18.15,7771293
1310,2021-03-10,18.5,18.55,18.3,18.4,3290161
1310,2021-03-09,18.4,18.6,18.15,18.4,5728913
1310,2021-03-08,18.1,19.05,18.1,18.25,18315940
1310,2021-03-05,17.95,18,17.85,17.9,1623054
1310,2021-03-04,17.95,18.15,17.8,17.95,1986373
1310,2021-03-03,17.85,18.15,17.8,17.95,2070961
1310,2021-03-02,18.3,18.4,17.75,17.85,2748374
1310,2021-02-26,18.1,18.3,17.9,18.25,2696577
1310,2021-02-25,18.2,18.3,17.85,18.3,3424897
1310,2021-02-24,18.55,18.6,17.9,18,4378689
1310,2021-02-23,18.4,18.55,18.2,18.4,6120861
1310,2021-02-22,18.25,18.55,18.2,18.35,7559302
1310,2021-02-19,17.55,18.75,17.5,17.9,11105564
1310,2021-02-18,16.9,17.65,16.9,17.45,4564715
1310,2021-02-17,16.4,16.85,16.4,16.8,1939772
1310,2021-02-05,16.25,16.35,16.2,16.3,974826
1310,2021-02-04,16.2,16.3,16.1,16.2,831095
1310,2021-02-03,16.45,16.45,16.25,16.3,955793
1310,2021-02-02,16.2,16.45,16.2,16.35,878347
1310,2021-02-01,16.2,16.35,16,16.2,881733
1310,2021-01-29,16.35,16.4,16.15,16.2,1266410
1310,2021-01-28,16.4,16.4,16.15,16.3,1239836
1310,2021-01-27,16.35,16.55,16.35,16.5,1153813
1310,2021-01-26,16.6,16.7,16.2,16.25,1494908
1310,2021-01-25,16.3,16.65,16.25,16.55,2041669
1310,2021-01-22,16.35,16.4,16.05,16.25,2598593
1310,2021-01-21,16.45,16.65,16.15,16.35,2414189
1310,2021-01-20,16.95,16.95,16.35,16.45,3334269
1310,2021-01-19,16.9,17.2,16.85,17,1643531
1310,2021-01-18,16.85,17,16.35,16.9,2910577
1310,2021-01-15,17.2,17.35,16.8,16.9,3150459
1310,2021-01-14,17.15,17.25,17.05,17.2,1703142
1310,2021-01-13,17.15,17.4,16.9,17.15,2957284
1310,2021-01-12,17.55,17.55,17.15,17.2,3221813
1310,2021-01-11,17.8,17.8,17.45,17.6,3363400
1310,2021-01-08,18,18.05,17.7,17.8,4377655
1310,2021-01-07,18.05,18.3,17.9,18.1,3335509
1310,2021-01-06,18.75,18.8,17.85,18,5550565
1310,2021-01-05,18.6,18.75,18.4,18.7,3458477
1310,2021-01-04,18.9,18.95,18.5,18.65,4755684
1310,2022-12-30,13.45,13.5,13.35,13.5,422068
1310,2022-12-29,13.45,13.45,13.25,13.4,347062
1310,2022-12-28,13.65,13.65,13.4,13.45,359197
1310,2022-12-27,13.8,13.8,13.65,13.65,364760
1310,2022-12-26,13.55,13.7,13.5,13.7,400047
1310,2022-12-23,13.25,13.55,13.25,13.55,233045
1310,2022-12-22,13.5,13.5,13.1,13.4,425887
1310,2022-12-21,13.15,13.4,13.15,13.2,329540
1310,2022-12-20,13.45,13.55,13.15,13.15,442439
1310,2022-12-19,13.55,13.6,13.4,13.4,281040
1310,2022-12-16,13.7,13.75,13.6,13.6,411869
1310,2022-12-15,13.7,13.9,13.7,13.85,351661
1310,2022-12-14,13.75,13.8,13.7,13.7,362746
1310,2022-12-13,13.85,13.85,13.55,13.65,488043
1310,2022-12-12,13.95,13.95,13.55,13.6,387699
1310,2022-12-09,13.8,13.95,13.75,13.85,543606
1310,2022-12-08,13.7,13.8,13.65,13.65,325272
1310,2022-12-07,13.85,14.05,13.75,13.8,446886
1310,2022-12-06,14.1,14.1,13.85,13.85,519868
1310,2022-12-05,14.1,14.25,14.1,14.15,473102
1310,2022-12-02,14.35,14.35,14.05,14.1,546821
1310,2022-12-01,14.4,14.4,14.15,14.3,972816
1310,2022-11-30,13.95,14.65,13.85,14.4,2790643
1310,2022-11-29,13.7,13.85,13.4,13.8,597372
1310,2022-11-28,13.6,13.75,13.45,13.6,711703
1310,2022-11-25,13.45,13.5,13.35,13.4,344915
1310,2022-11-24,13.45,13.55,13.4,13.45,322717
1310,2022-11-23,13.2,13.5,13.2,13.4,605192
1310,2022-11-22,13.15,13.25,13,13.2,296412
1310,2022-11-21,13.05,13.2,13,13,352371
1310,2022-11-18,13.2,13.45,13.1,13.1,377566
1310,2022-11-17,13,13.3,13,13.2,495827
1310,2022-11-16,13.25,13.35,13.05,13.05,342864
1310,2022-11-15,13.35,13.35,13.15,13.25,276566
1310,2022-11-14,13.3,13.4,13.25,13.35,442942
1310,2022-11-11,13.25,13.4,13.2,13.25,403288
1310,2022-11-10,13.2,13.25,13.1,13.15,242632
1310,2022-11-09,13.2,13.4,13.2,13.3,282674
1310,2022-11-08,13.05,13.2,13,13.15,373097
1310,2022-11-07,12.8,13,12.8,13,372132
1310,2022-11-04,12.7,12.8,12.6,12.8,400819
1310,2022-11-03,12.45,12.65,12.45,12.65,226242
1310,2022-11-02,12.6,12.65,12.55,12.6,171552
1310,2022-11-01,12.35,12.5,12.35,12.5,167527
1310,2022-10-31,12.5,12.5,12.3,12.35,133860
1310,2022-10-28,12.6,12.6,12.3,12.3,271100
1310,2022-10-27,12.45,12.6,12.4,12.45,366309
1310,2022-10-26,12.5,12.55,12.35,12.4,281268
1310,2022-10-25,12.5,12.6,12.35,12.45,381127
1310,2022-10-24,12.35,12.45,12.35,12.4,221812
1310,2022-10-21,12.3,12.35,12.1,12.3,313533
1310,2022-10-20,12.75,12.75,12.15,12.2,2128133
1310,2022-10-19,12.75,12.85,12.6,12.75,413317
1310,2022-10-18,12.6,12.75,12.5,12.75,302468
1310,2022-10-17,12.6,12.6,12.3,12.5,367143
1310,2022-10-14,12.5,12.75,12.5,12.7,469269
1310,2022-10-13,13,13,12.4,12.4,1083117
1310,2022-10-12,13,13.05,12.85,12.95,414838
1310,2022-10-11,13.1,13.4,12.9,13,357926
1310,2022-10-07,13.1,13.25,13.1,13.1,263860
1310,2022-10-06,13.15,13.15,13.05,13.05,786452
1310,2022-10-05,13.4,13.45,13.1,13.1,670010
1310,2022-10-04,13.3,13.45,13.25,13.3,277359
1310,2022-10-03,13.1,13.25,13.05,13.15,266748
1310,2022-09-30,13.1,13.2,13,13.15,378766
1310,2022-09-29,13.1,13.3,13,13.25,673491
1310,2022-09-28,13.4,13.4,12.9,13,1017459
1310,2022-09-27,13.4,13.45,13.25,13.4,488842
1310,2022-09-26,13.6,13.6,13.3,13.4,845942
1310,2022-09-23,13.85,13.95,13.7,13.75,397908
1310,2022-09-22,14.05,14.05,13.75,13.85,472044
1310,2022-09-21,14.2,14.2,14,14.05,369721
1310,2022-09-20,14.25,14.25,14.1,14.2,235316
1310,2022-09-19,14.3,14.45,14.2,14.25,709297
1310,2022-09-16,14.25,14.4,14.2,14.3,258152
1310,2022-09-15,14.15,14.45,14.15,14.4,279584
1310,2022-09-14,14.15,14.35,14.1,14.25,222516
1310,2022-09-13,14.45,14.55,14.4,14.5,292980
1310,2022-09-12,14.2,14.45,14.2,14.45,341261
1310,2022-09-08,14.25,14.3,14.1,14.2,430961
1310,2022-09-07,14.3,14.35,14.2,14.25,332144
1310,2022-09-06,14.5,14.55,14.35,14.4,565654
1310,2022-09-05,14.55,14.55,14.35,14.4,221980
1310,2022-09-02,14.5,14.55,14.35,14.5,291008
1310,2022-09-01,14.55,14.7,14.35,14.45,449845
1310,2022-08-31,14.6,14.7,14.55,14.65,462212
1310,2022-08-30,14.35,14.6,14.35,14.6,305705
1310,2022-08-29,14.45,14.45,14.25,14.35,360878
1310,2022-08-26,14.8,14.8,14.6,14.6,327875
1310,2022-08-25,14.8,14.85,14.7,14.7,500761
1310,2022-08-24,14.4,14.8,14.4,14.75,811887
1310,2022-08-23,14.5,14.5,14.4,14.4,232145
1310,2022-08-22,14.4,14.65,14.4,14.5,457351
1310,2022-08-19,14.35,14.55,14.35,14.5,577078
1310,2022-08-18,14.3,14.45,14.25,14.35,337202
1310,2022-08-17,14.3,14.5,14.3,14.3,499665
1310,2022-08-16,14.3,14.3,14.25,14.25,261831
1310,2022-08-15,14.35,14.35,14.2,14.25,457009
1310,2022-08-12,14.2,14.3,14.2,14.3,402673
1310,2022-08-11,14,14.2,14,14.15,730752
1310,2022-08-10,13.7,14,13.7,14,765008
1310,2022-08-09,13.55,13.75,13.45,13.75,574894
1310,2022-08-08,13.55,13.55,13.2,13.45,333118
1310,2022-08-05,13.45,13.6,13.4,13.55,293113
1310,2022-08-04,13.75,13.75,13.15,13.4,1284098
1310,2022-08-03,13.85,13.85,13.6,13.75,562099
1310,2022-08-02,13.85,13.95,13.8,13.85,398542
1310,2022-08-01,13.85,14.15,13.8,14.1,784327
1310,2022-07-29,13.85,13.85,13.8,13.85,185365
1310,2022-07-28,13.8,13.8,13.7,13.75,216462
1310,2022-07-27,13.7,13.75,13.6,13.7,196444
1310,2022-07-26,13.8,13.85,13.65,13.65,326904
1310,2022-07-25,13.6,13.8,13.5,13.8,425566
1310,2022-07-22,13.6,13.7,13.55,13.6,640843
1310,2022-07-21,13.7,13.85,13.6,13.8,602007
1310,2022-07-20,13.8,13.85,13.65,13.65,450755
1310,2022-07-19,13.65,13.85,13.65,13.75,654680
1310,2022-07-18,13.6,13.75,13.5,13.65,811645
1310,2022-07-15,13.5,13.5,13.25,13.4,404300
1310,2022-07-14,13.35,13.5,13.15,13.5,462313
1310,2022-07-13,13,13.4,13,13.4,1149336
1310,2022-07-12,13.3,13.3,12.95,13,1522337
1310,2022-07-11,13.6,13.6,13.3,13.45,1110006
1310,2022-07-08,14.05,14.1,13.6,13.6,2506218
1310,2022-07-07,13.95,14.05,13.7,14,732192
1310,2022-07-06,14.2,14.2,13.9,13.95,705124
1310,2022-07-05,14.2,14.35,14,14.2,636114
1310,2022-07-04,14.05,14.3,13.9,14,867491
1310,2022-07-01,14.1,14.35,14,14.05,1277604
1310,2022-06-30,14.55,14.55,14,14.35,2437446
1310,2022-06-29,15,15,14.2,14.45,7097953
1310,2022-06-28,15.25,15.25,14.65,15.05,2426629
1310,2022-06-27,15.15,15.45,15.1,15.25,1992713
1310,2022-06-24,14.95,15.2,14.9,15.15,1118588
1310,2022-06-23,15.05,15.2,14.7,14.95,1162230
1310,2022-06-22,15.4,15.4,14.95,15,900183
1310,2022-06-21,15.2,15.4,15.15,15.35,796590
1310,2022-06-20,15.8,15.8,15,15.15,1093237
1310,2022-06-17,15.95,15.95,15.65,15.75,457672
1310,2022-06-16,16.3,16.35,15.9,15.95,327746
1310,2022-06-15,15.9,16.35,15.9,16.2,735517
1310,2022-06-14,15.95,15.95,15.7,15.9,338711
1310,2022-06-13,16,16.1,15.85,15.95,513286
1310,2022-06-10,16.3,16.4,16.15,16.3,277525
1310,2022-06-09,16.2,16.45,16.2,16.4,1376612
1310,2022-06-08,16.15,16.25,16.15,16.2,360418
1310,2022-06-07,16.2,16.3,16.1,16.15,532693
1310,2022-06-06,16,16.15,15.85,16.05,512515
1310,2022-06-02,15.9,16,15.8,15.95,342367
1310,2022-06-01,15.75,16.05,15.65,15.9,514284
1310,2022-05-31,15.7,15.85,15.7,15.75,270637
1310,2022-05-30,15.7,15.85,15.6,15.75,429588
1310,2022-05-27,15.55,15.6,15.5,15.55,301059
1310,2022-05-26,15.5,15.6,15.4,15.45,547745
1310,2022-05-25,15.5,15.5,15.35,15.45,539691
1310,2022-05-24,15.55,15.6,15.45,15.45,280785
1310,2022-05-23,15.5,15.55,15.4,15.55,244906
1310,2022-05-20,15.4,15.45,15.35,15.45,370505
1310,2022-05-19,15.45,15.45,15.25,15.4,509717
1310,2022-05-18,15.65,15.75,15.35,15.65,1177102
1310,2022-05-17,15,15.15,14.9,15.15,643558
1310,2022-05-16,15.1,15.1,14.85,14.95,498810
1310,2022-05-13,14.85,15,14.8,14.9,561205
1310,2022-05-12,15.3,15.4,14.7,14.75,2332092
1310,2022-05-11,15.7,15.8,15.5,15.5,587967
1310,2022-05-10,15.6,15.7,15.25,15.7,493080
1310,2022-05-09,15.9,16,15.6,15.7,1151961
1310,2022-05-06,16.15,16.15,16,16.05,797821
1310,2022-05-05,16.3,16.35,16.15,16.25,397431
1310,2022-05-04,16.3,16.3,16.1,16.2,437812
1310,2022-05-03,16.25,16.35,16.1,16.25,312903
1310,2022-04-29,16.45,16.45,16.2,16.25,402439
1310,2022-04-28,16.15,16.25,16.05,16.2,636377
1310,2022-04-27,16.5,16.5,16.05,16.15,1217642
1310,2022-04-26,16.55,16.65,16.5,16.6,427741
1310,2022-04-25,16.65,16.65,16.5,16.5,881651
1310,2022-04-22,16.85,16.85,16.75,16.8,427422
1310,2022-04-21,16.75,16.95,16.7,16.9,666255
1310,2022-04-20,16.8,16.8,16.65,16.75,505586
1310,2022-04-19,16.65,16.8,16.65,16.75,410450
1310,2022-04-18,16.75,16.8,16.6,16.65,916828
1310,2022-04-15,16.9,16.9,16.8,16.8,506805
1310,2022-04-14,16.95,16.95,16.8,16.95,531685
1310,2022-04-13,16.8,16.95,16.75,16.95,535100
1310,2022-04-12,16.9,16.9,16.7,16.8,551917
1310,2022-04-11,16.85,17,16.7,16.8,963280
1310,2022-04-08,16.75,16.8,16.7,16.8,514007
1310,2022-04-07,16.85,16.9,16.65,16.65,857318
1310,2022-04-06,17,17,16.85,16.85,595150
1310,2022-04-01,16.8,16.85,16.65,16.8,730678
1310,2022-03-31,17.05,17.05,16.75,16.8,1070146
1310,2022-03-30,16.85,17.1,16.75,17.05,1762805
1310,2022-03-29,16.75,16.8,16.6,16.7,995689
1310,2022-03-28,16.85,16.85,16.65,16.75,1378433
1310,2022-03-25,16.95,17,16.8,16.85,1117083
1310,2022-03-24,17,17,16.8,16.9,2111524
1310,2022-03-23,17.15,17.2,16.95,17,4453682
1310,2022-03-22,17.35,17.5,17.3,17.45,926233
1310,2022-03-21,17.1,17.3,17.05,17.25,576481
1310,2022-03-18,17.2,17.25,17,17,798501
1310,2022-03-17,17.15,17.25,17.1,17.2,728195
1310,2022-03-16,17.2,17.25,16.9,17.05,1014723
1310,2022-03-15,17.4,17.4,17,17.05,831466
1310,2022-03-14,17.35,17.5,17.3,17.4,455467
1310,2022-03-11,17.3,17.4,17.25,17.35,401861
1310,2022-03-10,17.25,17.35,17.2,17.35,926769
1310,2022-03-09,16.95,17.15,16.85,17.1,934351
1310,2022-03-08,17,17.2,16.8,16.85,1676117
1310,2022-03-07,17.7,17.7,17.15,17.2,1808677
1310,2022-03-04,17.85,17.85,17.6,17.7,1266309
1310,2022-03-03,17.8,17.95,17.8,17.85,2786134
1310,2022-03-02,17.45,17.7,17.45,17.65,1625019
1310,2022-03-01,17.35,17.5,17.3,17.4,506744
1310,2022-02-25,17.4,17.4,17.1,17.2,567747
1310,2022-02-24,17.4,17.5,17.1,17.15,1599120
1310,2022-02-23,17.6,17.65,17.45,17.5,702849
1310,2022-02-22,17.75,17.8,17.4,17.6,912727
1310,2022-02-21,17.7,17.8,17.55,17.75,1036176
1310,2022-02-18,17.7,17.7,17.6,17.65,414186
1310,2022-02-17,17.6,17.8,17.6,17.7,1428632
1310,2022-02-16,17.7,17.7,17.4,17.55,907703
1310,2022-02-15,17.55,17.7,17.5,17.5,565816
1310,2022-02-14,17.6,17.65,17.4,17.55,1043042
1310,2022-02-11,17.8,17.8,17.55,17.65,1443764
1310,2022-02-10,17.4,17.85,17.35,17.8,4296896
1310,2022-02-09,17.4,17.4,17.25,17.3,567137
1310,2022-02-08,17.4,17.4,17.25,17.35,599440
1310,2022-02-07,16.75,17.4,16.75,17.35,1492162
1310,2022-01-26,16.7,16.9,16.65,16.75,1065330
1310,2022-01-25,16.95,16.95,16.5,16.65,2292536
1310,2022-01-24,17.05,17.05,16.8,16.9,1637313
1310,2022-01-21,17.35,17.35,17.15,17.15,964192
1310,2022-01-20,17.35,17.45,17.2,17.4,816275
1310,2022-01-19,17.3,17.35,17.15,17.3,478784
1310,2022-01-18,17.25,17.35,17.2,17.3,328531
1310,2022-01-17,17.25,17.3,17.1,17.25,684908
1310,2022-01-14,17.4,17.4,17.2,17.2,928837
1310,2022-01-13,17.25,17.4,17.2,17.4,820720
1310,2022-01-12,17.3,17.3,17.2,17.25,799776
1310,2022-01-11,17.3,17.3,17.2,17.3,726935
1310,2022-01-10,17.45,17.45,17.2,17.3,792645
1310,2022-01-07,17.4,17.7,17.3,17.35,2087437
1310,2022-01-06,17.25,17.35,17.25,17.3,784291
1310,2022-01-05,17.25,17.4,17.25,17.25,759639
1310,2022-01-04,17.3,17.4,17.2,17.25,1017461
1310,2022-01-03,17.5,17.5,17.2,17.25,909779
1310,2023-12-29,15.6,15.75,15.5,15.65,563374
1310,2023-12-28,15.65,15.65,15.5,15.6,486386
1310,2023-12-27,15.7,15.75,15.6,15.65,363072
1310,2023-12-26,15.55,15.7,15.55,15.6,399374
1310,2023-12-25,15.85,15.9,15.55,15.55,927337
1310,2023-12-22,16,16.05,15.85,15.85,618701
1310,2023-12-21,15.9,16.05,15.9,16,587759
1310,2023-12-20,16,16,15.85,15.95,308271
1310,2023-12-19,16,16,15.85,15.9,528451
1310,2023-12-18,15.95,16.15,15.95,16,688631
1310,2023-12-15,15.85,16.05,15.7,16,482093
1310,2023-12-14,15.85,15.85,15.7,15.7,564870
1310,2023-12-13,15.9,15.9,15.7,15.75,646541
1310,2023-12-12,16,16.05,15.85,15.9,572913
1310,2023-12-11,16.1,16.15,15.95,15.95,539667
1310,2023-12-08,16.15,16.3,16.05,16.15,440311
1310,2023-12-07,16.3,16.35,16.05,16.05,641868
1310,2023-12-06,16.4,16.5,16.35,16.35,609943
1310,2023-12-05,16.65,16.65,16.4,16.45,801951
1310,2023-12-04,16.6,16.65,16.5,16.65,836923
1310,2023-12-01,16.55,16.7,16.55,16.6,813168
1310,2023-11-30,16.5,16.65,16.45,16.6,1118305
1310,2023-11-29,16.6,16.65,16.5,16.55,672128
1310,2023-11-28,16.4,16.65,16.4,16.6,1180898
1310,2023-11-27,16.65,16.7,16.4,16.4,832880
1310,2023-11-24,16.55,16.65,16.5,16.55,928423
1310,2023-11-23,16.55,16.6,16.4,16.5,788470
1310,2023-11-22,16.45,16.65,16.45,16.55,783775
1310,2023-11-21,16.45,16.5,16.35,16.45,1150448
1310,2023-11-20,16.4,16.4,16.3,16.4,612340
1310,2023-11-17,16.3,16.45,16.3,16.35,764151
1310,2023-11-16,16.3,16.6,16.3,16.35,1260023
1310,2023-11-15,16,16.4,15.95,16.3,2398642
1310,2023-11-14,15.65,15.95,15.55,15.95,839459
1310,2023-11-13,15.75,15.75,15.4,15.65,854886
1310,2023-11-10,16.05,16.05,15.55,15.6,932657
1310,2023-11-09,15.75,16.15,15.65,16.1,2038770
1310,2023-11-08,15.8,15.85,15.7,15.8,678084
1310,2023-11-07,15.75,15.8,15.7,15.75,185124
1310,2023-11-06,15.85,15.9,15.65,15.75,332846
1310,2023-11-03,15.7,15.75,15.55,15.75,377199
1310,2023-11-02,15.5,15.5,15.4,15.45,267519
1310,2023-11-01,15.5,15.55,15.3,15.4,472625
1310,2023-10-31,15.65,15.7,15.35,15.4,551362
1310,2023-10-30,15.95,16.05,15.5,15.6,900975
1310,2023-10-27,15.65,16.15,15.65,15.95,1517572
1310,2023-10-26,15.6,15.8,15.55,15.65,1094292
1310,2023-10-25,15.7,15.75,15.6,15.6,283060
1310,2023-10-24,15.75,15.75,15.55,15.65,456615
1310,2023-10-23,15.35,15.7,15.3,15.55,886051
1310,2023-10-20,15.5,16,15.2,15.3,1241192
1310,2023-10-19,15.3,15.4,15.1,15.4,703364
1310,2023-10-18,15.45,15.55,15.1,15.2,949239
1310,2023-10-17,15.7,15.75,15.45,15.45,419920
1310,2023-10-16,15.45,15.75,15.45,15.65,432042
1310,2023-10-13,15.6,15.6,15.45,15.5,399279
1310,2023-10-12,15.6,15.65,15.5,15.65,380423
1310,2023-10-11,15.7,15.75,15.5,15.5,494912
1310,2023-10-06,15.7,15.9,15.55,15.6,705960
1310,2023-10-05,15.8,15.9,15.65,15.7,535626
1310,2023-10-04,16,16.1,15.9,15.95,638042
1310,2023-10-03,16.05,16.3,15.85,16.05,920916
1310,2023-10-02,16.1,16.25,16.05,16.05,583994
1310,2023-09-28,16.3,16.4,16.1,16.1,698663
1310,2023-09-27,16.25,16.4,16.05,16.05,775916
1310,2023-09-26,16.2,16.45,16.1,16.25,767945
1310,2023-09-25,16.25,16.3,15.9,16.2,925374
1310,2023-09-22,16.5,16.5,16.15,16.15,746767
1310,2023-09-21,16.3,16.35,16.05,16.3,563669
1310,2023-09-20,16.55,16.6,16.2,16.45,755055
1310,2023-09-19,16.55,16.8,16.55,16.55,1329961
1310,2023-09-18,16.25,16.6,16.2,16.55,1375431
1310,2023-09-15,16.4,16.6,16.2,16.25,1096429
1310,2023-09-14,16.3,16.4,16.2,16.25,902481
1310,2023-09-13,15.8,16.75,15.8,16.3,2330568
1310,2023-09-12,15.8,15.9,15.65,15.7,408518
1310,2023-09-11,16.15,16.3,15.7,15.8,1445200
1310,2023-09-08,15.35,16.2,15.25,16.15,3580708
1310,2023-09-07,15.35,15.45,15.3,15.35,305782
1310,2023-09-06,15.6,15.7,15.3,15.4,484299
1310,2023-09-05,15.6,15.75,15.5,15.55,410895
1310,2023-09-04,15.65,15.7,15.5,15.6,485377
1310,2023-09-01,15.35,15.65,15.35,15.55,544913
1310,2023-08-31,15.5,15.5,15.25,15.35,479948
1310,2023-08-30,15.55,15.55,15.2,15.3,496159
1310,2023-08-29,15.45,15.45,15.2,15.25,307560
1310,2023-08-28,15.45,15.55,15.35,15.35,729248
1310,2023-08-25,15.25,15.55,15.25,15.45,631176
1310,2023-08-24,15.25,15.5,15.15,15.5,827186
1310,2023-08-23,15.4,15.6,15.1,15.45,1135643
1310,2023-08-22,15.3,15.35,15.05,15.1,607364
1310,2023-08-21,15.45,15.5,15.25,15.3,623279
1310,2023-08-18,15.35,15.45,15.1,15.3,831988
1310,2023-08-17,15.15,15.3,15,15.2,1004506
1310,2023-08-16,15.15,15.65,15.05,15.2,1442458
1310,2023-08-15,15.7,15.7,15.1,15.2,1562490
1310,2023-08-14,16.1,16.1,15.45,15.45,1697506
1310,2023-08-11,16.65,16.75,16,16.1,2598142
1310,2023-08-10,16.7,16.9,16.6,16.65,2142498
1310,2023-08-09,16.95,17.1,16.85,16.85,1487028
1310,2023-08-08,16.9,16.95,16.8,16.85,1298145
1310,2023-08-07,16.95,17.05,16.7,16.85,1852934
1310,2023-08-04,16.7,16.9,16.65,16.85,1520483
1310,2023-08-02,16.8,17.1,16.7,16.7,4451227
1310,2023-08-01,16.5,16.85,16.45,16.75,2246389
1310,2023-07-31,16.15,16.55,16.15,16.4,1496895
1310,2023-07-28,16.2,16.3,16.05,16.1,1259403
1310,2023-07-27,15.85,16.25,15.85,16.1,1735287
1310,2023-07-26,15.35,15.85,15.35,15.7,996761
1310,2023-07-25,15.35,15.5,15.25,15.35,763275
1310,2023-07-24,15.7,15.7,15.25,15.35,1107626
1310,2023-07-21,15.85,15.9,15.65,15.65,686056
1310,2023-07-20,15.6,15.9,15.6,15.85,764711
1310,2023-07-19,15.6,15.8,15.55,15.6,598293
1310,2023-07-18,15.8,15.9,15.6,15.6,967870
1310,2023-07-17,15.65,15.95,15.5,15.8,1446770
1310,2023-07-14,15.3,15.7,15.3,15.45,909567
1310,2023-07-13,15.3,15.55,15.25,15.3,1109240
1310,2023-07-12,15.75,15.75,15.25,15.25,1608952
1310,2023-07-11,15.8,15.95,15.7,15.7,1144946
1310,2023-07-10,15.7,16,15.7,15.8,891656
1310,2023-07-07,16.1,16.1,15.7,15.7,1287202
1310,2023-07-06,16.25,16.25,16.05,16.1,1267755
1310,2023-07-05,16.45,16.5,16.2,16.25,837778
1310,2023-07-04,16.6,16.6,16.35,16.4,1148624
1310,2023-07-03,16.55,16.65,16.45,16.55,1206454
1310,2023-06-30,16.4,16.6,16.3,16.55,1216892
1310,2023-06-29,16.45,16.6,16.3,16.35,963762
1310,2023-06-28,16.35,16.35,16.2,16.25,623657
1310,2023-06-27,16.4,16.45,16.2,16.2,984230
1310,2023-06-26,16.6,16.6,16.4,16.45,796055
1310,2023-06-21,16.25,16.6,16.2,16.6,2029369
1310,2023-06-20,16.5,16.55,16.25,16.3,916710
1310,2023-06-19,16.7,16.75,16.35,16.4,1059787
1310,2023-06-16,16.25,16.65,16.25,16.6,1842543
1310,2023-06-15,16.3,16.3,16.1,16.15,1293988
1310,2023-06-14,16.3,16.5,16.25,16.3,1026611
1310,2023-06-13,16.35,16.4,16.15,16.3,1346774
1310,2023-06-12,16.75,16.75,16.1,16.3,2175102
1310,2023-06-09,16.7,16.8,16.55,16.65,1339143
1310,2023-06-08,17,17,16.6,16.7,2000579
1310,2023-06-07,17.1,17.3,16.9,16.9,2422157
1310,2023-06-06,17.55,17.7,17.15,17.15,2954033
1310,2023-06-05,17.35,17.7,17.25,17.4,5050505
1310,2023-06-02,17,17.25,16.95,17.1,3935835
1310,2023-06-01,16.8,17.2,16.65,17,4592532
1310,2023-05-31,16.45,16.5,16.35,16.5,1355293
1310,2023-05-30,16.65,16.7,16.3,16.45,2123778
1310,2023-05-29,16.6,16.8,16.55,16.6,2355994
1310,2023-05-26,17.1,17.1,16.6,16.65,4573776
1310,2023-05-25,17.25,17.85,17.25,17.25,11752376
1310,2023-05-24,16.85,17.35,16.75,17.15,4370373
1310,2023-05-23,16.9,17.05,16.75,16.85,3056429
1310,2023-05-22,16.45,16.85,16.45,16.8,1964417
1310,2023-05-19,16.6,16.75,16.35,16.4,1759934
1310,2023-05-18,16.8,16.8,16.5,16.6,2157599
1310,2023-05-17,16.4,16.8,16.35,16.65,2755946
1310,2023-05-16,16.2,16.5,16.2,16.3,1610722
1310,2023-05-15,16.2,16.45,16.15,16.25,2229502
1310,2023-05-12,15.95,16.15,15.35,16.15,2479508
1310,2023-05-11,16.75,16.75,15.8,15.95,4484625
1310,2023-05-10,16.45,16.75,16.3,16.65,2515967
1310,2023-05-09,16.9,17.1,16.5,16.5,3469582
1310,2023-05-08,17.05,17.15,16.8,16.95,3336040
1310,2023-05-05,17.2,17.2,16.75,16.8,3819780
1310,2023-05-04,17.35,17.5,17.1,17.15,5577821
1310,2023-05-03,17.25,17.6,17.1,17.1,9697773
1310,2023-05-02,16.8,17.4,16.5,17.3,9402605
1310,2023-04-28,17.1,17.25,16.75,16.8,9457702
1310,2023-04-27,17.55,18.1,17,17.2,26246428
1310,2023-04-26,16.35,17.7,16.1,17.7,28578058
1310,2023-04-25,17.55,18.2,16.5,16.5,67074498
1310,2023-04-24,15.9,17.05,15.3,17.05,24079621
1310,2023-04-21,14.85,15.55,14.7,15.5,7655318
1310,2023-04-20,14.85,14.9,14.7,14.85,550767
1310,2023-04-19,15.2,15.2,14.8,14.85,1037878
1310,2023-04-18,15.45,15.45,15,15.2,1831065
1310,2023-04-17,14.8,15.4,14.8,15.4,3295011
1310,2023-04-14,15,15.05,14.7,14.75,1416109
1310,2023-04-13,14.9,15.15,14.75,15,2983313
1310,2023-04-12,14.25,14.65,14.25,14.6,1801974
1310,2023-04-11,14.2,14.35,14.2,14.25,607609
1310,2023-04-10,13.95,14.25,13.95,14.2,1102251
1310,2023-04-07,13.95,14,13.9,13.95,291645
1310,2023-04-06,14,14,13.8,13.9,337431
1310,2023-03-31,13.95,13.95,13.8,13.85,198801
1310,2023-03-30,14,14,13.85,13.9,326434
1310,2023-03-29,14,14.1,13.9,14,382299
1310,2023-03-28,13.85,14.1,13.85,13.95,511944
1310,2023-03-27,13.8,13.9,13.8,13.85,353617
1310,2023-03-24,13.85,13.9,13.8,13.85,296172
1310,2023-03-23,13.75,13.85,13.75,13.8,286686
1310,2023-03-22,13.8,13.85,13.75,13.8,275828
1310,2023-03-21,13.75,13.85,13.75,13.75,761533
1310,2023-03-20,13.65,13.8,13.65,13.75,347339
1310,2023-03-17,13.65,13.7,13.5,13.6,397572
1310,2023-03-16,13.7,13.7,13.45,13.5,723634
1310,2023-03-15,13.85,13.9,13.7,13.7,274716
1310,2023-03-14,13.8,13.9,13.7,13.8,307007
1310,2023-03-13,13.85,13.95,13.75,13.85,558087
1310,2023-03-10,14.25,14.3,13.95,14.05,616406
1310,2023-03-09,14.4,14.55,14.2,14.2,559384
1310,2023-03-08,14.2,14.4,14.2,14.4,677445
1310,2023-03-07,14.05,14.3,14.05,14.2,932830
1310,2023-03-06,14,14.15,14,14.05,405065
1310,2023-03-03,13.95,14.1,13.9,14,328237
1310,2023-03-02,14.05,14.05,13.9,13.95,282289
1310,2023-03-01,14.1,14.1,14,14,372746
1310,2023-02-24,14.2,14.2,14.05,14.15,370788
1310,2023-02-23,14.15,14.15,14.05,14.1,398679
1310,2023-02-22,14.05,14.1,13.95,14.05,349294
1310,2023-02-21,14.1,14.15,14,14.05,387519
1310,2023-02-20,13.95,14.1,13.9,14.1,981485
1310,2023-02-17,13.85,14,13.85,13.9,335277
1310,2023-02-16,13.9,13.95,13.85,13.9,289917
1310,2023-02-15,13.95,13.95,13.85,13.85,224190
1310,2023-02-14,13.8,13.9,13.8,13.9,169202
1310,2023-02-13,13.75,13.75,13.65,13.75,236982
1310,2023-02-10,13.85,13.85,13.7,13.75,425188
1310,2023-02-09,14,14.05,13.75,13.85,760310
1310,2023-02-08,14.1,14.15,14.05,14.05,391677
1310,2023-02-07,14.05,14.15,14,14.1,369151
1310,2023-02-06,14.1,14.1,13.95,14.05,452478
1310,2023-02-03,14.1,14.15,14,14.1,456981
1310,2023-02-02,14.25,14.25,14.1,14.15,689841
1310,2023-02-01,13.95,14.4,13.95,14.2,1161644
1310,2023-01-31,13.8,13.95,13.8,13.95,282720
1310,2023-01-30,13.8,13.95,13.8,13.8,404428
1310,2023-01-17,13.7,13.8,13.65,13.8,304201
1310,2023-01-16,13.7,13.85,13.7,13.7,263853
1310,2023-01-13,13.8,13.85,13.7,13.8,353382
1310,2023-01-12,14,14,13.7,13.75,459259
1310,2023-01-11,13.65,13.95,13.65,13.9,1180644
1310,2023-01-10,13.45,13.6,13.45,13.55,249890
1310,2023-01-09,13.65,13.65,13.45,13.45,214707
1310,2023-01-06,13.3,13.5,13.3,13.5,191861
1310,2023-01-05,13.4,13.4,13.35,13.35,227316
1310,2023-01-04,13.35,13.4,13.3,13.35,202258
1310,2023-01-03,13.55,13.55,13.25,13.35,243071
1310,2024-05-22,13.8,14.2,13.75,13.95,1262089
1310,2024-05-21,14,14,13.65,13.75,960021
1310,2024-05-20,14.15,14.2,13.9,14,844355
1310,2024-05-17,14,14.3,14,14.15,1356848
1310,2024-05-16,14,14.1,13.85,14,1523422
1310,2024-05-15,13.75,14.25,13.75,14,4314854
1310,2024-05-14,13.7,13.75,13.5,13.6,717091
1310,2024-05-13,13.4,13.65,13.35,13.55,1268607
1310,2024-05-10,13.2,13.35,13.2,13.35,749963
1310,2024-05-09,13.1,13.25,13.1,13.1,696839
1310,2024-05-08,13.2,13.25,13.1,13.1,434758
1310,2024-05-07,13.4,13.45,13.15,13.2,593305
1310,2024-05-06,13.35,13.35,13.15,13.35,1009541
1310,2024-05-03,13.3,13.45,13.3,13.3,723886
1310,2024-05-02,13.2,13.3,13.1,13.2,714838
1310,2024-04-30,13.45,13.45,13.15,13.2,802719
1310,2024-04-29,13.1,13.5,13.05,13.35,1375651
1310,2024-04-26,13.25,13.25,13.1,13.1,535438
1310,2024-04-25,13.1,13.25,13.1,13.2,357125
1310,2024-04-24,13,13.2,13,13.1,532791
1310,2024-04-23,13.2,13.2,13,13.1,418363
1310,2024-04-22,12.85,13.2,12.85,13.05,900463
1310,2024-04-19,12.95,13.15,12.7,12.85,786986
1310,2024-04-18,12.9,12.95,12.75,12.95,418334
1310,2024-04-17,12.8,13,12.7,12.9,512714
1310,2024-04-16,13.1,13.1,12.75,12.9,2378653
1310,2024-04-15,13.1,13.2,13.1,13.1,750738
1310,2024-04-12,13.2,13.2,13.05,13.1,927193
1310,2024-04-11,13.2,13.35,13.1,13.15,1757649
1310,2024-04-10,13.55,13.6,13.5,13.5,460485
1310,2024-04-09,13.2,13.65,13.2,13.55,1126733
1310,2024-04-08,13.3,13.3,13.2,13.3,606872
1310,2024-04-03,13.4,13.4,13.25,13.3,716189
1310,2024-04-02,13.5,13.5,13.35,13.4,293999
1310,2024-04-01,13.35,13.5,13.25,13.45,430213
1310,2024-03-29,13.45,13.45,13.3,13.35,477891
1310,2024-03-28,13.5,13.55,13.4,13.45,403626
1310,2024-03-27,13.45,13.55,13.45,13.45,378792
1310,2024-03-26,13.65,13.65,13.5,13.5,421822
1310,2024-03-25,13.75,13.8,13.65,13.65,445817
1310,2024-03-22,13.6,13.75,13.6,13.75,524867
1310,2024-03-21,13.35,13.85,13.35,13.6,1099644
1310,2024-03-20,13.5,13.55,13.3,13.35,875712
1310,2024-03-19,13.55,13.65,13.5,13.5,491077
1310,2024-03-18,13.75,14.1,13.45,13.55,1424890
1310,2024-03-15,13.35,14.1,13.25,13.65,1951458
1310,2024-03-14,13.45,13.45,13.3,13.35,859578
1310,2024-03-13,13.8,13.8,13.45,13.45,987329
1310,2024-03-12,13.75,13.9,13.75,13.85,890330
1310,2024-03-11,13.6,13.75,13.5,13.75,677392
1310,2024-03-08,13.7,13.7,13.4,13.6,1828762
1310,2024-03-07,13.9,13.9,13.7,13.75,1346823
1310,2024-03-06,14,14.05,13.9,13.95,838704
1310,2024-03-05,14.05,14.1,14,14,862791
1310,2024-03-04,14.1,14.15,14.05,14.05,736589
1310,2024-03-01,14.2,14.3,14.15,14.15,336805
1310,2024-02-29,14.2,14.3,14.15,14.25,318916
1310,2024-02-27,14.25,14.35,14.1,14.2,508815
1310,2024-02-26,14.15,14.35,14.1,14.25,440076
1310,2024-02-23,14.35,14.35,14.2,14.2,617520
1310,2024-02-22,14.45,14.5,14.3,14.35,316528
1310,2024-02-21,14.55,14.55,14.25,14.4,965796
1310,2024-02-20,14.65,14.7,14.4,14.5,733894
1310,2024-02-19,14.6,14.85,14.5,14.6,1179871
1310,2024-02-16,14.25,14.5,14.25,14.5,620056
1310,2024-02-15,14.25,14.25,14.1,14.15,479096
1310,2024-02-05,14.4,14.45,14.2,14.2,587183
1310,2024-02-02,14.45,14.5,14.3,14.4,268979
1310,2024-02-01,14.4,14.5,14.35,14.45,282259
1310,2024-01-31,14.4,14.4,14.25,14.35,228607
1310,2024-01-30,14.55,14.6,14.3,14.3,504993
1310,2024-01-29,14.45,14.6,14.4,14.55,393601
1310,2024-01-26,14.3,14.45,14.25,14.45,329727
1310,2024-01-25,14.4,14.5,14.25,14.25,313181
1310,2024-01-24,14.35,14.45,14.35,14.4,361596
1310,2024-01-23,14.25,14.45,14.25,14.35,736920
1310,2024-01-22,14.05,14.15,14,14.1,561544
1310,2024-01-19,14,14.15,13.9,13.95,1955797
1310,2024-01-18,14.2,14.25,13.9,13.95,918544
1310,2024-01-17,14.1,14.3,14.1,14.2,1030175
1310,2024-01-16,14.65,14.7,14,14.25,3628415
1310,2024-01-15,15,15,14.55,14.7,2053440
1310,2024-01-12,15.05,15.15,15,15.05,311274
1310,2024-01-11,15.1,15.15,15,15.05,460373
1310,2024-01-10,15.2,15.2,15.05,15.05,401667
1310,2024-01-09,15.45,15.5,15.2,15.2,595222
1310,2024-01-08,15.35,15.45,15.35,15.35,391536
1310,2024-01-05,15.45,15.5,15.35,15.4,340363
1310,2024-01-04,15.4,15.45,15.35,15.4,328590
1310,2024-01-03,15.5,15.55,15.4,15.4,634749
1310,2024-01-02,15.6,15.65,15.5,15.55,541810
1338,2012-12-28,77.4,78.2,76.7,78.2,154100
1338,2012-12-27,77.1,77.3,76.5,77.3,111000
1338,2012-12-26,77,77.3,76.2,77.3,79117
1338,2012-12-25,76,77.4,76,77.2,162006
1338,2012-12-24,76.5,77.5,76,76.5,170485
1338,2012-12-22,75,77.2,75,76.7,181015
1338,2012-12-21,75.4,75.6,74.2,74.6,234000
1338,2012-12-20,77.2,77.5,75.2,75.4,366000
1338,2012-12-19,81,81,76.5,77,2158000
1338,2013-12-31,106,108,103,103,2405455
1338,2013-12-30,109,109.5,104,105,1899511
1338,2013-12-27,109,109,104.5,107.5,2665646
1338,2013-12-26,102.5,107,102.5,107,4410134
1338,2013-12-25,95.2,100,95,100,2223429
1338,2013-12-24,93.4,95.8,93.4,93.9,792836
1338,2013-12-23,92.8,93.5,91.6,93.3,496280
1338,2013-12-20,92.7,93.3,91.4,92,649945
1338,2013-12-19,94,94.5,92.5,93.4,467011
1338,2013-12-18,94,94.3,93.1,93.5,354500
1338,2013-12-17,95,95,93.8,94,311320
1338,2013-12-16,95.1,95.7,93.9,94.6,309520
1338,2013-12-13,94,95.3,93.7,94.9,623500
1338,2013-12-12,93.6,94.7,93,93.6,477800
1338,2013-12-11,96,96,93.8,94,532711
1338,2013-12-10,95,97,93.6,95,1587519
1338,2013-12-09,93,93.5,92.5,92.6,530264
1338,2013-12-06,94,94,91.5,92.8,712056
1338,2013-12-05,92.6,95,92.6,93.5,940400
1338,2013-12-04,93.1,93.5,91.8,92.6,588600
1338,2013-12-03,94.1,94.1,93,93.2,462300
1338,2013-12-02,91,95,91,94.6,975253
1338,2013-11-29,91.2,92.6,91,91,530000
1338,2013-11-28,91,93,90.6,91.2,551601
1338,2013-11-27,91.5,91.5,90.3,91,363371
1338,2013-11-26,91.7,92,90.5,91.3,281793
1338,2013-11-25,91.2,92.5,89.5,91.7,545100
1338,2013-11-22,92,93,91.2,91.2,322000
1338,2013-11-21,92,92.4,90,91.1,503000
1338,2013-11-20,91.6,94,90.7,93,978079
1338,2013-11-19,90,91.3,88.8,90.6,613522
1338,2013-11-18,88,91,86.4,90,1163840
1338,2013-11-15,84.5,87.4,84.3,86.3,890944
1338,2013-11-14,84.2,85,83.2,84.5,381700
1338,2013-11-13,84,85,83.7,84,413000
1338,2013-11-12,84.5,84.8,82.8,83.3,355628
1338,2013-11-11,82.8,85.5,82.2,83.3,620700
1338,2013-11-08,82.5,83,81.7,81.7,299800
1338,2013-11-07,82.1,83.1,82.1,82.5,186103
1338,2013-11-06,82.9,82.9,80.8,82.1,379993
1338,2013-11-05,84.5,84.5,82,82.9,356140
1338,2013-11-04,82.9,85,82.8,83.7,385230
1338,2013-11-01,83,84.2,82.7,82.9,367100
1338,2013-10-31,84.2,84.4,83,83,297060
1338,2013-10-30,81.2,85.3,81.2,84,746700
1338,2013-10-29,82.5,82.5,81.2,81.2,131932
1338,2013-10-28,81.5,82.7,81.2,82,206200
1338,2013-10-25,81.4,81.6,81,81.2,218000
1338,2013-10-24,80,82.8,80,81.6,200800
1338,2013-10-23,81,82.5,81,81.2,276720
1338,2013-10-22,81.7,82.2,81,81,367854
1338,2013-10-21,83.3,83.3,81.8,82.2,341274
1338,2013-10-18,83.8,84.1,83.1,83.3,240700
1338,2013-10-17,83.6,84.1,83.5,83.5,197900
1338,2013-10-16,83.9,84.4,83.3,83.6,206705
1338,2013-10-15,82.3,85,82.3,84,389605
1338,2013-10-14,83.5,83.7,81.7,82,462129
1338,2013-10-11,85.8,86.7,83.3,83.3,1185505
1338,2013-10-09,85.6,86.5,81,84.1,803124
1338,2013-10-08,85,87,85,85.6,533705
1338,2013-10-07,86.5,86.5,85.4,85.8,620505
1338,2013-10-04,85.1,87,84.5,86.5,720205
1338,2013-10-03,86.7,86.7,84.3,85.1,1057197
1338,2013-10-02,82.5,87.8,82.5,86.7,2421024
1338,2013-10-01,80.3,82.3,80.1,82.1,1139906
1338,2013-09-30,80,80.5,79.7,80.3,358551
1338,2013-09-27,80,82,80,80.2,869350
1338,2013-09-26,79.7,80.2,78.7,79.9,518851
1338,2013-09-25,80.8,81.2,79.6,79.9,669401
1338,2013-09-24,80,82,80,80.8,1485700
1338,2013-09-23,80,80.4,79,79.9,600727
1338,2013-09-18,80,81,79.2,79.9,1126440
1338,2013-09-17,78,80.6,78,79.6,2492500
1338,2013-09-16,76.6,79,76.6,77.7,1201570
1338,2013-09-14,77.8,78.2,76.2,76.2,404600
1338,2013-09-13,77.9,79.2,77.3,77.8,1859600
1338,2013-09-12,74.3,77.5,74.3,76.8,1287050
1338,2013-09-11,74.9,75.8,73,74.3,780950
1338,2013-09-10,76.5,76.5,73.8,74.3,1086750
1338,2013-09-09,71.5,75.7,71,75,1277000
1338,2013-09-06,71,71.5,70.9,71,269800
1338,2013-09-05,70.7,71.8,70.6,71,307700
1338,2013-09-04,71.4,71.5,70.5,70.7,132100
1338,2013-09-03,71.4,72.6,71.3,71.3,228592
1338,2013-09-02,71.8,71.8,71,71.4,144507
1338,2013-08-30,71.5,71.8,70.9,71.5,189400
1338,2013-08-29,71.6,71.6,71.1,71.5,110401
1338,2013-08-28,72.3,72.5,71.1,71.4,171200
1338,2013-08-27,70.7,73.2,70.5,72.3,627750
1338,2013-08-26,70.3,71.4,70.3,70.7,141700
1338,2013-08-23,73,73,71.2,71.2,127489
1338,2013-08-22,71.4,72.4,70.6,72.4,161835
1338,2013-08-20,73.6,73.7,71.6,72.3,191750
1338,2013-08-19,72.5,74.4,71.2,74,202436
1338,2013-08-16,71.6,73.7,71.5,72.5,373049
1338,2013-08-15,73.8,74.6,72,72,435524
1338,2013-08-14,74.6,75,73.5,73.8,242000
1338,2013-08-13,75.9,75.9,72.8,74.6,702000
1338,2013-08-12,78.2,78.2,73,74.5,690064
1338,2013-08-09,78.2,80.2,76.7,77.4,1972177
1338,2013-08-08,72.5,77.2,72.2,77.2,3201146
1338,2013-08-07,70.7,73.5,70.7,72.2,1640054
1338,2013-08-06,69.1,72,68.6,71.5,700096
1338,2013-08-05,68.1,70.3,67.1,69,415000
1338,2013-08-02,69.1,69.7,68,68,153250
1338,2013-08-01,69.2,69.7,68.3,69,174000
1338,2013-07-31,71,71,69.6,69.6,162000
1338,2013-07-30,72,72,70.4,71.5,162038
1338,2013-07-29,72.4,73.6,71,72,307400
1338,2013-07-26,69.5,73.3,69.5,72,612500
1338,2013-07-25,68.7,69.7,68.3,68.9,278000
1338,2013-07-24,69.4,69.4,68.6,68.7,122000
1338,2013-07-23,69.2,69.4,68.5,69.4,118000
1338,2013-07-22,69.7,70.4,69.1,69.1,99000
1338,2013-07-19,68.7,69.5,68.1,69.5,23100
1338,2013-07-18,69,69.8,69,69.1,52000
1338,2013-07-17,69.8,70.1,69,70,123000
1338,2013-07-16,69.8,70.1,68.6,69.8,119000
1338,2013-07-15,69,69.8,68.5,69.5,242000
1338,2013-07-12,70,70,68.5,68.5,300000
1338,2013-07-11,70.5,70.8,68,69.4,211000
1338,2013-07-10,68.9,72.6,68.9,70.1,378282
1338,2013-07-09,77,77.2,76.2,77.2,366500
1338,2013-07-08,76.2,77,75.3,76.9,187000
1338,2013-07-05,75,75.8,75,75.7,142000
1338,2013-07-04,75.4,76,74.5,74.7,49000
1338,2013-07-03,75.6,75.6,74.7,75.4,63000
1338,2013-07-02,78.4,78.4,75,75.5,104000
1338,2013-07-01,74,74.8,74,74.4,41000
1338,2013-06-28,73.2,74.3,73.2,73.8,96000
1338,2013-06-27,72.4,73.7,72.4,73.3,71000
1338,2013-06-26,72.5,72.5,71,72,62000
1338,2013-06-25,73.5,73.7,71,71,174000
1338,2013-06-24,74,74.4,73.6,73.7,18000
1338,2013-06-21,74.5,74.6,73.5,73.9,29000
1338,2013-06-20,74,75,73.9,75,11000
1338,2013-06-19,74,75.2,74,75,90000
1338,2013-06-18,73.9,74.7,73.6,74,56000
1338,2013-06-17,71.6,74.7,71.6,73.9,41000
1338,2013-06-14,72.5,72.5,71.1,71.4,29000
1338,2013-06-13,73,73.5,72,72.2,48000
1338,2013-06-11,72.6,74,72.4,72.5,72000
1338,2013-06-10,72.6,74.3,72.3,72.4,75000
1338,2013-06-07,73.9,73.9,72.6,72.7,36034
1338,2013-06-06,73.3,73.3,73.1,73.2,41000
1338,2013-06-05,74.2,74.9,73.6,73.6,79000
1338,2013-06-04,74.5,75.7,74.1,74.2,139000
1338,2013-06-03,74.3,76.9,74.2,74.2,80000
1338,2013-05-31,76.5,77.3,75.3,75.4,100000
1338,2013-05-30,78.2,78.8,76.8,77.2,76041
1338,2013-05-29,77.9,80,77.9,78.2,240100
1338,2013-05-28,73.1,77.1,73.1,77.1,340041
1338,2013-05-27,70.1,72.2,69.6,72.1,57100
1338,2013-05-24,68.6,69.2,68.6,69,55000
1338,2013-05-23,70.6,70.6,70,70,9000
1338,2013-05-22,70.5,71,70.4,70.6,22000
1338,2013-05-21,71.5,71.5,70.3,70.3,12000
1338,2013-05-20,71.2,71.5,71,71.1,19000
1338,2013-05-17,71,71.5,70.6,71.5,49000
1338,2013-05-16,69.3,71,68.5,71,157000
1338,2013-05-15,71.5,71.5,68.9,69.3,248019
1338,2013-05-14,70.8,73.6,70.8,72.1,97065
1338,2013-05-13,76,76.3,76,76.1,29000
1338,2013-05-10,75.5,75.8,75.5,75.8,10000
1338,2013-05-09,76.2,76.2,74.9,75.9,40000
1338,2013-05-08,75,76,75,76,33000
1338,2013-05-07,74.6,75.2,74.6,75,13000
1338,2013-05-06,74.5,74.6,74.5,74.6,22000
1338,2013-05-03,75.1,75.5,74,74.3,96000
1338,2013-05-02,76.5,76.5,75,75,97000
1338,2013-04-30,77,78,76.8,76.8,28000
1338,2013-04-29,77.5,77.5,76.6,76.7,39000
1338,2013-04-26,76.6,78,76.6,77.5,23000
1338,2013-04-25,77,77,76,76,29033
1338,2013-04-24,76.8,77.1,76.8,77,27000
1338,2013-04-23,77.6,77.6,76.6,76.6,35000
1338,2013-04-22,79,79,76.5,77.6,26000
1338,2013-04-19,78.2,78.2,76.7,76.7,86000
1338,2013-04-18,78.3,78.5,78.2,78.2,15000
1338,2013-04-17,79.2,79.7,78,78.3,29000
1338,2013-04-16,79.2,80.3,79.1,79.5,35000
1338,2013-04-15,79.5,80.8,79.5,79.5,98000
1338,2013-04-12,79,79.8,79,79,31000
1338,2013-04-11,80,80,78.5,79,70000
1338,2013-04-10,76.8,80.2,76.8,78.5,102000
1338,2013-04-09,75.6,77,75.6,76.4,74024
1338,2013-04-08,78.5,78.5,76.5,77,66000
1338,2013-04-03,79.1,80,78.5,78.5,40000
1338,2013-04-02,80,80,78.1,78.9,132000
1338,2013-04-01,80.5,80.8,79.3,79.5,81000
1338,2013-03-29,80.8,80.8,79.5,80,48000
1338,2013-03-28,79.8,80.5,79.5,79.9,59030
1338,2013-03-27,79.7,79.7,79,79.1,71000
1338,2013-03-26,79.5,79.9,79.5,79.6,38000
1338,2013-03-25,79.4,79.9,79.4,79.9,12000
1338,2013-03-22,79.6,79.9,79,79.4,54000
1338,2013-03-21,80.1,80.2,79.6,79.9,35000
1338,2013-03-20,79.7,79.7,79.1,79.5,30009
1338,2013-03-19,79.2,79.8,79.1,79.7,152000
1338,2013-03-18,81.8,81.8,79.2,79.2,82000
1338,2013-03-15,82,82.7,82,82,87150
1338,2013-03-14,82.5,83,82,82.8,63500
1338,2013-03-13,84,84.1,82,83.8,130000
1338,2013-03-12,85.2,85.2,84,84,81000
1338,2013-03-11,85.2,85.2,83.5,85.2,69000
1338,2013-03-08,85.7,86.2,85,85.2,98020
1338,2013-03-07,86,86.4,84.5,85.6,91000
1338,2013-03-06,84.9,86.2,84.2,85.6,131000
1338,2013-03-05,83.8,84.3,83.1,83.8,109000
1338,2013-03-04,84.7,84.7,83.5,84.4,125050
1338,2013-03-01,85.1,86,84.6,84.7,96000
1338,2013-02-27,83.5,86.2,83.2,85,155000
1338,2013-02-26,83.5,85.3,83,83,131000
1338,2013-02-25,85.3,85.3,83.6,83.6,162009
1338,2013-02-23,85.5,87.5,84.8,85.3,152000
1338,2013-02-22,85.5,85.6,85.1,85.1,93000
1338,2013-02-21,86.9,86.9,86,86,113000
1338,2013-02-20,87,87.3,85.5,86.9,150032
1338,2013-02-19,88.5,88.8,86,86.2,199000
1338,2013-02-18,89.5,89.5,85,88.2,397150
1338,2013-02-06,83.5,89,83.5,87.6,971019
1338,2013-02-05,84,84,82.6,83.3,429000
1338,2013-02-04,78.5,83.4,78.5,83.4,977020
1338,2013-02-01,77.9,78.5,77.8,78,69000
1338,2013-01-31,78.6,78.6,77.9,77.9,86009
1338,2013-01-30,78.2,78.5,78.1,78.3,52000
1338,2013-01-29,78.4,78.5,78,78.5,84000
1338,2013-01-28,78.8,78.8,78,78.4,53009
1338,2013-01-25,78.5,78.8,77.7,78,61000
1338,2013-01-24,78,78.4,78,78.3,64011
1338,2013-01-23,77.8,78.1,77.3,77.7,67011
1338,2013-01-22,77.2,78.2,77,77.8,105000
1338,2013-01-21,77,77,76.8,76.8,22080
1338,2013-01-18,76.4,77.2,76.4,77.1,66000
1338,2013-01-17,76.5,78,75.8,76.3,114014
1338,2013-01-16,75.7,76.5,75.7,76.5,45000
1338,2013-01-15,77,77,75.6,76.5,72000
1338,2013-01-14,77,77,76,77,59000
1338,2013-01-11,75.3,77.4,75.2,77,86080
1338,2013-01-10,75.3,75.9,74.9,75.5,60050
1338,2013-01-09,76,76,74.9,75.7,99050
1338,2013-01-08,76.3,76.7,75.7,76,44100
1338,2013-01-07,76.8,76.8,76.3,76.4,36000
1338,2013-01-04,77.5,77.5,76.3,76.3,84000
1338,2013-01-03,77.4,77.6,76.3,77,148000
1338,2013-01-02,78.2,78.2,77.2,77.2,74000
1338,2014-12-31,94.5,94.5,93.6,93.8,94000
1338,2014-12-30,95,95,93.7,93.8,62132
1338,2014-12-29,93.6,95.5,93.6,94.1,182000
1338,2014-12-27,95.3,95.3,93.4,94.6,195300
1338,2014-12-26,95.5,95.5,94.2,94.9,106000
1338,2014-12-25,95.5,95.5,93.9,95,138000
1338,2014-12-24,94.9,95.2,94,95,108100
1338,2014-12-23,94.5,94.9,93.7,94.2,103200
1338,2014-12-22,91.5,94.3,91.5,94.1,220000
1338,2014-12-19,97.5,97.6,93.8,94,298000
1338,2014-12-18,97.9,98.2,96.7,96.8,203754
1338,2014-12-17,98.3,99,97.2,97.2,155000
1338,2014-12-16,99.4,100,98.5,99,214100
1338,2014-12-15,99.5,99.7,98.7,99.4,97066
1338,2014-12-12,100,102,99.7,99.9,220050
1338,2014-12-11,98.5,100.5,98.5,99.7,264000
1338,2014-12-10,102,102.5,99.2,100,312045
1338,2014-12-09,103.5,104.5,102.5,103,244500
1338,2014-12-08,105,105.5,102.5,103.5,436100
1338,2014-12-05,101,104.5,101,104.5,411499
1338,2014-12-04,98.8,105,98.7,101.5,1232775
1338,2014-12-03,96.5,100.5,96.2,98.5,752868
1338,2014-12-02,93,96.3,93,96,364000
1338,2014-12-01,88.8,95.1,88.8,94.4,297400
1338,2014-11-28,95.5,95.9,94.8,94.8,104000
1338,2014-11-27,96.1,96.7,95.4,95.5,398127
1338,2014-11-26,97.4,97.9,95.4,95.9,647397
1338,2014-11-25,93.7,98,93.5,96.4,421000
1338,2014-11-24,94.9,95.3,92.8,93.7,187325
1338,2014-11-21,93.8,95.5,91.9,94.5,293273
1338,2014-11-20,92.8,93.9,92.4,93.8,419727
1338,2014-11-19,91.5,94.7,91.5,92.3,594052
1338,2014-11-18,94.5,94.5,88.3,93.7,381198
1338,2014-11-17,95,95,93.7,94,117101
1338,2014-11-14,94.8,96,94,95.2,180040
1338,2014-11-13,96.7,96.7,94.1,94.8,175152
1338,2014-11-12,96.3,98,95.3,96.7,288409
1338,2014-11-11,97.9,98.5,91.7,98.4,1350289
1338,2014-11-10,99,99.2,98,98.4,233000
1338,2014-11-07,94.2,99.7,94.1,98.8,234000
1338,2014-11-06,98,98,93,95,246125
1338,2014-11-05,97.8,98.7,97.5,98.1,277161
1338,2014-11-04,97.5,98.4,96.5,97.8,262052
1338,2014-11-03,94.6,99.7,94.4,97.5,628138
1338,2014-10-31,94.3,94.9,93.5,94.6,375132
1338,2014-10-30,94,94.6,92,94,359457
1338,2014-10-29,91.5,95,89.9,94,693227
1338,2014-10-28,88,91.3,87.6,89.1,659103
1338,2014-10-27,93.4,93.4,86.4,86.4,808076
1338,2014-10-24,94.1,94.1,91,92.9,392552
1338,2014-10-23,92.5,96.4,92.3,93.8,439330
1338,2014-10-22,95.9,96,92,92.5,312154
1338,2014-10-21,92,95.6,92,94.2,454173
1338,2014-10-20,96.5,96.8,88,91,945210
1338,2014-10-17,102,102,94.4,94.4,642827
1338,2014-10-16,102.5,103,98.1,101.5,505802
1338,2014-10-15,105.5,105.5,103,103,221250
1338,2014-10-14,102,105.5,102,105.5,262444
1338,2014-10-13,104,105.5,102,103.5,431002
1338,2014-10-09,108,108.5,105,107,379331
1338,2014-10-08,109.5,110,107.5,107.5,202052
1338,2014-10-07,110,111,108.5,110,296603
1338,2014-10-06,110,110,107,110,290149
1338,2014-10-03,109.5,112,109.5,110,469248
1338,2014-10-02,108,110,107.5,109.5,204390
1338,2014-10-01,106,110,106,108.5,301430
1338,2014-09-30,105,107.5,104.5,106.5,213264
1338,2014-09-29,104,107,104,106,86461
1338,2014-09-26,104.5,107,103,105.5,108704
1338,2014-09-25,109.5,109.5,104.5,106,416443
1338,2014-09-24,109,110,108,109.5,221198
1338,2014-09-23,112,112,109,109,215766
1338,2014-09-22,111.5,112.5,109,112,211572
1338,2014-09-19,106,113,106,111.5,1062467
1338,2014-09-18,106,106.5,105,106,146317
1338,2014-09-17,105,107,104.5,105,215000
1338,2014-09-16,105.5,106,104.5,105,105162
1338,2014-09-15,105,106.5,104.5,105.5,219740
1338,2014-09-12,108,108.5,105,107,354058
1338,2014-09-11,105,109.5,105,108.5,360397
1338,2014-09-10,103,107,103,106,421198
1338,2014-09-09,108,109,106,106,279363
1338,2014-09-05,107,114,101,109,1032022
1338,2014-09-04,111,111,107,107,551420
1338,2014-09-03,110,113,110,112,484884
1338,2014-09-02,110,110.5,109.5,110,215426
1338,2014-09-01,109,111.5,109,109.5,251259
1338,2014-08-29,109,110,108,109,237909
1338,2014-08-28,110,110,108,109,279300
1338,2014-08-27,109.5,110.5,109,110.5,268254
1338,2014-08-26,107,113.5,107,109,995066
1338,2014-08-25,105.5,108,104.5,107,915820
1338,2014-08-22,98.2,104.5,98.1,104.5,1238849
1338,2014-08-21,104.5,104.5,97.7,97.7,960919
1338,2014-08-20,105,107.5,103,105,644684
1338,2014-08-19,105.5,107,102,105,911874
1338,2014-08-18,112,112,104.5,105.5,1471664
1338,2014-08-15,112,113,111,112,240006
1338,2014-08-14,115,116.5,111,112,637488
1338,2014-08-13,115,115,110,113,585971
1338,2014-08-12,115,115,112,113.5,543888
1338,2014-08-11,113,116,112.5,115,945047
1338,2014-08-08,114,116,111,111,1091789
1338,2014-08-07,127,127.5,119,119,1160638
1338,2014-08-06,129,130.5,126,127.5,453871
1338,2014-08-05,131,131,126.5,130,358180
1338,2014-08-04,130,131.5,129.5,131,295397
1338,2014-08-01,129,130,128.5,129.5,169283
1338,2014-07-31,130.5,130.5,129,130,178485
1338,2014-07-30,130,133,129,130,735599
1338,2014-07-29,128.5,130.5,128,129,558125
1338,2014-07-28,129.5,129.5,128,128.5,310396
1338,2014-07-25,126.5,129.5,126.5,128.5,330976
1338,2014-07-24,127,129.5,126.5,128,316948
1338,2014-07-22,128,129,125.5,127,408911
1338,2014-07-21,124,127,124,127,248706
1338,2014-07-18,125,126,122.5,124,458686
1338,2014-07-17,125,126.5,125,126,239307
1338,2014-07-16,126,127.5,125,125,182389
1338,2014-07-15,129,129.5,126,126,521559
1338,2014-07-14,129.5,130.5,128.5,128.5,451402
1338,2014-07-11,131.5,133.5,127,130,1356061
1338,2014-07-10,129,133,128,132,1479053
1338,2014-07-09,132,132,130,130,520254
1338,2014-07-08,131.5,132.5,131,132,686100
1338,2014-07-07,127.5,132,127.5,131,1236203
1338,2014-07-04,127.5,128,126,127.5,332263
1338,2014-07-03,127.5,128.5,126,126.5,504698
1338,2014-07-02,129.5,130.5,123,127.5,1046976
1338,2014-07-01,129.5,130,128,129.5,399200
1338,2014-06-30,131,135,129,129,1302080
1338,2014-06-27,131,131,128,130,1351364
1338,2014-06-26,122.5,131,122,131,1579010
1338,2014-06-25,121,125.5,121,122.5,929075
1338,2014-06-24,119.5,122.5,118,121,359050
1338,2014-06-23,120,121,117,118,399190
1338,2014-06-20,123,123,120,120,214320
1338,2014-06-19,120.5,122.5,120,122,274669
1338,2014-06-18,118,121.5,117.5,120.5,263100
1338,2014-06-17,119.5,119.5,117.5,118,297785
1338,2014-06-16,121,121,119,119,312200
1338,2014-06-13,120,123.5,119,121,574856
1338,2014-06-12,120,120.5,118,119,715264
1338,2014-06-11,123,123.5,122.5,123.5,633569
1338,2014-06-10,124,125,122,122.5,680675
1338,2014-06-09,124,125,122,122.5,510300
1338,2014-06-06,122,126,119.5,123.5,1278395
1338,2014-06-05,114.5,122.5,114.5,122,1193900
1338,2014-06-04,115,116,114.5,114.5,453370
1338,2014-06-03,115.5,115.5,113.5,114.5,398050
1338,2014-05-30,115,116,114,115.5,248220
1338,2014-05-29,115,116,113.5,113.5,252432
1338,2014-05-28,117,117.5,115,115,385228
1338,2014-05-27,117,117.5,115,116,287212
1338,2014-05-26,118,118,114.5,115.5,339250
1338,2014-05-23,115,118,113.5,116.5,739159
1338,2014-05-22,112,114.5,111,114,355940
1338,2014-05-21,109,112.5,109,111,355400
1338,2014-05-20,112.5,112.5,109,109,203105
1338,2014-05-19,111,112.5,109.5,112,304025
1338,2014-05-16,105,110.5,105,110.5,446095
1338,2014-05-15,104.5,107.5,103,107.5,361140
1338,2014-05-14,107,107,104,104.5,424500
1338,2014-05-13,107.5,109.5,106,107,364000
1338,2014-05-12,112,112,106,107,720700
1338,2014-05-09,113.5,114.5,108.5,110,772296
1338,2014-05-08,115,115,113,114.5,304200
1338,2014-05-07,115,115,113.5,114.5,447000
1338,2014-05-06,114,117,113,115.5,393080
1338,2014-05-05,113.5,115,113,114,428371
1338,2014-05-02,111.5,114,107.5,114,980739
1338,2014-04-30,115.5,115.5,111,111.5,250267
1338,2014-04-29,113,116.5,112,114,438200
1338,2014-04-28,110,113,107,112,671003
1338,2014-04-25,118,118,111,112,1244800
1338,2014-04-24,123.5,124,115,119,1530900
1338,2014-04-23,125,126,123,123.5,298200
1338,2014-04-22,123,124,121.5,122.5,352200
1338,2014-04-21,124,125.5,122.5,122.5,315500
1338,2014-04-18,124,125,123,124,346244
1338,2014-04-17,125,126.5,123.5,124,336562
1338,2014-04-16,124.5,126,122.5,124.5,495016
1338,2014-04-15,125,126,123,124.5,527786
1338,2014-04-14,128,128,124,124,666220
1338,2014-04-11,128,129.5,124.5,128.5,1148150
1338,2014-04-10,132,133,128,128,860780
1338,2014-04-09,128.5,131,128.5,130,1671988
1338,2014-04-08,129,134,128.5,128.5,2109335
1338,2014-04-07,124.5,132,124.5,129,2273548
1338,2014-04-03,126,127,124,125.5,1143085
1338,2014-04-02,123,128.5,123,124.5,3294122
1338,2014-04-01,117.5,122.5,116.5,122,2021311
1338,2014-03-31,114,118,114,117,557200
1338,2014-03-28,114,116,114,114,537100
1338,2014-03-27,117,117.5,114,114,427573
1338,2014-03-26,119,120,116,116,405300
1338,2014-03-25,118,118,115,118,330999
1338,2014-03-24,118,120,114.5,118.5,616000
1338,2014-03-21,121,121,117.5,120,423910
1338,2014-03-20,120,122.5,118,121,955643
1338,2014-03-19,121,126,120.5,121,2467532
1338,2014-03-18,115,121.5,115,119,2287089
1338,2014-03-17,113,114.5,113,114.5,224569
1338,2014-03-14,113,114.5,112.5,113,307000
1338,2014-03-13,112,114,111.5,113,287700
1338,2014-03-12,112,112,110,110.5,315301
1338,2014-03-11,115.5,116.5,110.5,112,827705
1338,2014-03-10,113.5,115,111.5,113,428227
1338,2014-03-07,117.5,117.5,110,113.5,1302274
1338,2014-03-06,113.5,117.5,113,117.5,803360
1338,2014-03-05,120,120.5,112,113.5,1234810
1338,2014-03-04,118,123,118,118.5,936117
1338,2014-03-03,118,119,117.5,118,230600
1338,2014-02-27,119.5,119.5,118,118,310250
1338,2014-02-26,120,120,118,118,504548
1338,2014-02-25,118,119.5,117,119.5,450268
1338,2014-02-24,119,120,116.5,117.5,1036100
1338,2014-02-21,118,120.5,116,117,1005980
1338,2014-02-20,116.5,118.5,116,116.5,850120
1338,2014-02-19,121,121,116.5,116.5,834340
1338,2014-02-18,117,121.5,116,120,698980
1338,2014-02-17,119,119,117,118,390300
1338,2014-02-14,120,120.5,118,118,443000
1338,2014-02-13,122,122.5,119,119.5,534781
1338,2014-02-12,120,125,119,121,1804600
1338,2014-02-11,118,119,116,119,1095456
1338,2014-02-10,116,118,115.5,117,845381
1338,2014-02-07,121,123,118,119,1396600
1338,2014-02-06,114,119.5,111,119.5,1604857
1338,2014-02-05,108,112,108,112,597908
1338,2014-01-27,108.5,111,108,109.5,639762
1338,2014-01-24,109.5,113.5,108.5,110,576800
1338,2014-01-23,109.5,111.5,109,109.5,552700
1338,2014-01-22,112,113,109,109,1278565
1338,2014-01-21,110.5,118,109.5,114.5,1609316
1338,2014-01-20,106,113,106,111.5,1739948
1338,2014-01-17,106,107.5,104,106,460682
1338,2014-01-16,108,108.5,105.5,106,493609
1338,2014-01-15,107,108,106,107,543331
1338,2014-01-14,106,107,104,106,740510
1338,2014-01-13,112,113,107,107,2225951
1338,2014-01-10,105.5,110,105.5,110,2085950
1338,2014-01-09,107,107,102,103,642507
1338,2014-01-08,104.5,107,103,106,652400
1338,2014-01-07,104.5,105,103,103.5,578203
1338,2014-01-06,105.5,109.5,104,104,1602791
1338,2014-01-03,105.5,106.5,103.5,105,820100
1338,2014-01-02,103.5,105.5,101,105,1208800
1338,2015-12-31,117.5,119,116.5,119,1218150
1338,2015-12-30,116.5,117.5,114,117.5,1554218
1338,2015-12-29,119,119.5,115.5,115.5,668951
1338,2015-12-28,120,121.5,119,119,403010
1338,2015-12-25,122,122,120,120.5,378003
1338,2015-12-24,122.5,122.5,119.5,121,791100
1338,2015-12-23,120,122,120,121,1144184
1338,2015-12-22,118.5,121,117,119.5,1510133
1338,2015-12-21,118,119.5,114,117.5,2931831
1338,2015-12-18,125.5,126.5,116.5,120,2544441
1338,2015-12-17,127.5,128,123,125,1262261
1338,2015-12-16,127,129.5,125.5,126,791222
1338,2015-12-15,126,128,124.5,125,574566
1338,2015-12-14,119.5,127.5,119,125,1022704
1338,2015-12-11,129,130,120.5,122,613237
1338,2015-12-10,125,130,120.5,128.5,1360258
1338,2015-12-09,130,131,118,124,3107427
1338,2015-12-08,135.5,136.5,130,130,1241498
1338,2015-12-07,138.5,138.5,134,135.5,871300
1338,2015-12-04,138,139,136.5,137,969639
1338,2015-12-03,140,143,139.5,140,2073457
1338,2015-12-02,139,143,136.5,140,2878858
1338,2015-12-01,135.5,140,135,139,1585928
1338,2015-11-30,133,136.5,129.5,134.5,1514270
1338,2015-11-27,133.5,136,132,133.5,808253
1338,2015-11-26,134.5,136,132.5,133.5,1635623
1338,2015-11-25,133,134,129,133,1985101
1338,2015-11-24,140.5,141,133,133,3517614
1338,2015-11-23,141.5,144,138,142,2818457
1338,2015-11-20,140,144.5,138,140,5175158
1338,2015-11-19,131.5,140.5,130.5,138,8397019
1338,2015-11-18,127,131,125.5,128.5,2278583
1338,2015-11-17,128,131,126,126,1798800
1338,2015-11-16,122,127.5,121.5,127,1266376
1338,2015-11-13,128,128,124,126,1222476
1338,2015-11-12,124,128,119,128,2669511
1338,2015-11-11,127,127.5,119,122,2744420
1338,2015-11-10,126.5,128,123,127,1537306
1338,2015-11-09,125,128,123.5,126.5,2055081
1338,2015-11-06,129,130.5,123,123.5,2498015
1338,2015-11-05,132,132,128.5,129,947885
1338,2015-11-04,130.5,133.5,129.5,130.5,2587839
1338,2015-11-03,128.5,131.5,127,128.5,2880598
1338,2015-11-02,131.5,134,128,128,3020007
1338,2015-10-30,128,132,126,128,4024924
1338,2015-10-29,133.5,134,126,127,4662744
1338,2015-10-28,122.5,133.5,122.5,132.5,8016475
1338,2015-10-27,119.5,123.5,119,121.5,2989072
1338,2015-10-26,121,122,118,119,1900370
1338,2015-10-23,115,119.5,115,119,3714679
1338,2015-10-22,113.5,116.5,113.5,114.5,1243101
1338,2015-10-21,114.5,115,113,113,440166
1338,2015-10-20,117.5,117.5,113.5,114,1802643
1338,2015-10-19,116,117,115,116,1561203
1338,2015-10-16,115,117.5,113,114,2497300
1338,2015-10-15,110,113,108,112.5,1430975
1338,2015-10-14,106.5,114,105.5,110,3336876
1338,2015-10-13,103.5,106.5,103,106.5,1021308
1338,2015-10-12,104,106,102,102.5,1040127
1338,2015-10-08,106,106.5,101,102.5,1071113
1338,2015-10-07,105.5,109,105.5,106,1492503
1338,2015-10-06,108,109,103,105,1621102
1338,2015-10-05,107,110,105,107.5,2087105
1338,2015-10-02,99,107.5,98.5,105.5,2694024
1338,2015-10-01,95.9,100.5,95,99,1403105
1338,2015-09-30,91.7,95.7,91.2,95.4,467180
1338,2015-09-25,93,93.5,90.1,92.6,461066
1338,2015-09-24,92.3,94.8,90,91.7,709030
1338,2015-09-23,96,98.3,92.3,92.3,768045
1338,2015-09-22,99,100.5,97.5,97.5,741248
1338,2015-09-21,97,100,96.3,99,557052
1338,2015-09-18,95.6,98.8,95.4,97.8,904480
1338,2015-09-17,96.5,97.9,95.5,95.6,542010
1338,2015-09-16,97.2,98.4,94.2,96,975001
1338,2015-09-15,94,98,94,97,1617020
1338,2015-09-14,92,96,90.8,94,1464592
1338,2015-09-11,89.8,92.8,89.2,91.6,1269533
1338,2015-09-10,85.6,91,85,90,2022590
1338,2015-09-09,80.5,86.3,79.7,86.3,2206491
1338,2015-09-08,76.9,79.9,76,78.5,383100
1338,2015-09-07,75.7,77.4,75.7,75.9,213172
1338,2015-09-04,79.7,80.9,76.3,76.3,518762
1338,2015-09-03,76.3,80.9,76,79.7,642000
1338,2015-09-02,75.1,76,74.6,75.3,222444
1338,2015-09-01,75.5,77.3,75.3,76.1,253463
1338,2015-08-31,76.1,76.3,75.1,75.5,285009
1338,2015-08-28,76,78,75.2,76.5,528100
1338,2015-08-27,71.5,77.4,71.5,74.6,760006
1338,2015-08-26,71.5,71.5,68.4,70.7,585136
1338,2015-08-25,65.5,71.9,65.1,71.5,1089066
1338,2015-08-24,77.2,78,71.2,71.2,1179008
1338,2015-08-21,80.6,81.7,78.9,79.1,670637
1338,2015-08-20,80.7,83.8,80.3,83,370530
1338,2015-08-19,82.9,83.9,80.1,81,391060
1338,2015-08-18,84,85.8,82.1,82.9,576001
1338,2015-08-17,88,88.3,84.2,84.5,359095
1338,2015-08-14,88,88.7,87.1,88,295031
1338,2015-08-13,86.9,88.9,86.9,88.4,339030
1338,2015-08-12,89.5,89.5,85.4,86.9,616004
1338,2015-08-11,91.6,92.4,89.9,90,864050
1338,2015-08-10,84.7,89.8,84.1,89.8,923457
1338,2015-08-07,84.5,85.8,83.8,84.7,544050
1338,2015-08-06,83.2,86.2,82.4,85.2,878392
1338,2015-08-05,81,82.9,80.7,82.5,809147
1338,2015-08-04,81.7,84.1,78.5,80.6,1760129
1338,2015-08-03,81.6,84.4,80,80.1,1047922
1338,2015-07-31,83.6,83.6,79,80.2,985810
1338,2015-07-30,85,85,83,83.8,649251
1338,2015-07-29,85.9,87,82.4,84.4,604000
1338,2015-07-28,82,86,82,84.9,679076
1338,2015-07-27,91,92.5,82.8,84.9,1403553
1338,2015-07-24,91.2,93.5,91.2,92,430544
1338,2015-07-23,91.1,94,91.1,91.2,589825
1338,2015-07-22,97,97,91.1,91.1,1233241
1338,2015-07-21,101,101,96,97.1,404390
1338,2015-07-20,103.5,104,99,101,285242
1338,2015-07-17,102,105.5,102,102.5,394447
1338,2015-07-16,98.1,103.5,97.4,102,557173
1338,2015-07-15,100,100,96.5,97.9,276181
1338,2015-07-14,102,102,99,99,204019
1338,2015-07-13,102,103,99.6,100,245200
1338,2015-07-09,100,101,94.6,100,678305
1338,2015-07-08,109,109,103,105,719622
1338,2015-07-07,106,110.5,106,110,426199
1338,2015-07-06,107,108.5,104.5,105,418463
1338,2015-07-03,111.5,111.5,109,109,223610
1338,2015-07-02,111.5,112,109.5,110,320182
1338,2015-07-01,107,112,107,111,800274
1338,2015-06-30,106.5,108,102.5,107,1354565
1338,2015-06-29,108,108.5,106,106,934131
1338,2015-06-26,113.5,113.5,109.5,110,811301
1338,2015-06-25,116.5,116.5,113,113.5,571202
1338,2015-06-24,112,115,111,114.5,730102
1338,2015-06-23,113,114,110.5,110.5,567416
1338,2015-06-22,113.5,114.5,110,112,1051907
1338,2015-06-18,113,115,113,113,377600
1338,2015-06-17,114,115,112.5,113,547230
1338,2015-06-16,115.5,115.5,111.5,112.5,526416
1338,2015-06-15,119,119.5,114.5,115.5,527001
1338,2015-06-12,119.5,120,117.5,118,590198
1338,2015-06-11,119.5,120,117,119,848570
1338,2015-06-10,114.5,119,114,117,1389129
1338,2015-06-09,118.5,119,113.5,113.5,645403
1338,2015-06-08,119.5,120.5,118,118.5,766323
1338,2015-06-05,116,118,114,117,571178
1338,2015-06-04,120.5,121.5,114,116,1318577
1338,2015-06-03,123,125,118.5,120.5,1202990
1338,2015-06-02,121.5,126,121,123,1894700
1338,2015-06-01,119.5,122.5,118.5,122,637489
1338,2015-05-29,121,121.5,119,119,620741
1338,2015-05-28,122,122.5,120,121,876662
1338,2015-05-27,116.5,121,116.5,121,1877379
1338,2015-05-26,117,117.5,116,116.5,397707
1338,2015-05-25,117,118,116,116,493162
1338,2015-05-22,119,119.5,117,117,647072
1338,2015-05-21,118,118.5,116.5,118,352352
1338,2015-05-20,118,120.5,117,118,1674801
1338,2015-05-19,117,118,114.5,117,713812
1338,2015-05-18,117,119,115.5,115.5,1081721
1338,2015-05-15,116,117.5,115,115,1002594
1338,2015-05-14,115.5,116,113.5,114.5,672214
1338,2015-05-13,113,116.5,110.5,114,1325652
1338,2015-05-12,107.5,113,107,112,1423840
1338,2015-05-11,116.5,118,106,106,3225020
1338,2015-05-08,112.5,114,111.5,113.5,478546
1338,2015-05-07,115,115,111,112,600269
1338,2015-05-06,112,115,111,115,1050068
1338,2015-05-05,112,112.5,110,111.5,461066
1338,2015-05-04,113.5,113.5,110,111,370660
1338,2015-04-30,113,113.5,110,113.5,443656
1338,2015-04-29,114,114,111,112.5,616926
1338,2015-04-28,111,114.5,109,114,1370012
1338,2015-04-27,110,111,108.5,110,380461
1338,2015-04-24,111,111.5,108,109.5,500906
1338,2015-04-23,109,112.5,108.5,110,1080831
1338,2015-04-22,105,108.5,104,108.5,486307
1338,2015-04-21,105.5,106.5,102.5,103,544910
1338,2015-04-20,105.5,107,104.5,104.5,590128
1338,2015-04-17,110.5,110.5,107,108,540433
1338,2015-04-16,109,111,108.5,110.5,1163541
1338,2015-04-15,107,110,107,107.5,815000
1338,2015-04-14,105,106.5,104.5,106.5,351554
1338,2015-04-13,106,106.5,104,105,309539
1338,2015-04-10,105,106.5,103,105,842412
1338,2015-04-09,108.5,108.5,104.5,106,965693
1338,2015-04-08,111,111,106,108.5,1148054
1338,2015-04-07,106,111.5,105.5,110,1966898
1338,2015-04-02,102.5,106.5,102.5,105,1552327
1338,2015-04-01,102,103,101.5,102,380033
1338,2015-03-31,100.5,103.5,100,102.5,744135
1338,2015-03-30,103.5,103.5,99.5,100,455617
1338,2015-03-27,102.5,104,102,102.5,482168
1338,2015-03-26,102,103,101,102,381662
1338,2015-03-25,102,104.5,100.5,103,1338247
1338,2015-03-24,100.5,102.5,99,102,1372132
1338,2015-03-23,96.8,101.5,96.5,101.5,2360367
1338,2015-03-20,93.1,96,93.1,95.3,496366
1338,2015-03-19,93.5,94.7,93,94,258439
1338,2015-03-18,93.4,93.8,92.8,93,264391
1338,2015-03-17,93.9,94.3,93.2,93.2,131212
1338,2015-03-16,94.1,94.5,93.2,93.3,168300
1338,2015-03-13,94.9,95.6,93.7,94.1,320238
1338,2015-03-12,94,95.7,93.8,94.9,269305
1338,2015-03-11,94.1,94.5,93.5,94,184154
1338,2015-03-10,94.9,94.9,93,94.2,422183
1338,2015-03-09,95.4,95.4,94.4,95.3,169675
1338,2015-03-06,94.5,95.5,93.8,95.4,560503
1338,2015-03-05,92.5,95,92.4,94.1,334465
1338,2015-03-04,93.1,93.2,91.5,92.5,190000
1338,2015-03-03,94.4,94.5,93,93,211000
1338,2015-03-02,94.1,94.5,93.8,94.4,166027
1338,2015-02-26,92.6,94.5,92.5,94,355631
1338,2015-02-25,93.4,93.5,92.3,92.5,198411
1338,2015-02-24,91,93.9,91,93.4,414728
1338,2015-02-13,90.5,91.5,90.4,90.8,165570
1338,2015-02-12,90.6,90.6,89.2,90.3,226000
1338,2015-02-11,91.9,91.9,90.5,90.6,83066
1338,2015-02-10,90.5,92.3,90.5,91,240034
1338,2015-02-09,92,92,90,90,177066
1338,2015-02-06,91.9,91.9,90.7,90.9,72246
1338,2015-02-05,93,93,90.6,91,248508
1338,2015-02-04,93.5,93.5,92.2,92.2,104002
1338,2015-02-03,93,93,92.2,92.4,104012
1338,2015-02-02,92.9,92.9,92,92.6,96212
1338,2015-01-30,93.5,93.5,92.5,92.9,85000
1338,2015-01-29,92.6,93.5,92.6,93.3,94001
1338,2015-01-28,92.6,93,92.5,92.6,73172
1338,2015-01-27,92,93.6,92,92.6,145100
1338,2015-01-26,93,94,92.9,93,175135
1338,2015-01-23,94.2,95.2,93.4,93.6,128152
1338,2015-01-22,94.9,94.9,93.6,94,53363
1338,2015-01-21,93.4,94.4,93.1,94.4,40000
1338,2015-01-20,93.2,93.7,93,93.4,94613
1338,2015-01-19,94,94.5,93.1,93.4,99000
1338,2015-01-16,94.9,94.9,93.6,93.6,115129
1338,2015-01-15,94.5,94.9,94.1,94.9,81446
1338,2015-01-14,95.9,95.9,94.5,94.5,58298
1338,2015-01-13,94.4,95.1,94.4,95.1,43656
1338,2015-01-12,95.9,95.9,94.5,94.5,77096
1338,2015-01-09,96.1,96.2,95,95.8,176530
1338,2015-01-08,95.8,95.8,94.9,95.1,170100
1338,2015-01-07,95,95.2,94,95,176119
1338,2015-01-06,94.6,95,93.9,94,119656
1338,2015-01-05,94,95.2,92.3,94.8,246000
1338,2016-12-30,93.7,94.2,93.7,93.8,139006
1338,2016-12-29,92.2,94,92.2,93.7,135004
1338,2016-12-28,92.3,92.6,92,92.2,158009
1338,2016-12-27,92.3,92.4,91.5,91.7,38001
1338,2016-12-26,91.4,92.2,91.4,91.7,81004
1338,2016-12-23,92,92.5,91,91.1,141001
1338,2016-12-22,93.3,93.4,91.6,92,166001
1338,2016-12-21,92.5,93.7,92,92.3,229020
1338,2016-12-20,92.7,93.5,91.8,92.8,213001
1338,2016-12-19,93.6,93.9,92.7,92.7,146001
1338,2016-12-16,93.5,94.4,93.4,94,226014
1338,2016-12-15,95,95.6,93.3,93.5,287000
1338,2016-12-14,96,96,95,95,168000
1338,2016-12-13,96.3,96.9,95.2,95.2,185003
1338,2016-12-12,97.1,98,95.4,96.2,443280
1338,2016-12-09,97,97,95.6,96.2,161351
1338,2016-12-08,97.4,98,96,96,254332
1338,2016-12-07,97.7,98.1,96.5,97.4,336017
1338,2016-12-06,94.6,97.5,94,97,750167
1338,2016-12-05,94.6,94.7,93.5,93.6,117001
1338,2016-12-02,94.9,94.9,93.7,93.7,68000
1338,2016-12-01,94.8,94.8,94,94,122000
1338,2016-11-30,95.2,95.7,94,94,197004
1338,2016-11-29,95.2,96.2,94.8,95.2,200186
1338,2016-11-28,94.8,95.5,94.2,94.2,146000
1338,2016-11-25,95.8,95.9,94.5,94.7,101001
1338,2016-11-24,95.5,96,95.1,95.1,104000
1338,2016-11-23,96.8,97.5,95.1,95.3,304031
1338,2016-11-22,95.6,97.2,95,96.1,438016
1338,2016-11-21,96.1,96.1,94.5,95,290001
1338,2016-11-18,95,96,94.1,95.5,348150
1338,2016-11-17,92.3,95.7,92.3,94.8,464001
1338,2016-11-16,92.3,93.5,92.1,92.3,293100
1338,2016-11-15,92,92.5,91.2,92.2,295000
1338,2016-11-14,89,93.6,89,92.9,577020
1338,2016-11-11,94.4,94.4,89.9,90,1713700
1338,2016-11-10,100,101,93.6,96.7,1759492
1338,2016-11-09,106,107,96.9,97,791001
1338,2016-11-08,107,107.5,103,105.5,456001
1338,2016-11-07,105,108,105,106,223000
1338,2016-11-04,105,105.5,103.5,104,116003
1338,2016-11-03,106.5,106.5,104,104,328010
1338,2016-11-02,109.5,109.5,105,105.5,385833
1338,2016-11-01,109.5,112,109.5,109.5,307120
1338,2016-10-31,109,110.5,107.5,110,236100
1338,2016-10-28,111,111,109,109.5,212298
1338,2016-10-27,107,110,107,110,390102
1338,2016-10-26,105,107.5,105,106.5,444073
1338,2016-10-25,110,110,105,106,805570
1338,2016-10-24,111,111,109,109,437080
1338,2016-10-21,113.5,113.5,109,111,575903
1338,2016-10-20,112,114,111.5,113,289100
1338,2016-10-19,112.5,113.5,112,112.5,206001
1338,2016-10-18,111.5,113,110.5,112,315190
1338,2016-10-17,114.5,114.5,111.5,111.5,493009
1338,2016-10-14,116,116,109,114,757009
1338,2016-10-13,118,118,115,116,322020
1338,2016-10-12,117.5,117.5,115.5,116.5,239219
1338,2016-10-11,119.5,120,116,116.5,430022
1338,2016-10-07,121,121.5,118.5,119,218017
1338,2016-10-06,121,121.5,119.5,121,152080
1338,2016-10-05,121,121.5,119.5,120,117145
1338,2016-10-04,121,122,120.5,121.5,231100
1338,2016-10-03,121,122,120.5,121,310001
1338,2016-09-30,123,123,119.5,121,478073
1338,2016-09-29,124,124,122.5,123,203100
1338,2016-09-26,123,123.5,121,122.5,334019
1338,2016-09-23,122,123,122,122,212383
1338,2016-09-22,123,124,121.5,122,426158
1338,2016-09-21,121,125,120,123,816243
1338,2016-09-20,119.5,121,118.5,121,605029
1338,2016-09-19,119,120.5,117.5,119.5,942100
1338,2016-09-14,120,120,118,119,652379
1338,2016-09-13,120,120.5,118,120,912493
1338,2016-09-12,116.5,120.5,116.5,119.5,938200
1338,2016-09-10,115.5,118,115,117,497000
1338,2016-09-09,115.5,118,115,117.5,719100
1338,2016-09-08,115,116.5,115,115.5,277000
1338,2016-09-07,115.5,117,114.5,115,379245
1338,2016-09-06,113.5,116.5,113.5,115.5,514218
1338,2016-09-05,113.5,114.5,113,113.5,312266
1338,2016-09-02,116,116,113,113.5,281794
1338,2016-09-01,117,117.5,115.5,115.5,218095
1338,2016-08-31,117,118,116,117.5,366027
1338,2016-08-30,115,117.5,115,117,785040
1338,2016-08-29,114.5,116,114,114.5,419030
1338,2016-08-26,115,115.5,113.5,114,502005
1338,2016-08-25,114,115.5,113.5,114,398133
1338,2016-08-24,116,116.5,113.5,114,724482
1338,2016-08-23,117,117.5,115,115.5,620215
1338,2016-08-22,118.5,119,116.5,117,384310
1338,2016-08-19,120,121,118,118.5,595633
1338,2016-08-18,116,120.5,115.5,120,1096803
1338,2016-08-17,117,118,115.5,116,644628
1338,2016-08-16,120.5,121,117,117.5,640022
1338,2016-08-15,119.5,120.5,118.5,120,378001
1338,2016-08-12,119.5,121.5,119,119,555119
1338,2016-08-11,122.5,122.5,118.5,119.5,701100
1338,2016-08-10,121.5,123.5,121.5,122.5,611172
1338,2016-08-09,124,124.5,119,121,806006
1338,2016-08-08,126,127,124,124,612191
1338,2016-08-05,125.5,126,123.5,125,646848
1338,2016-08-04,122.5,126,121,125.5,1646405
1338,2016-08-03,120.5,122,119.5,122,630176
1338,2016-08-02,116.5,122,115.5,122,1670678
1338,2016-08-01,115.5,116.5,115,116.5,307115
1338,2016-07-29,115,116.5,114.5,115.5,370015
1338,2016-07-28,115.5,116,114.5,115,412203
1338,2016-07-27,115,116.5,114.5,115.5,476010
1338,2016-07-26,115,116,114,114.5,429010
1338,2016-07-25,115,116,115,115,613208
1338,2016-07-22,115.5,116.5,114.5,115,372101
1338,2016-07-21,115.5,117,114.5,115.5,681166
1338,2016-07-20,114,116,113,115,484310
1338,2016-07-19,113.5,114.5,113,113.5,460020
1338,2016-07-18,115,115,113.5,113.5,247771
1338,2016-07-15,114,115,114,114,271102
1338,2016-07-14,115,115,113.5,114,249125
1338,2016-07-13,113,116,112.5,115,551133
1338,2016-07-12,112.5,115,112.5,112.5,413051
1338,2016-07-11,118.5,118.5,115.5,117,765163
1338,2016-07-07,119,119,117,117.5,245021
1338,2016-07-06,118,118,116.5,117,267132
1338,2016-07-05,118.5,119,117.5,118,375142
1338,2016-07-04,117.5,121,117.5,119,541100
1338,2016-07-01,115,120,114.5,118.5,1290758
1338,2016-06-30,114,114.5,112.5,114,539006
1338,2016-06-29,113.5,115.5,112.5,113,707069
1338,2016-06-28,112,113.5,111.5,113,505000
1338,2016-06-27,111,113.5,110.5,112.5,472064
1338,2016-06-24,116.5,116.5,111,111.5,1000118
1338,2016-06-23,116,116,113,115.5,392021
1338,2016-06-22,116,116.5,115.5,116,457025
1338,2016-06-21,117,118,115.5,116,397001
1338,2016-06-20,115.5,118.5,115,117,645100
1338,2016-06-17,115,115.5,114,114.5,388000
1338,2016-06-16,115.5,115.5,114,114,624100
1338,2016-06-15,114,115.5,113.5,114.5,541280
1338,2016-06-14,116,116.5,113,113.5,598000
1338,2016-06-13,114,116.5,111.5,116,925105
1338,2016-06-08,115.5,117,115.5,115.5,524166
1338,2016-06-07,117,117.5,114.5,115,643166
1338,2016-06-06,117,117.5,116,116,599001
1338,2016-06-04,116,118,115.5,117,441100
1338,2016-06-03,119,120,115.5,116,1521382
1338,2016-06-02,123.5,124,118.5,119,755200
1338,2016-06-01,124.5,125,123,123,532066
1338,2016-05-31,125.5,125.5,123,124,1181148
1338,2016-05-30,124,126,123,125.5,1390800
1338,2016-05-27,122.5,123.5,121.5,123,379500
1338,2016-05-26,122.5,123.5,121,122,325200
1338,2016-05-25,122,123,122,122,480380
1338,2016-05-24,121.5,123,121,121,236830
1338,2016-05-23,119.5,123,119,121.5,636020
1338,2016-05-20,120.5,121.5,118.5,119.5,589039
1338,2016-05-19,122.5,123.5,119.5,119.5,497631
1338,2016-05-18,121,123.5,119.5,121.5,528987
1338,2016-05-17,119,122.5,118.5,122,942145
1338,2016-05-16,117.5,120,115,118.5,767058
1338,2016-05-13,117.5,120,115,118,1759116
1338,2016-05-12,120,122,114,114.5,1997077
1338,2016-05-11,125,125,121,121.5,678125
1338,2016-05-10,124,125.5,123,124,1145728
1338,2016-05-09,128,129,119,122.5,1017102
1338,2016-05-06,129.5,129.5,125.5,128.5,554185
1338,2016-05-05,128.5,129.5,126.5,129,480030
1338,2016-05-04,127,130.5,126.5,128,1087000
1338,2016-05-03,128.5,129,126,126,551213
1338,2016-04-29,127.5,128,124.5,127,780383
1338,2016-04-28,131,131,128,128.5,593089
1338,2016-04-27,129.5,132,129,130.5,792124
1338,2016-04-26,130.5,133,129.5,129.5,1436001
1338,2016-04-25,127,130.5,126.5,129,939226
1338,2016-04-22,131,133,126,127.5,1657512
1338,2016-04-21,127,132,127,132,1950720
1338,2016-04-20,128.5,128.5,125,125.5,643200
1338,2016-04-19,128.5,131.5,127.5,128.5,1762134
1338,2016-04-18,122,128,121,127,906078
1338,2016-04-15,124,125,123,124,361306
1338,2016-04-14,124,125,123,124,455030
1338,2016-04-13,120.5,123,119.5,123,549674
1338,2016-04-12,123,124.5,117,118.5,931028
1338,2016-04-11,126,126,122.5,122.5,861716
1338,2016-04-08,127,128,125.5,127,760040
1338,2016-04-07,128,129,127,127,821011
1338,2016-04-06,122,128.5,122,127,1277323
1338,2016-04-01,122,123,121,121.5,327023
1338,2016-03-31,122,125.5,121.5,123.5,733030
1338,2016-03-30,119,122.5,118.5,121,514015
1338,2016-03-29,122,123,116,118.5,746021
1338,2016-03-28,123,124,122,122,633181
1338,2016-03-25,123.5,124.5,122.5,122.5,267017
1338,2016-03-24,122,124.5,122,123.5,397017
1338,2016-03-23,127.5,128,122,122,1065814
1338,2016-03-22,130,130,126,126,609262
1338,2016-03-21,129,131,128.5,130,648337
1338,2016-03-18,127,129,126,128.5,683635
1338,2016-03-17,129.5,130,127,127,747251
1338,2016-03-16,127.5,131,127,128.5,833149
1338,2016-03-15,130,133,126.5,126.5,1181831
1338,2016-03-14,132.5,133,129,130,894220
1338,2016-03-11,129,132.5,128.5,132,1321150
1338,2016-03-10,126.5,131.5,126.5,130,1379357
1338,2016-03-09,127.5,128,125,126,981100
1338,2016-03-08,124,129,124,127.5,1552395
1338,2016-03-07,128,128,122,123.5,1458377
1338,2016-03-04,128,129.5,126.5,128.5,1228265
1338,2016-03-03,135.5,136.5,126.5,127.5,3801759
1338,2016-03-02,139,142.5,134.5,135,3799323
1338,2016-03-01,135,138,134,136.5,1528223
1338,2016-02-26,137,137.5,132.5,134.5,1539966
1338,2016-02-25,137.5,138,134.5,136,1900619
1338,2016-02-24,137,138.5,134.5,135.5,2007396
1338,2016-02-23,135,139.5,135,136.5,6730101
1338,2016-02-22,125.5,133.5,125,133.5,4421326
1338,2016-02-19,125.5,126.5,124,125,1171003
1338,2016-02-18,125.5,127.5,123.5,125,1808007
1338,2016-02-17,122.5,125,121,123,2030401
1338,2016-02-16,120.5,123.5,119.5,121.5,2849487
1338,2016-02-15,115.5,119.5,112,119.5,2287249
1338,2016-02-03,118,118.5,116.5,117,993084
1338,2016-02-02,120,121,118,118.5,876100
1338,2016-02-01,124,124,119.5,120,1044012
1338,2016-01-30,124,125,123,124,477002
1338,2016-01-29,125,125,122.5,124,499000
1338,2016-01-28,123.5,125,121.5,124.5,832006
1338,2016-01-27,128,131,122,123.5,2029046
1338,2016-01-26,126,129,125,126,930148
1338,2016-01-25,125,129.5,125,127,1349500
1338,2016-01-22,123,124,119,122,648060
1338,2016-01-21,124.5,126,121,121,868463
1338,2016-01-20,129,129.5,121,123,1313253
1338,2016-01-19,125.5,131,124,130,2532007
1338,2016-01-18,114,126,113.5,125.5,1559030
1338,2016-01-15,121.5,121.5,117,117,540080
1338,2016-01-14,121,122,117.5,119.5,1238518
1338,2016-01-13,123,124,120.5,124,1035207
1338,2016-01-12,120.5,126.5,120,121,2671450
1338,2016-01-11,119.5,122,119,119,1246329
1338,2016-01-08,117.5,121,116,119.5,936569
1338,2016-01-07,119.5,122.5,114,118.5,1717676
1338,2016-01-06,121.5,123.5,119,120.5,1090206
1338,2016-01-05,121.5,123,120,120.5,1463098
1338,2016-01-04,119,123.5,118.5,121.5,1625498
1338,2017-12-29,115,115.5,114,114.5,943295
1338,2017-12-28,112,116,112,114,2285139
1338,2017-12-27,111,113.5,111,111.5,287001
1338,2017-12-26,113,113,111,111,307001
1338,2017-12-25,112,114.5,111,112.5,1012007
1338,2017-12-22,113,113,111,111,274001
1338,2017-12-21,113,113,112,112,280000
1338,2017-12-20,113,113.5,112,112,474000
1338,2017-12-19,115,115.5,112.5,112.5,444000
1338,2017-12-18,112,115.5,112,114.5,1076141
1338,2017-12-15,113,113,111,111,325001
1338,2017-12-14,113,114.5,113,113,231166
1338,2017-12-13,112.5,114,112.5,113,258060
1338,2017-12-12,113.5,114,112.5,112.5,278065
1338,2017-12-11,112.5,114.5,112,113.5,473186
1338,2017-12-08,112,113.5,108,111,959380
1338,2017-12-07,113.5,114,111.5,112,423200
1338,2017-12-06,115,115.5,113,113.5,488111
1338,2017-12-05,114,114.5,113.5,114,466000
1338,2017-12-04,115,115,114,114,195026
1338,2017-12-01,115,116,113,114,680439
1338,2017-11-30,115.5,116.5,113.5,115,850759
1338,2017-11-29,116.5,117,115.5,115.5,428100
1338,2017-11-28,119,119,115.5,116,888000
1338,2017-11-27,119,121.5,117,117,2106127
1338,2017-11-24,117,118.5,116,117,684000
1338,2017-11-23,116.5,117.5,115.5,116.5,552150
1338,2017-11-22,117.5,118,116,116.5,925200
1338,2017-11-21,116,117.5,115.5,116.5,1362407
1338,2017-11-20,114,115.5,114,114,564001
1338,2017-11-17,114.5,115,114,114.5,240336
1338,2017-11-16,113.5,114,113,113,300000
1338,2017-11-15,113,114,112,114,260100
1338,2017-11-14,113.5,114,112.5,113,660359
1338,2017-11-13,115,115.5,113.5,113.5,646636
1338,2017-11-10,115.5,115.5,114,115,417072
1338,2017-11-09,116,117,114,115,994033
1338,2017-11-08,118,118.5,115.5,116,1500200
1338,2017-11-07,118.5,120,117.5,118,1975295
1338,2017-11-06,119.5,119.5,117,118,985881
1338,2017-11-03,116,119,115.5,119,1826601
1338,2017-11-02,116.5,117,115.5,116,580485
1338,2017-11-01,116,118,115.5,116.5,1754120
1338,2017-10-31,114.5,116,113.5,115.5,465037
1338,2017-10-30,114.5,115.5,113,114.5,329001
1338,2017-10-27,114.5,116.5,113,113.5,637251
1338,2017-10-26,114.5,115,114,114,407100
1338,2017-10-25,115,115.5,114,114.5,440684
1338,2017-10-24,115.5,115.5,114,115.5,329002
1338,2017-10-23,115,116,114,115,635328
1338,2017-10-20,115.5,116,114.5,114.5,429500
1338,2017-10-19,113.5,116.5,113,116,710178
1338,2017-10-18,113.5,114.5,112.5,113,449115
1338,2017-10-17,114.5,115,113.5,113.5,193000
1338,2017-10-16,114,115,113.5,114,507120
1338,2017-10-13,115,115.5,113.5,113.5,475172
1338,2017-10-12,116.5,116.5,114.5,115,511115
1338,2017-10-11,115,116,114.5,115,487101
1338,2017-10-06,114.5,116,114.5,115,536081
1338,2017-10-05,115,117,114.5,116,1252285
1338,2017-10-03,115.5,115.5,114,114,518268
1338,2017-10-02,114,116.5,113.5,115,1087070
1338,2017-09-30,114.5,116,113.5,113.5,507450
1338,2017-09-29,112,114,111.5,114,627200
1338,2017-09-28,112.5,113.5,111.5,111.5,260085
1338,2017-09-27,112,113.5,110.5,112,567125
1338,2017-09-26,111,113,110.5,111,444015
1338,2017-09-25,115,115,111,111.5,738161
1338,2017-09-22,116,116,113.5,114.5,885305
1338,2017-09-21,116,117.5,115,115.5,579007
1338,2017-09-20,116.5,117,115,115,446100
1338,2017-09-19,117,117.5,115.5,116,441451
1338,2017-09-18,115.5,117.5,114.5,117,743110
1338,2017-09-15,115.5,116.5,115,115.5,433394
1338,2017-09-14,116,116.5,115,115.5,494250
1338,2017-09-13,116,116.5,114.5,115.5,935286
1338,2017-09-12,120,120.5,115,115.5,1751480
1338,2017-09-11,118.5,122.5,118,119,2702282
1338,2017-09-08,114,117,114,116.5,1753420
1338,2017-09-07,114.5,115.5,113,113,1370160
1338,2017-09-06,113,113.5,112,112,614289
1338,2017-09-05,114.5,114.5,112.5,113,683150
1338,2017-09-04,115,115.5,113,113,1009222
1338,2017-09-01,114,116,113,114.5,2178316
1338,2017-08-31,114,114,112,113,673401
1338,2017-08-30,111.5,114.5,111.5,113,1612300
1338,2017-08-29,112,113,111,111.5,659636
1338,2017-08-28,112,113,110,112,2244150
1338,2017-08-25,113.5,114,111,111.5,1329161
1338,2017-08-24,110,113.5,110,112.5,1384000
1338,2017-08-23,113,113.5,109.5,111,2732020
1338,2017-08-22,115,116,112.5,112.5,1415115
1338,2017-08-21,114.5,115.5,112.5,114,1023090
1338,2017-08-18,113.5,115.5,112.5,114,1818554
1338,2017-08-17,109,115,109,115,3646611
1338,2017-08-16,108.5,109,107.5,108.5,452101
1338,2017-08-15,108,108.5,106.5,108.5,643212
1338,2017-08-14,108,109,106,106,873451
1338,2017-08-11,106.5,109,106.5,108.5,779160
1338,2017-08-10,110.5,110.5,107,107.5,1435025
1338,2017-08-09,108.5,112.5,108.5,110,1816250
1338,2017-08-08,112,112,109,109,1210683
1338,2017-08-07,108.5,112.5,107,112,2173638
1338,2017-08-04,107,108,106,108,794125
1338,2017-08-03,108,108.5,106.5,106.5,463101
1338,2017-08-02,108.5,109,107,107.5,557330
1338,2017-08-01,108,108.5,107.5,108,396002
1338,2017-07-31,107,108.5,107,107.5,470666
1338,2017-07-28,109.5,109.5,107,107,667030
1338,2017-07-27,108,110,107,109.5,1247466
1338,2017-07-26,108.5,109.5,107,107.5,780665
1338,2017-07-25,106.5,109,106.5,108.5,913666
1338,2017-07-24,105.5,107,105.5,106,542309
1338,2017-07-21,106.5,106.5,105.5,105.5,341050
1338,2017-07-20,108,108,106,106.5,505200
1338,2017-07-19,105,107.5,104.5,107.5,1270150
1338,2017-07-18,105,105,104,104.5,266010
1338,2017-07-17,106,107,104.5,104.5,592218
1338,2017-07-14,105.5,105.5,104,105.5,435619
1338,2017-07-13,104.5,105.5,103.5,105.5,760603
1338,2017-07-12,106,108,106,107.5,902626
1338,2017-07-11,106.5,107,105.5,106,310664
1338,2017-07-10,106,107,105,106,556119
1338,2017-07-07,108,108,105,105,875371
1338,2017-07-06,109.5,109.5,108,108.5,326300
1338,2017-07-05,111,111,107.5,109.5,1010471
1338,2017-07-04,108.5,114.5,108.5,110,2658250
1338,2017-07-03,107.5,108.5,107,108,499250
1338,2017-06-30,106,107.5,105,107.5,337020
1338,2017-06-29,108.5,109,105.5,106.5,765130
1338,2017-06-28,107.5,108,106,108,742155
1338,2017-06-27,107.5,109.5,106.5,108,1305345
1338,2017-06-26,108,108.5,106.5,107,715302
1338,2017-06-23,105.5,108.5,105.5,107.5,1412225
1338,2017-06-22,105,106,104.5,105.5,439020
1338,2017-06-21,104,105.5,104,105,338210
1338,2017-06-20,106,106.5,104,104,464700
1338,2017-06-19,106,107,105.5,106,624078
1338,2017-06-16,103.5,106,103,106,439150
1338,2017-06-15,104,104.5,102.5,103.5,502000
1338,2017-06-14,107,107,102.5,103.5,1094301
1338,2017-06-13,106,108,106,106.5,774006
1338,2017-06-12,105,106.5,105,106,663000
1338,2017-06-09,107,107,103.5,104,716866
1338,2017-06-08,106,107,105,106,466728
1338,2017-06-07,106.5,107,105,105.5,401151
1338,2017-06-06,107.5,108,106,106,468000
1338,2017-06-05,108.5,109.5,107,107,768000
1338,2017-06-03,107.5,109,106.5,107,730150
1338,2017-06-02,107.5,108,106,106.5,771001
1338,2017-06-01,105,107.5,104.5,106.5,1239050
1338,2017-05-31,105.5,106,104,104,394003
1338,2017-05-26,105,106,104,105,533808
1338,2017-05-25,108,108,104.5,105,472258
1338,2017-05-24,104.5,106.5,103,106.5,780758
1338,2017-05-23,104,105.5,104,104,404184
1338,2017-05-22,106,106.5,103.5,103.5,972269
1338,2017-05-19,108,108,105,105.5,855110
1338,2017-05-18,103,107,103,107,1248642
1338,2017-05-17,107,107,104,104.5,681018
1338,2017-05-16,107.5,108.5,103.5,107,1738400
1338,2017-05-15,107,110,106.5,107,1972225
1338,2017-05-12,103,108,102,106,2606149
1338,2017-05-11,101.5,103,101,102.5,1192749
1338,2017-05-10,99.1,102.5,99.1,100.5,1767599
1338,2017-05-09,99,99.8,98,99.1,656100
1338,2017-05-08,97.4,100.5,97.4,98.2,674008
1338,2017-05-05,98.1,98.3,97.2,97.3,183500
1338,2017-05-04,98.3,98.6,98,98.3,127041
1338,2017-05-03,98.4,98.9,97.4,98.3,312231
1338,2017-05-02,98.5,98.6,97.5,97.7,246000
1338,2017-04-28,98.9,99,97.6,97.9,224050
1338,2017-04-27,99.1,99.6,98.2,98.5,173020
1338,2017-04-26,98,99.2,97.6,99.1,318600
1338,2017-04-25,97.5,97.8,97,97.2,197200
1338,2017-04-24,98.4,98.7,97.2,97.2,295500
1338,2017-04-21,97.7,98.7,97.5,98.2,352081
1338,2017-04-20,98.7,99.3,97.4,97.5,221052
1338,2017-04-19,96.3,99.5,96.3,98.7,469306
1338,2017-04-18,96.6,97.1,96.2,96.8,168125
1338,2017-04-17,96.7,97,95.7,96.6,268285
1338,2017-04-14,97.6,97.7,95.8,95.9,420028
1338,2017-04-13,98.7,99.2,97.6,97.7,249132
1338,2017-04-12,99,99.4,97.9,98.6,268741
1338,2017-04-11,100,100.5,98.2,98.2,405109
1338,2017-04-10,98,101,97.9,99.6,982111
1338,2017-04-07,97.7,97.9,96.3,97.7,210004
1338,2017-04-06,98.5,98.6,97.1,97.2,323051
1338,2017-04-05,98.7,99.4,97.7,98.4,327025
1338,2017-03-31,96.8,99.1,96,98.7,428489
1338,2017-03-30,97.1,97.2,96.1,96.1,208006
1338,2017-03-29,97.2,97.7,96,96.9,233027
1338,2017-03-28,98.3,98.6,94.9,96.5,735010
1338,2017-03-27,103,103.5,97.6,97.8,1438394
1338,2017-03-24,98.8,102.5,98.5,102.5,1367636
1338,2017-03-23,99.2,99.5,97.6,98.4,461460
1338,2017-03-22,98.1,99.5,97.3,99.2,649253
1338,2017-03-21,98.2,98.2,97.2,97.5,257106
1338,2017-03-20,97.5,98,96.8,97.5,227105
1338,2017-03-17,99.2,99.2,97,97.5,407014
1338,2017-03-16,99.4,99.7,98.4,98.5,404014
1338,2017-03-15,98,100,98,99.1,1171243
1338,2017-03-14,97.9,97.9,97.3,97.7,253005
1338,2017-03-13,97.8,97.8,96.7,97.8,272023
1338,2017-03-10,97.8,97.8,95.9,97.2,257076
1338,2017-03-09,97,97.1,96.2,96.3,207077
1338,2017-03-08,97.3,97.8,96.7,96.8,314267
1338,2017-03-07,97.7,98.2,97,97,287106
1338,2017-03-06,97.6,98.8,97.2,97.5,567028
1338,2017-03-03,95.8,97.7,95.4,97.6,650087
1338,2017-03-02,96.9,97,95.2,95.2,384006
1338,2017-03-01,96.5,97.2,95.8,95.8,196547
1338,2017-02-24,96.3,96.6,95.8,96.2,343298
1338,2017-02-23,97.4,97.4,96.3,96.3,403009
1338,2017-02-22,97.4,97.4,96.3,97.4,378007
1338,2017-02-21,98.3,98.3,96.3,96.6,353826
1338,2017-02-20,95.9,98.3,95.6,97.5,892359
1338,2017-02-18,95.2,96.4,95.2,95.6,345843
1338,2017-02-17,95.7,95.8,95.1,95.1,542007
1338,2017-02-16,97.8,97.9,94.9,95.3,626309
1338,2017-02-15,97.1,98,96.6,97.3,580247
1338,2017-02-14,96.3,97.4,96.1,96.8,405092
1338,2017-02-13,95.4,97.7,94.8,95.6,836267
1338,2017-02-10,97.4,97.9,95,95,616460
1338,2017-02-09,98.1,98.3,96.6,97.5,762434
1338,2017-02-08,98.4,99,97.5,97.5,598091
1338,2017-02-07,99,100,97.9,98.2,970191
1338,2017-02-06,101,101.5,98.3,99.1,1292381
1338,2017-02-03,93.8,102,93.4,101,2380512
1338,2017-02-02,91,94,90.5,94,454366
1338,2017-01-24,90.5,91,90.1,90.7,143001
1338,2017-01-23,90.8,91.7,90.2,90.5,196066
1338,2017-01-20,90.5,90.9,89.9,90.2,311002
1338,2017-01-19,90.3,90.8,90.3,90.6,105136
1338,2017-01-18,91.4,91.4,90.2,90.5,158101
1338,2017-01-17,91,92,90.8,91.4,172002
1338,2017-01-16,91.8,91.8,90.1,90.1,141026
1338,2017-01-13,92.4,92.4,91.2,91.2,128003
1338,2017-01-12,92.4,92.9,92,92.4,137002
1338,2017-01-11,93.1,93.2,91.9,91.9,225001
1338,2017-01-10,93.8,93.8,92.7,92.8,105012
1338,2017-01-09,94,94.9,92.8,93.2,184156
1338,2017-01-06,93.9,94.8,93.3,94.4,287054
1338,2017-01-05,93.7,94.2,93.3,93.9,188109
1338,2017-01-04,94.1,94.5,93.2,93.2,102345
1338,2017-01-03,94,94.1,93.4,93.7,73000
1338,2018-12-28,75.2,75.9,75.1,75.1,353010
1338,2018-12-27,74.6,76,73.7,75.2,506007
1338,2018-12-26,75.2,75.6,73.1,73.1,244010
1338,2018-12-25,76.1,76.1,74.7,75,240024
1338,2018-12-24,76.8,77.5,76.3,77.2,208007
1338,2018-12-22,75.5,76.8,75.5,76.8,97029
1338,2018-12-21,76.4,76.5,74.7,75.9,461006
1338,2018-12-20,78.6,78.6,75.6,75.9,427005
1338,2018-12-19,78.1,78.8,77.4,78.7,436052
1338,2018-12-18,78.8,79.1,77.7,78.1,471051
1338,2018-12-17,77.9,80.4,77.5,79.7,1465306
1338,2018-12-14,78.2,78.2,76.2,77.2,387100
1338,2018-12-13,78.4,79.4,77.2,77.7,649041
1338,2018-12-12,78.5,79.4,77.8,78.2,806014
1338,2018-12-11,75.6,79.2,75.3,77.1,1766110
1338,2018-12-10,73.6,74.9,73.3,74.2,454049
1338,2018-12-07,74.2,75.1,74,74,379001
1338,2018-12-06,77.1,77.6,73.2,73.2,814195
1338,2018-12-05,75.4,77.2,74.7,77.2,487341
1338,2018-12-04,77,77.7,75.2,76.4,565082
1338,2018-12-03,75,76.7,75,76.3,914322
1338,2018-11-30,70.9,73.7,70.9,73.4,1269019
1338,2018-11-29,71.5,72.1,70.6,70.6,255020
1338,2018-11-28,70.8,71.6,70.5,70.8,244006
1338,2018-11-27,69.7,70.8,69.5,70.5,142172
1338,2018-11-26,69,70.2,69,69.2,129012
1338,2018-11-23,69.8,70.5,69,69,236005
1338,2018-11-22,71.7,72,69.8,69.8,442104
1338,2018-11-21,72,72,71,71.3,155006
1338,2018-11-20,72.1,72.7,71.3,71.6,178003
1338,2018-11-19,73,73.8,72.1,72.1,358000
1338,2018-11-16,69.9,72.9,69.7,72.5,638022
1338,2018-11-15,70,70.3,69.7,70,172066
1338,2018-11-14,70.6,71.2,70,70,254007
1338,2018-11-13,70,71,69.9,71,143040
1338,2018-11-12,70.7,72,70.6,71,217020
1338,2018-11-09,72.8,73,72,72.1,146002
1338,2018-11-08,75.4,75.4,73,73,215023
1338,2018-11-07,73.8,74.5,73.2,74.5,182002
1338,2018-11-06,76.3,76.3,73.1,73.3,266151
1338,2018-11-05,76,77.9,75.8,75.8,715300
1338,2018-11-02,73.5,76.7,73.5,75.3,1017260
1338,2018-11-01,72.2,74.2,71.6,73.2,1015510
1338,2018-10-31,71.5,71.9,70.8,71.4,165237
1338,2018-10-30,70,70.6,70,70.3,124074
1338,2018-10-29,70.7,72.5,69.9,70,568149
1338,2018-10-26,70.6,70.7,67.2,69.9,470120
1338,2018-10-25,69,70.5,68.5,69.1,244836
1338,2018-10-24,70.5,72.6,70.1,71.3,190254
1338,2018-10-23,72.2,73.3,71,71.1,134003
1338,2018-10-22,70,73.7,70,73.3,312042
1338,2018-10-19,71.1,71.1,69,70.2,176931
1338,2018-10-18,71.2,72,71,71.3,137724
1338,2018-10-17,73.2,73.9,71.8,71.8,177100
1338,2018-10-16,73.5,74.1,72.7,72.7,207003
1338,2018-10-15,74,75.5,73.5,73.5,367006
1338,2018-10-12,67.1,74.7,67.1,73.8,793000
1338,2018-10-11,74,75,73.4,73.4,647095
1338,2018-10-09,82.2,82.2,80.2,81.5,251106
1338,2018-10-08,81.2,84,81.2,82,138007
1338,2018-10-05,84.8,84.8,80,82,246006
1338,2018-10-04,85.5,85.6,83.2,84,287003
1338,2018-10-03,87.3,87.4,86,86,338024
1338,2018-10-02,86.5,87.4,86.2,86.8,508002
1338,2018-10-01,85.9,86.8,85.1,86.5,393001
1338,2018-09-28,86,86,84.7,85,107070
1338,2018-09-27,85.9,86.4,85.2,85.2,127201
1338,2018-09-26,85.5,87.2,85.5,85.8,265001
1338,2018-09-25,85.9,86.4,85,86.1,143000
1338,2018-09-21,85.9,86.5,85.5,86,94101
1338,2018-09-20,86.6,86.8,85.2,85.2,179202
1338,2018-09-19,86.5,87.8,86.5,87.1,121102
1338,2018-09-18,86.3,87.1,86.2,86.3,80316
1338,2018-09-17,86,86.7,85.5,86.4,53000
1338,2018-09-14,84.2,87.2,84.2,86.5,186008
1338,2018-09-13,82.8,84.7,82.8,83.9,111013
1338,2018-09-12,86,86,82.3,82.7,434092
1338,2018-09-11,85.7,86.2,85.4,86,124056
1338,2018-09-10,88,88,85.4,85.6,194173
1338,2018-09-07,88.9,89.8,87.5,87.7,193031
1338,2018-09-06,90.1,90.4,89.3,89.3,103005
1338,2018-09-05,90.6,91.1,90.3,90.5,88003
1338,2018-09-04,91,91,90.4,90.6,43000
1338,2018-09-03,92.3,93.4,90.5,90.5,177003
1338,2018-08-31,91,92,90.3,92,158101
1338,2018-08-30,92,92.7,91,91,166004
1338,2018-08-29,93,93.1,91.5,92,297204
1338,2018-08-28,88.5,94.6,88.4,93,786227
1338,2018-08-27,86.6,88.7,86.6,88.2,200000
1338,2018-08-24,88.1,88.2,85.1,86,328002
1338,2018-08-23,88.5,88.9,88,88.4,141006
1338,2018-08-22,88.5,89.1,88.4,88.5,100020
1338,2018-08-21,88.6,89,88.1,88.5,122000
1338,2018-08-20,89.8,90.7,88.4,88.4,485001
1338,2018-08-17,91.1,91.5,89.5,90.3,369806
1338,2018-08-16,90.5,91,90.1,90.7,149011
1338,2018-08-15,91.8,91.8,88.5,91.2,1021173
1338,2018-08-14,89.9,91.8,89.3,91.8,388331
1338,2018-08-13,93.9,93.9,88.4,89.3,460085
1338,2018-08-10,96.1,96.1,94,94,623102
1338,2018-08-09,97.5,97.5,96.2,96.2,407331
1338,2018-08-08,98.1,98.5,97.8,97.8,228100
1338,2018-08-07,99.1,99.1,98,98.1,231221
1338,2018-08-06,100,100.5,99.4,99.4,213020
1338,2018-08-03,99.1,100.5,99,99.8,1140243
1338,2018-08-02,100,100,98.8,98.8,445151
1338,2018-08-01,97.6,101,97.6,100.5,592020
1338,2018-07-31,97.7,98.4,97.3,97.5,103100
1338,2018-07-30,98.3,98.3,97.7,97.7,172020
1338,2018-07-27,98.2,99.1,98.2,98.6,374001
1338,2018-07-26,98.9,99.4,98.4,98.4,288000
1338,2018-07-25,98.1,99.1,98,98.7,121788
1338,2018-07-24,98.2,98.4,97.7,98.1,156012
1338,2018-07-23,100,100,98,98.1,266300
1338,2018-07-20,101,101.5,99.1,99.5,448156
1338,2018-07-19,101,101.5,100.5,100.5,386000
1338,2018-07-18,102,102,100,100.5,542100
1338,2018-07-17,102.5,103,101,101.5,441001
1338,2018-07-16,103,104,101.5,102,1168541
1338,2018-07-13,100,103,99.3,102,2021211
1338,2018-07-12,97.4,100.5,96.2,99.7,1603011
1338,2018-07-11,100,101,99.8,101,293151
1338,2018-07-10,101,101,99.6,100,466000
1338,2018-07-09,101,101,99.9,100.5,470002
1338,2018-07-06,101,101,98.9,100,273063
1338,2018-07-05,100.5,100.5,99.6,99.7,211005
1338,2018-07-04,101,101,100,100.5,131050
1338,2018-07-03,102,103,100.5,100.5,219310
1338,2018-07-02,104,104.5,102,102,736056
1338,2018-06-29,100,103.5,100,103,864122
1338,2018-06-28,100.5,101,99.6,99.6,210002
1338,2018-06-27,100.5,101,100,100.5,132200
1338,2018-06-26,102,102,99.9,100,433257
1338,2018-06-25,102.5,103,101.5,101.5,104198
1338,2018-06-22,102,103,101.5,102.5,155202
1338,2018-06-21,103,103.5,102,102,166002
1338,2018-06-20,104,104,102,102.5,266728
1338,2018-06-19,105,105,103.5,103.5,163023
1338,2018-06-15,104,105,103.5,105,237032
1338,2018-06-14,103.5,104.5,103.5,103.5,137000
1338,2018-06-13,104.5,105.5,103,103.5,284101
1338,2018-06-12,106,106,104,104.5,293004
1338,2018-06-11,106.5,106.5,104.5,105.5,355000
1338,2018-06-08,107.5,107.5,105.5,105.5,244202
1338,2018-06-07,106.5,108,106,107,656321
1338,2018-06-06,105,106,105,106,248353
1338,2018-06-05,106,106,104,104.5,137107
1338,2018-06-04,105,105.5,104.5,105,179043
1338,2018-06-01,104,105,104,104.5,159662
1338,2018-05-31,104,105.5,104,104,444003
1338,2018-05-30,102,102.5,101.5,102,147004
1338,2018-05-29,103.5,103.5,102,102,142003
1338,2018-05-28,103,104,102,103.5,225100
1338,2018-05-25,103,103.5,102.5,102.5,161010
1338,2018-05-24,103.5,104,102.5,103,143006
1338,2018-05-23,104.5,104.5,103,103,180000
1338,2018-05-22,104.5,105.5,104.5,104.5,96067
1338,2018-05-21,104.5,105,104,104,186002
1338,2018-05-18,104.5,105,103.5,103.5,127048
1338,2018-05-17,106,106.5,104.5,104.5,232013
1338,2018-05-16,106.5,107,105.5,106,260166
1338,2018-05-15,104.5,108.5,104.5,107,1070011
1338,2018-05-14,103.5,104.5,103,103.5,522221
1338,2018-05-11,102,103,101,102,219190
1338,2018-05-10,103,103,101.5,102,150002
1338,2018-05-09,102.5,102.5,101.5,101.5,135314
1338,2018-05-08,102,102.5,101.5,102,135043
1338,2018-05-07,102.5,103,102,102,128349
1338,2018-05-04,102,102,101.5,101.5,85009
1338,2018-05-03,101.5,103,101.5,101.5,148020
1338,2018-05-02,103,103,101.5,101.5,97009
1338,2018-04-30,101.5,104,101,103,243136
1338,2018-04-27,103,103.5,101,101,274015
1338,2018-04-26,102.5,102.5,99.5,100,306015
1338,2018-04-25,102,102.5,101,101.5,281000
1338,2018-04-24,103,104.5,101,102.5,835001
1338,2018-04-23,103.5,103.5,102,102.5,322008
1338,2018-04-20,103.5,104.5,103.5,104,142108
1338,2018-04-19,104.5,105,103.5,103.5,167255
1338,2018-04-18,104.5,104.5,102.5,104.5,174474
1338,2018-04-17,105,105,103.5,103.5,175154
1338,2018-04-16,106,106,104.5,104.5,133122
1338,2018-04-13,106,106,105,105,160154
1338,2018-04-12,107,107,105,105,141500
1338,2018-04-11,107,107.5,106,106.5,126586
1338,2018-04-10,106.5,107.5,106,106.5,129035
1338,2018-04-09,106,106.5,105,105.5,138090
1338,2018-04-03,107,107,105.5,105.5,201042
1338,2018-04-02,109,109,106.5,107,181135
1338,2018-03-31,108,109.5,108,108,120206
1338,2018-03-30,108,108.5,107.5,108,260170
1338,2018-03-29,109,109.5,107.5,107.5,292149
1338,2018-03-28,110,110.5,108.5,108.5,477027
1338,2018-03-27,106,112,105.5,112,1090660
1338,2018-03-26,103,104.5,102.5,104,137310
1338,2018-03-23,103,104.5,102.5,103,341199
1338,2018-03-22,108,108,106,106,197100
1338,2018-03-21,107,109,107,108,351008
1338,2018-03-20,106.5,107,106,106.5,132362
1338,2018-03-19,107,107.5,106.5,106.5,278040
1338,2018-03-16,107.5,107.5,106,106.5,176103
1338,2018-03-15,106.5,107.5,106,107,164159
1338,2018-03-14,107.5,107.5,106.5,106.5,83200
1338,2018-03-13,107.5,107.5,106.5,107,142026
1338,2018-03-12,106,107.5,106,106.5,217201
1338,2018-03-09,107,107,106,106,172014
1338,2018-03-08,107,107,106,107,140100
1338,2018-03-07,106.5,107.5,106,106,175102
1338,2018-03-06,107.5,107.5,106,106.5,119050
1338,2018-03-05,106.5,109,106.5,106.5,269000
1338,2018-03-02,107,107.5,106,106.5,155176
1338,2018-03-01,108.5,108.5,106,107.5,349050
1338,2018-02-27,108,111,108,109,788254
1338,2018-02-26,107.5,108.5,107,107,248020
1338,2018-02-23,104.5,106.5,104.5,106,436076
1338,2018-02-22,104.5,105,103.5,104.5,238031
1338,2018-02-21,103.5,104.5,103,104,347001
1338,2018-02-12,101,104,101,102,463211
1338,2018-02-09,97.2,102,97.2,100.5,636265
1338,2018-02-08,105.5,106,102.5,103,259000
1338,2018-02-07,106.5,108.5,105,105,487000
1338,2018-02-06,109,110.5,102,104,818100
1338,2018-02-05,108.5,113.5,107.5,112.5,678004
1338,2018-02-02,112,112.5,111.5,111.5,133265
1338,2018-02-01,111.5,113.5,111.5,111.5,194001
1338,2018-01-31,111.5,113,111.5,112,204124
1338,2018-01-30,114.5,114.5,112,112,217002
1338,2018-01-29,114.5,115,113.5,114,246100
1338,2018-01-26,113,116,112.5,114.5,881070
1338,2018-01-25,114.5,114.5,112.5,112.5,242124
1338,2018-01-24,114,114.5,113.5,114,214004
1338,2018-01-23,114.5,115,113.5,113.5,222433
1338,2018-01-22,114,115,113.5,115,219001
1338,2018-01-19,115.5,115.5,114,114,224110
1338,2018-01-18,116.5,117,115,115,291022
1338,2018-01-17,115,116.5,114.5,116.5,441117
1338,2018-01-16,114.5,115.5,114.5,115,305066
1338,2018-01-15,115,115.5,114,114,232000
1338,2018-01-12,114.5,116,114.5,114.5,254029
1338,2018-01-11,115,116,114,114,127030
1338,2018-01-10,115,116,114,115,397006
1338,2018-01-09,115.5,116.5,114.5,114.5,479001
1338,2018-01-08,118,118,115,115.5,786406
1338,2018-01-05,115,117,115,117,852019
1338,2018-01-04,115,115.5,114,114.5,415004
1338,2018-01-03,115.5,116,114.5,115,509000
1338,2018-01-02,114.5,115.5,113.5,115.5,717201
1338,2019-12-31,66.7,67.5,66.7,67.3,250121
1338,2019-12-30,66.1,66.8,65.8,66.8,259106
1338,2019-12-27,66.5,67.2,66,66.1,335574
1338,2019-12-26,65.9,66.6,65.8,66.4,142010
1338,2019-12-25,65.4,66.3,65.4,65.6,166102
1338,2019-12-24,65.4,65.8,65.3,65.5,103003
1338,2019-12-23,66,66,65.4,65.8,40118
1338,2019-12-20,65.7,66.4,65.7,66,143002
1338,2019-12-19,66.2,66.4,65.4,66,113366
1338,2019-12-18,66.2,66.5,65.8,65.8,145001
1338,2019-12-17,65.9,66.8,65.5,66.2,706004
1338,2019-12-16,65.6,65.9,65.3,65.4,178002
1338,2019-12-13,65.6,66,65,65,204141
1338,2019-12-12,65.3,66.4,65.3,65.5,573164
1338,2019-12-11,63.4,65.5,63.4,65.1,164000
1338,2019-12-10,63.2,63.6,63.2,63.3,72001
1338,2019-12-09,63.3,63.3,63.1,63.2,35018
1338,2019-12-06,63,63.5,62.8,63.3,95000
1338,2019-12-05,63.3,63.5,62.8,62.8,70000
1338,2019-12-04,63.5,63.5,62.8,63.3,135001
1338,2019-12-03,63.3,63.8,63.2,63.5,53229
1338,2019-12-02,65,65,63.6,63.8,99032
1338,2019-11-29,65.7,65.7,64.6,64.8,72002
1338,2019-11-28,65,65.5,64.6,65.2,98009
1338,2019-11-27,65.5,66,64.8,64.8,113001
1338,2019-11-26,65.2,66,65.2,65.3,185079
1338,2019-11-25,66.3,66.8,65.2,65.2,307010
1338,2019-11-22,64.8,66.6,64.2,66.4,927084
1338,2019-11-21,63.9,65.5,63.2,64.4,730583
1338,2019-11-20,61.6,64,61.5,64,327411
1338,2019-11-19,61.3,61.7,61.2,61.4,62052
1338,2019-11-18,61.5,61.7,61,61.3,77014
1338,2019-11-15,61.4,61.6,60.7,61.4,135010
1338,2019-11-14,62.3,62.4,60.4,61,344080
1338,2019-11-13,62.6,62.8,62.2,62.3,138064
1338,2019-11-12,62.5,62.9,62.4,62.8,85065
1338,2019-11-11,63.5,63.5,62.5,62.5,189932
1338,2019-11-08,64,64.1,63.5,63.5,79002
1338,2019-11-07,64.5,64.5,63.9,64,116109
1338,2019-11-06,64.3,64.8,64.3,64.5,116253
1338,2019-11-05,63.8,64.4,63.8,64.2,69007
1338,2019-11-04,63.8,64.1,63.6,63.9,95807
1338,2019-11-01,63.5,63.7,63.4,63.6,94420
1338,2019-10-31,64.2,64.3,63.8,63.8,123281
1338,2019-10-30,64.4,64.4,64,64.2,104065
1338,2019-10-29,64.6,64.8,64.2,64.3,90100
1338,2019-10-28,65.4,65.5,64.5,64.6,107002
1338,2019-10-25,66.2,66.3,65.3,65.3,95301
1338,2019-10-24,65.5,66.3,65.5,66.1,82057
1338,2019-10-23,65.2,66.1,65.2,65.6,165004
1338,2019-10-22,65.1,65.5,65.1,65.1,120005
1338,2019-10-21,64.7,64.9,64.5,64.9,92302
1338,2019-10-18,64.7,64.8,64.4,64.6,110250
1338,2019-10-17,64.4,64.5,64.1,64.5,109002
1338,2019-10-16,64.4,64.7,64.1,64.2,144001
1338,2019-10-15,64.1,65,64.1,64.4,203001
1338,2019-10-14,64.6,64.7,64.1,64.1,150000
1338,2019-10-09,65,65,64,64,178028
1338,2019-10-08,65.2,65.4,65.1,65.1,58001
1338,2019-10-07,65.4,65.7,65,65,122000
1338,2019-10-04,65.6,65.6,65.2,65.5,97001
1338,2019-10-03,65.5,66.1,65.5,65.6,45003
1338,2019-10-02,65.8,66.3,65.3,65.6,43012
1338,2019-10-01,65.1,66.3,65.1,65.7,81010
1338,2019-09-27,66.5,66.5,65.1,65.1,223001
1338,2019-09-26,67.1,67.2,66.3,66.3,251007
1338,2019-09-25,67.6,67.6,67,67,107001
1338,2019-09-24,67.9,68.1,67.7,67.8,93001
1338,2019-09-23,68,68.5,67.8,67.9,87002
1338,2019-09-20,68.8,68.8,67.7,68,148005
1338,2019-09-19,69.5,70,68.7,68.8,158300
1338,2019-09-18,68.6,69.3,68.6,69,261199
1338,2019-09-17,69,69,68,68.5,181002
1338,2019-09-16,68.9,69.1,68.5,68.5,170001
1338,2019-09-12,69.1,69.3,68.8,68.8,215010
1338,2019-09-11,69.3,69.4,68.7,69,238140
1338,2019-09-10,68.2,69.5,68.2,68.6,483003
1338,2019-09-09,68.1,68.4,67.8,67.8,97071
1338,2019-09-06,68.4,68.4,67.8,67.8,102002
1338,2019-09-05,68,68.4,67.7,67.9,146332
1338,2019-09-04,67.5,67.9,67.2,67.6,95052
1338,2019-09-03,68,68,67.1,67.5,135004
1338,2019-09-02,67.9,68.3,67.7,67.8,181011
1338,2019-08-30,67.8,69,67.6,67.9,389018
1338,2019-08-29,66.4,67.6,66.4,67.3,282302
1338,2019-08-28,66.4,66.4,65,65.9,251006
1338,2019-08-27,65,65.5,64.4,64.4,211183
1338,2019-08-26,65.4,66,64.7,64.8,146079
1338,2019-08-23,67.2,67.5,66.6,66.8,141016
1338,2019-08-22,68,68.3,67,67.1,198004
1338,2019-08-21,68.4,68.4,67.4,67.5,294211
1338,2019-08-20,68,68.8,67.5,67.7,541304
1338,2019-08-19,67.9,68.2,67.2,67.6,266038
1338,2019-08-16,67.5,67.9,67.1,67.6,549056
1338,2019-08-15,66.5,67.3,66.1,67.2,335519
1338,2019-08-14,63.8,68,63.8,68,826902
1338,2019-08-13,63.5,63.6,62.5,63.1,144020
1338,2019-08-12,64.3,64.6,63.9,63.9,60100
1338,2019-08-08,64,65,64,64.3,67001
1338,2019-08-07,65,65.4,64.5,64.5,35508
1338,2019-08-06,64.4,64.9,63.6,64.7,137002
1338,2019-08-05,65.8,66.5,65,65,112035
1338,2019-08-02,66.9,66.9,66,66,144039
1338,2019-08-01,67.4,68.5,67.4,67.5,151100
1338,2019-07-31,67,68.3,66.9,68.3,262037
1338,2019-07-30,67.7,68,66.9,66.9,143007
1338,2019-07-29,68.7,68.7,67.4,67.7,137066
1338,2019-07-26,68.8,68.8,68,68.3,142007
1338,2019-07-25,67.8,69.2,67.3,68.8,491002
1338,2019-07-24,65.6,68.2,65.6,67.6,697040
1338,2019-07-23,65.7,65.9,65.5,65.5,167001
1338,2019-07-22,65.8,66.2,65.5,65.7,141001
1338,2019-07-19,66.2,66.7,65.7,65.8,114001
1338,2019-07-18,67,67.1,65.7,65.7,161264
1338,2019-07-17,67.5,67.7,67,67,75200
1338,2019-07-16,67.8,68,67.3,67.4,141100
1338,2019-07-15,68.5,68.6,67.8,67.8,93002
1338,2019-07-12,69.1,69.4,67.9,67.9,435138
1338,2019-07-11,68.3,69.6,67.5,68.9,870253
1338,2019-07-10,69.7,70.4,69.6,70.4,517011
1338,2019-07-09,69.8,69.9,69.6,69.6,167000
1338,2019-07-08,70,70.2,69.7,69.8,161002
1338,2019-07-05,70.3,70.3,69.6,70,172184
1338,2019-07-04,70.3,70.3,69.2,69.3,239009
1338,2019-07-03,69,70.1,67.8,69.6,850001
1338,2019-07-02,69,69.1,68.5,68.5,253008
1338,2019-07-01,67.3,68.8,67.1,68.3,438074
1338,2019-06-28,66.3,67,65.1,66.8,252007
1338,2019-06-27,65.4,66.2,65.4,66,79107
1338,2019-06-26,65,65.4,65,65.4,35102
1338,2019-06-25,66,66.1,64.7,64.8,98153
1338,2019-06-24,66.5,66.5,65.7,65.8,52007
1338,2019-06-21,66.7,67.2,66,66,96037
1338,2019-06-20,66,66.7,65.9,66,113014
1338,2019-06-19,65.8,66.3,65.2,65.9,102103
1338,2019-06-18,64.9,65.3,64.9,65,45101
1338,2019-06-17,65.2,65.3,64.4,65,41101
1338,2019-06-14,65.9,66.3,65.8,65.8,99100
1338,2019-06-13,65.1,65.5,65.1,65.5,41012
1338,2019-06-12,64.2,65.4,64.2,65.1,151009
1338,2019-06-11,63.8,64.4,63.8,64.2,64376
1338,2019-06-10,63.7,64.2,63,63.5,105009
1338,2019-06-06,64.2,64.2,63.4,63.5,68007
1338,2019-06-05,64.8,64.8,64.4,64.4,73103
1338,2019-06-04,64,64.1,63.6,64,47026
1338,2019-06-03,64,64,63,63.3,98111
1338,2019-05-31,63.4,64.7,63.4,64.4,197001
1338,2019-05-30,63.7,64,63.2,63.3,116094
1338,2019-05-29,63.8,63.8,63,63.2,115200
1338,2019-05-28,64.1,64.6,63.8,63.9,39568
1338,2019-05-27,64.9,64.9,63.8,64.1,49008
1338,2019-05-24,63,64.4,63,63.8,104177
1338,2019-05-23,64.8,64.8,62.9,63.2,320332
1338,2019-05-22,66.5,66.5,65.2,65.2,89018
1338,2019-05-21,64.9,66.1,64.7,65.6,103041
1338,2019-05-20,64.8,65.1,64.2,64.3,146060
1338,2019-05-17,66.3,66.5,65,65,185004
1338,2019-05-16,68,68,66.5,66.6,80300
1338,2019-05-15,66.1,67.8,66.1,67.5,77250
1338,2019-05-14,65,66.4,64.4,66.2,169050
1338,2019-05-13,69.3,69.4,66.4,66.7,640443
1338,2019-05-10,70.5,71.6,69.4,69.5,307028
1338,2019-05-09,72.3,72.4,70.5,70.9,228360
1338,2019-05-08,73,73.1,72.3,72.3,137224
1338,2019-05-07,74.1,74.7,73.5,73.6,164906
1338,2019-05-06,75.5,75.5,73.5,73.8,159231
1338,2019-05-03,75.8,76,75.5,75.8,405103
1338,2019-05-02,74.8,75.8,74.3,75.8,200734
1338,2019-04-30,72.7,74.8,72.6,74.8,191100
1338,2019-04-29,74.6,74.6,72.7,72.7,245492
1338,2019-04-26,75.1,75.1,74,74.1,233112
1338,2019-04-25,75.6,75.6,75,75.1,157135
1338,2019-04-24,75.5,76.1,75,75.2,185009
1338,2019-04-23,76.1,76.1,75.5,75.5,187010
1338,2019-04-22,77,77.1,76.1,76.1,167035
1338,2019-04-19,77,77.5,76.2,76.3,195003
1338,2019-04-18,78.6,78.9,76.6,76.7,235005
1338,2019-04-17,78.4,78.9,77.9,78,239303
1338,2019-04-16,78.5,78.5,77.6,77.9,227106
1338,2019-04-15,76.8,79,76.5,77.7,997310
1338,2019-04-12,76.8,77,75.6,75.6,200345
1338,2019-04-11,76,77,75.9,76.4,547986
1338,2019-04-10,75.2,76,74.8,75.7,168012
1338,2019-04-09,75.6,75.6,74.6,75.2,161777
1338,2019-04-08,75,75.7,74.9,75.1,223715
1338,2019-04-03,75.3,75.3,74.5,75,153298
1338,2019-04-02,75.1,75.6,75,75,105113
1338,2019-04-01,75.6,75.8,75,75.1,96218
1338,2019-03-29,75.4,75.4,74.5,75,101912
1338,2019-03-28,75,75.5,74.9,74.9,73900
1338,2019-03-27,75.3,75.4,74.7,74.9,199770
1338,2019-03-26,76.9,76.9,75.3,75.3,331106
1338,2019-03-25,77.6,77.6,76.4,77.3,209076
1338,2019-03-22,79.2,79.2,77.1,78.3,209400
1338,2019-03-21,79.5,79.5,78.3,78.8,393500
1338,2019-03-20,77.6,79.5,77.1,79.5,547023
1338,2019-03-19,77.1,77.5,76.8,77.1,107019
1338,2019-03-18,77.2,77.5,76.9,76.9,125050
1338,2019-03-15,77.8,77.9,77,77.3,112074
1338,2019-03-14,77,78.2,76.9,77.5,357046
1338,2019-03-13,77,77.1,76.6,76.6,97256
1338,2019-03-12,78,78.2,76.9,76.9,127080
1338,2019-03-11,77,77.7,76.9,77.2,94043
1338,2019-03-08,78.3,78.3,76.8,77.5,212031
1338,2019-03-07,79.3,80.3,78.5,78.6,158143
1338,2019-03-06,79.9,79.9,79.3,79.3,105765
1338,2019-03-05,80.1,80.1,79.3,79.3,102045
1338,2019-03-04,79.3,81,79.3,80.1,173657
1338,2019-02-27,79.7,80,78.8,79.4,309011
1338,2019-02-26,79.9,80,79.6,79.7,167245
1338,2019-02-25,79.2,79.8,79.2,79.5,314255
1338,2019-02-22,79.5,79.5,79,79,115028
1338,2019-02-21,79.8,80,78.8,79,237484
1338,2019-02-20,79.9,80.2,79.5,79.5,250023
1338,2019-02-19,79.2,79.9,79.1,79.9,166252
1338,2019-02-18,79.2,80.1,79.2,79.4,411038
1338,2019-02-15,80.5,80.5,78.7,79.4,341100
1338,2019-02-14,79.5,80.3,79,80.2,795071
1338,2019-02-13,78.3,79.9,77.5,79,864046
1338,2019-02-12,77.2,78,77,77.8,376067
1338,2019-02-11,77.1,77.3,75.4,76.8,424035
1338,2019-01-30,76.6,77.4,76.6,76.6,374298
1338,2019-01-29,76.9,76.9,76.2,76.6,136200
1338,2019-01-28,76.4,77,76.1,76.5,163546
1338,2019-01-25,76.3,76.9,76,76,258119
1338,2019-01-24,76.1,77.2,76.1,76.1,138023
1338,2019-01-23,76,76.3,76,76.1,139027
1338,2019-01-22,75.6,76.7,75.6,76,147087
1338,2019-01-21,78.1,78.2,76.5,76.5,610123
1338,2019-01-18,75.7,76.8,75.6,76.2,187010
1338,2019-01-17,76.3,76.9,75.6,75.8,289160
1338,2019-01-16,75.5,76.4,75.2,75.5,497191
1338,2019-01-15,73.1,75.5,72.9,75.5,624002
1338,2019-01-14,73.5,73.5,72.3,72.5,139167
1338,2019-01-11,72.7,72.9,72.1,72.9,212024
1338,2019-01-10,73,73,71.7,72.1,498141
1338,2019-01-09,74.4,74.6,73.8,74.3,243507
1338,2019-01-08,74.3,74.3,73.5,73.5,213007
1338,2019-01-07,74.8,75,73.7,73.7,1100129
1338,2019-01-04,73.2,73.8,72,73.3,445011
1338,2019-01-03,74.5,74.8,73.5,74.2,278045
1338,2019-01-02,75.8,75.9,74.5,74.6,132036
1338,2020-12-31,59,61.5,59,61.1,1789426
1338,2020-12-30,58.1,59.5,58,58.9,1203428
1338,2020-12-29,58.3,58.8,57.4,58,957503
1338,2020-12-28,57.2,58.6,56.7,58.3,508561
1338,2020-12-25,57.2,57.7,56.8,56.8,253223
1338,2020-12-24,55.9,58,55.9,57.2,476725
1338,2020-12-23,55.5,56.5,55.3,55.7,300145
1338,2020-12-22,55,57.3,55,55.6,438056
1338,2020-12-21,55.7,55.7,54.6,55,219033
1338,2020-12-18,56,56,55.2,55.3,238747
1338,2020-12-17,57,57,55.6,55.7,215007
1338,2020-12-16,55.6,56.6,55.6,56.5,203006
1338,2020-12-15,56.9,57.3,55.3,55.3,527004
1338,2020-12-14,57.1,57.5,56.6,56.8,251004
1338,2020-12-11,58.3,58.8,56.5,57.2,498056
1338,2020-12-10,59.2,59.8,58.1,58.2,783542
1338,2020-12-09,57.7,59.4,57.5,59.1,830066
1338,2020-12-08,58,58,57.1,57.5,336397
1338,2020-12-07,59.1,59.1,57.9,57.9,301070
1338,2020-12-04,58.2,59.1,58,58.8,371610
1338,2020-12-03,58.6,58.6,57.8,58.1,232092
1338,2020-12-02,58.5,58.8,58,58,394055
1338,2020-12-01,59,59.3,58.1,58.3,489007
1338,2020-11-30,60.4,60.8,58.7,58.7,806694
1338,2020-11-27,59,60.5,58.8,60.2,771593
1338,2020-11-26,59.8,59.8,58.8,59,468013
1338,2020-11-25,59,60.3,58.8,59.2,810009
1338,2020-11-24,58.7,59.8,58.7,58.8,543389
1338,2020-11-23,59,59.5,58.4,59,477083
1338,2020-11-20,58,59.5,57.7,59,1010308
1338,2020-11-19,57.8,58.3,57.6,58,682708
1338,2020-11-18,57.5,58.5,57.3,57.4,636077
1338,2020-11-17,57.2,57.7,56.4,57,301743
1338,2020-11-16,57.8,57.9,56.8,57.1,231790
1338,2020-11-13,57,58.3,57,57.2,480104
1338,2020-11-12,57.8,58,56.9,57.1,426008
1338,2020-11-11,57.1,58.4,57.1,57.1,670269
1338,2020-11-10,55.8,58.5,55.7,57.1,994108
1338,2020-11-09,56.3,57,55.7,56,749827
1338,2020-11-06,55.2,55.8,54.8,55.2,307119
1338,2020-11-05,54.4,55.2,54,55,472448
1338,2020-11-04,53.9,54.5,53.4,54,422143
1338,2020-11-03,53.1,54.4,53.1,53.4,1006001
1338,2020-11-02,54.2,54.2,52.6,52.6,456174
1338,2020-10-30,53.7,54.2,52.6,54.2,698051
1338,2020-10-29,53.5,54,52.8,53.7,225067
1338,2020-10-28,55.8,55.8,54.1,54.3,200023
1338,2020-10-27,56,56,55.4,55.5,102000
1338,2020-10-26,56.9,56.9,56.1,56.1,114001
1338,2020-10-23,56.4,56.8,56.1,56.6,191150
1338,2020-10-22,56.8,57.3,56,56,366002
1338,2020-10-21,56.8,57.2,56.5,56.6,429776
1338,2020-10-20,56.6,56.9,56.2,56.5,396205
1338,2020-10-19,55.5,56.8,55.5,56.7,572474
1338,2020-10-16,55.7,56.5,55.3,55.3,562000
1338,2020-10-15,55,56.7,55,56,1170017
1338,2020-10-14,53.9,55.2,53.9,55,385000
1338,2020-10-13,53,53.9,53,53.8,238136
1338,2020-10-12,55,55,52.8,53.1,825054
1338,2020-10-08,55,55,54,54.2,166005
1338,2020-10-07,55.2,55.3,54.5,54.5,180001
1338,2020-10-06,55.8,56,55.2,55.2,184011
1338,2020-10-05,55,55.6,54.8,55.3,549003
1338,2020-09-30,53.6,55.8,53.4,55.3,1118074
1338,2020-09-29,53.9,54.3,53,53.6,222001
1338,2020-09-28,53.5,53.9,52.9,53.9,485056
1338,2020-09-25,54.2,55.2,51.2,53,868158
1338,2020-09-24,56.1,56.1,54.3,54.4,426471
1338,2020-09-23,56.8,56.8,55.7,56.1,220005
1338,2020-09-22,57.6,57.8,56.4,56.4,572104
1338,2020-09-21,58.7,59.5,57.6,57.6,713917
1338,2020-09-18,57.4,58.3,57.1,58.3,478925
1338,2020-09-17,57.3,57.7,57,57.1,252012
1338,2020-09-16,57,57.7,56.5,57,645112
1338,2020-09-15,56.3,57,56.2,56.9,1155101
1338,2020-09-14,56,56.5,55.6,56.1,574002
1338,2020-09-11,57,57,55,56,947005
1338,2020-09-10,58.1,58.5,55.8,57,1287151
1338,2020-09-09,57.3,58.5,56.5,58.1,335006
1338,2020-09-08,59.5,59.8,57.3,57.3,836028
1338,2020-09-07,60,60.5,59,59.1,362098
1338,2020-09-04,59,60.8,58.9,59.7,928005
1338,2020-09-03,61.7,62,60.4,60.8,552001
1338,2020-09-02,62.8,63.3,61.1,61.3,1038683
1338,2020-09-01,62.2,63.8,61.6,62.2,1570251
1338,2020-08-31,62.1,62.4,61.1,61.8,1119351
1338,2020-08-28,60.5,62.6,60.2,61.5,1986403
1338,2020-08-27,61.5,62.5,59.8,60.5,2409464
1338,2020-08-26,58.8,61.3,58.6,60.6,3386580
1338,2020-08-25,58.7,59.1,58.1,58.5,438331
1338,2020-08-24,59.2,59.6,57.5,58.4,1001102
1338,2020-08-21,56.4,59.7,56,59.2,2240330
1338,2020-08-20,58.5,58.7,54.5,55.6,1171082
1338,2020-08-19,60.4,60.8,58.6,58.6,1754515
1338,2020-08-18,59.5,60.7,58,60.2,2199168
1338,2020-08-17,57,59.5,56.3,59.5,1473209
1338,2020-08-14,55.4,58.1,55.3,57.2,1156001
1338,2020-08-13,56.5,56.7,55.2,55.2,383002
1338,2020-08-12,55.4,56.2,54.6,55.7,660002
1338,2020-08-11,56.2,56.8,55.3,55.7,469100
1338,2020-08-10,57.7,58.2,56,56.2,419502
1338,2020-08-07,59,59.2,57.6,57.6,934105
1338,2020-08-06,58,59.3,57.2,58.8,1473246
1338,2020-08-05,55.7,57.7,55.6,57.1,1371208
1338,2020-08-04,54.3,56.3,54.3,55.5,1617118
1338,2020-08-03,54.3,54.6,53.6,54.3,539157
1338,2020-07-31,54.4,54.7,53.8,54.1,310093
1338,2020-07-30,53.6,54.7,52.7,54.1,714056
1338,2020-07-29,52,53,52,53,548045
1338,2020-07-28,54.5,54.6,51.8,52.4,536160
1338,2020-07-27,55.1,55.7,53.6,53.6,492176
1338,2020-07-24,57.3,57.4,55.3,55.4,909100
1338,2020-07-23,58.3,58.8,57.4,57.6,542301
1338,2020-07-22,58.3,58.9,57.9,58.1,1691243
1338,2020-07-21,57.7,58.6,57.6,58,1834000
1338,2020-07-20,58,58,56.9,57.5,198777
1338,2020-07-17,57.9,58.7,57.3,57.6,1162700
1338,2020-07-16,58.1,58.9,58.1,58.1,814159
1338,2020-07-15,58.4,59.9,57.5,58.2,2112004
1338,2020-07-14,57.2,59.8,57.2,58.3,2857509
1338,2020-07-13,52.7,58.7,52.7,58.5,1504403
1338,2020-07-10,55.5,55.5,53.5,53.7,374000
1338,2020-07-09,56.5,56.5,55,55,588102
1338,2020-07-08,59.2,59.2,58.1,59.1,949581
1338,2020-07-07,57.6,61.1,56.6,59.3,2175233
1338,2020-07-06,56.9,57.6,56.6,57.4,399136
1338,2020-07-03,57.4,57.5,56,56.6,417308
1338,2020-07-02,56.7,57.3,56.7,57,378132
1338,2020-07-01,55.9,56.5,55.8,56.5,327002
1338,2020-06-30,55.2,55.6,54.7,55.6,128052
1338,2020-06-29,55.3,55.4,54.7,54.7,221003
1338,2020-06-24,55.2,55.3,55,55.2,226001
1338,2020-06-23,56,56,54.5,55.2,240015
1338,2020-06-22,56.6,56.6,55.4,55.6,263328
1338,2020-06-19,55.8,56.7,55.8,56.3,290001
1338,2020-06-18,55.4,55.9,55.1,55.6,221175
1338,2020-06-17,56.4,56.4,55.2,55.4,224295
1338,2020-06-16,55.9,55.9,54.9,55.2,223078
1338,2020-06-15,56,56,54,54.6,225052
1338,2020-06-12,53,55.3,52.6,55.2,529080
1338,2020-06-11,57,57.8,55.1,55.6,621071
1338,2020-06-10,58.5,58.7,57.1,57.2,659005
1338,2020-06-09,57.3,59.3,57.3,58.8,523119
1338,2020-06-08,59.6,59.6,58,58,652007
1338,2020-06-05,58,59.4,57.6,58.5,1729385
1338,2020-06-04,55.9,59.7,55.5,58.6,3392328
1338,2020-06-03,53.4,55.4,53.3,54.9,891185
1338,2020-06-02,52.8,54,52.8,52.9,382830
1338,2020-06-01,52.2,52.9,52.2,52.4,295046
1338,2020-05-29,51.6,52.6,50.8,52,308003
1338,2020-05-28,51.7,52.2,51.1,51.2,205002
1338,2020-05-27,52.1,52.1,51.3,51.7,320270
1338,2020-05-26,52.2,52.6,51.4,51.5,280065
1338,2020-05-25,51.9,52.2,51,52,206038
1338,2020-05-22,53.1,53.2,51.6,51.6,325087
1338,2020-05-21,52.9,53.1,52.1,52.8,415000
1338,2020-05-20,50.6,52.6,50.5,52.1,467007
1338,2020-05-19,50.6,51.3,50.2,50.7,251001
1338,2020-05-18,49.8,50.3,49.2,49.65,290142
1338,2020-05-15,51,51,48.8,49.3,382165
1338,2020-05-14,51.6,51.7,49.8,50,487116
1338,2020-05-13,52,52.4,51.3,51.7,345000
1338,2020-05-12,51.6,53,51.3,52.1,385001
1338,2020-05-11,52.5,53.3,52.2,52.4,545112
1338,2020-05-08,53.5,54.2,52.1,52.2,424202
1338,2020-05-07,52.1,53.3,51.6,53,685116
1338,2020-05-06,52.6,52.7,51.5,52.1,430106
1338,2020-05-05,54,54.2,52,52.6,855228
1338,2020-05-04,54.1,54.5,53.2,53.7,813405
1338,2020-04-30,53,56.7,52.7,56.1,2069428
1338,2020-04-29,49.6,53.4,49.4,52,1673276
1338,2020-04-28,50,50,49,49,451156
1338,2020-04-27,48.5,49.25,48.25,48.9,274077
1338,2020-04-24,48.5,48.55,47.8,47.9,168102
1338,2020-04-23,48.3,48.55,47.6,48.3,269240
1338,2020-04-22,46.25,48,45.95,48,242232
1338,2020-04-21,48.2,48.6,47,47,527100
1338,2020-04-20,48.5,49.25,47.6,48.75,426206
1338,2020-04-17,50.1,50.5,48.4,48.45,608328
1338,2020-04-16,48.5,49.4,48.15,48.75,702308
1338,2020-04-15,48.5,49.2,48,48.5,1028923
1338,2020-04-14,47.3,48.05,47.3,47.8,489016
1338,2020-04-13,48,49.1,47.3,47.3,527500
1338,2020-04-10,48.7,48.7,47.2,48.2,691020
1338,2020-04-09,47.5,49.5,46.5,48.5,1374211
1338,2020-04-08,46.65,47.65,45.65,47.1,963248
1338,2020-04-07,44.6,46.8,44.3,46.65,1551051
1338,2020-04-06,44.2,44.65,43,43.9,639069
1338,2020-04-01,43.4,44.3,43.05,44.1,1106582
1338,2020-03-31,42.5,44,41.35,43.85,1428111
1338,2020-03-30,38.3,40.1,38.15,40,250227
1338,2020-03-27,41,41.9,40,40,490175
1338,2020-03-26,39.75,41.3,38.5,40.2,655153
1338,2020-03-25,36.5,38.5,36.5,38.3,420334
1338,2020-03-24,33.65,35.75,33.65,35,331015
1338,2020-03-23,32.1,33.3,31,32.5,168032
1338,2020-03-20,32.4,34.45,32.4,34.2,360002
1338,2020-03-19,34.1,34.1,31.5,31.85,941150
1338,2020-03-18,38.1,38.85,35,35,334127
1338,2020-03-17,38,40.75,37.9,38.1,463136
1338,2020-03-16,43.65,45,41.05,41.15,272205
1338,2020-03-13,42.6,44.2,42.6,43.55,895626
1338,2020-03-12,50.8,52.2,47.1,47.3,466166
1338,2020-03-11,53.8,53.9,52.2,52.2,106038
1338,2020-03-10,51.9,53.6,51.8,53.6,264026
1338,2020-03-09,56.1,56.1,53,53,236045
1338,2020-03-06,57.2,57.5,56.5,56.5,99133
1338,2020-03-05,58,58,57.3,57.3,82191
1338,2020-03-04,57.8,58.5,57.1,57.2,62594
1338,2020-03-03,58.8,58.8,57.7,57.7,61029
1338,2020-03-02,57,58,56.3,57.6,171761
1338,2020-02-27,58.3,58.5,57.5,57.6,169578
1338,2020-02-26,58,58.5,58,58.1,86015
1338,2020-02-25,58,58.6,58,58.3,99043
1338,2020-02-24,59,59,58.2,58.6,118079
1338,2020-02-21,59.9,59.9,59.2,59.2,59075
1338,2020-02-20,59.5,60.3,59.5,59.7,161515
1338,2020-02-19,59,59.7,58.8,59.3,130010
1338,2020-02-18,59,59.2,58.7,58.8,98356
1338,2020-02-17,59.7,59.7,59,59,121028
1338,2020-02-14,59,59.5,58.8,59.3,68100
1338,2020-02-13,60.1,60.1,58.8,59.1,204400
1338,2020-02-12,58.5,60,58.5,59.8,264340
1338,2020-02-11,58.6,58.9,58.2,58.4,192068
1338,2020-02-10,58.8,58.9,57.7,58.3,288019
1338,2020-02-07,60.4,60.4,59,59.6,215044
1338,2020-02-06,60,60.6,59.8,60.4,180113
1338,2020-02-05,60.8,60.9,59.5,60,215580
1338,2020-02-04,59.7,60.6,59.7,60.6,243003
1338,2020-02-03,61.2,61.2,57.9,59.7,438581
1338,2020-01-31,62.8,63.4,60.5,61.9,553201
1338,2020-01-30,63.1,63.9,62.8,62.8,936248
1338,2020-01-20,70.9,70.9,69.7,69.7,376252
1338,2020-01-17,71,71,69.9,70.3,368544
1338,2020-01-16,71,72.4,70.7,71,1187360
1338,2020-01-15,67.6,71.9,67.6,71,2054081
1338,2020-01-14,67.7,68.2,67.5,67.5,378008
1338,2020-01-13,68,68.1,67.1,67.3,667069
1338,2020-01-10,66.1,67.4,65.4,67.1,827336
1338,2020-01-09,64,64.5,64,64.4,90451
1338,2020-01-08,64.8,64.8,63.9,64,201002
1338,2020-01-07,65.6,65.9,64.9,65.1,169001
1338,2020-01-06,66.5,66.8,66,66,174051
1338,2020-01-03,68.5,68.5,66.6,67.4,289001
1338,2020-01-02,67.4,68.2,67.4,67.9,285003
1338,2021-12-30,55.8,56.5,55.1,56.5,158127
1338,2021-12-29,56,56.6,55.7,55.8,235419
1338,2021-12-28,56,56.4,55.7,56,578615
1338,2021-12-27,54.6,55.9,54.4,55.5,377338
1338,2021-12-24,54.8,55.4,54.5,54.5,45995
1338,2021-12-23,54.1,54.7,54.1,54.4,77045
1338,2021-12-22,54.7,54.8,54.1,54.1,156448
1338,2021-12-21,53.6,54.5,53.6,54.2,60330
1338,2021-12-20,53.8,54.5,53.4,53.6,148168
1338,2021-12-17,56,56,53.9,53.9,297262
1338,2021-12-16,56.5,56.9,55.7,56,248559
1338,2021-12-15,55.8,57,55.8,55.9,584045
1338,2021-12-14,57.4,57.6,55.8,55.8,782263
1338,2021-12-13,54.7,57.8,54.2,57.6,671262
1338,2021-12-10,54,54.8,53.2,54.7,417955
1338,2021-12-09,54.1,54.1,53.2,53.2,63459
1338,2021-12-08,53,53.6,52.9,53.6,217855
1338,2021-12-07,52.8,53.5,52.5,52.9,174924
1338,2021-12-06,51.3,52.3,51.2,52.1,231014
1338,2021-12-03,51.4,51.4,51.1,51.3,64525
1338,2021-12-02,51.5,51.6,51,51,84238
1338,2021-12-01,50.5,51.5,50.4,51.4,134437
1338,2021-11-30,50.4,51,50.4,50.8,70118
1338,2021-11-29,50.2,51,49.15,50.2,221350
1338,2021-11-26,51.5,51.8,50.8,51.2,145030
1338,2021-11-25,51.7,52.5,51.5,52,137402
1338,2021-11-24,51,51.8,50.9,51.7,119148
1338,2021-11-23,51.8,51.8,50.9,51.2,99100
1338,2021-11-22,51.2,51.5,50.9,51.4,81428
1338,2021-11-19,51.6,51.7,51.2,51.3,122301
1338,2021-11-18,51.1,52,51.1,51.6,101642
1338,2021-11-17,50.7,51.4,50.6,51.1,148135
1338,2021-11-16,50.8,51.2,50.5,50.6,143059
1338,2021-11-15,51.7,51.7,50.5,51.1,156719
1338,2021-11-12,51.3,51.7,51.1,51.4,211032
1338,2021-11-11,50.8,51.8,50.6,51,254065
1338,2021-11-10,51,51.5,50.2,50.9,405735
1338,2021-11-09,49.25,51.4,49.25,51.1,606583
1338,2021-11-08,49.3,49.3,48.8,48.95,85341
1338,2021-11-05,49,49.3,48.95,48.95,131905
1338,2021-11-04,49,49.4,48.5,48.8,187707
1338,2021-11-03,49.15,49.15,48.6,48.6,107027
1338,2021-11-02,49.75,49.75,48.1,48.25,179359
1338,2021-11-01,49.55,49.65,48.95,49.05,191107
1338,2021-10-29,49.5,49.5,48.8,48.8,178308
1338,2021-10-28,49.45,50,49.1,49.35,231699
1338,2021-10-27,49.25,49.75,48.6,49.45,400160
1338,2021-10-26,47.5,49.25,47.5,48.6,576259
1338,2021-10-25,48.25,48.35,47.5,48.25,169276
1338,2021-10-22,48.45,48.95,47.95,48.25,450444
1338,2021-10-21,49,49.5,48.45,48.45,646232
1338,2021-10-20,49.5,49.5,48.5,48.9,418959
1338,2021-10-19,46.55,50,46.55,49.45,685860
1338,2021-10-18,46.5,46.7,46,46.35,161233
1338,2021-10-15,45,45.8,44.95,45.75,109169
1338,2021-10-14,44.55,45.1,44,44.75,118045
1338,2021-10-13,45,45,44.2,44.45,112064
1338,2021-10-12,45.65,45.65,44.8,44.85,117308
1338,2021-10-08,45.95,46.5,45.4,45.85,126417
1338,2021-10-07,44.2,46,44.2,46,154048
1338,2021-10-06,45.1,45.45,44,44,243066
1338,2021-10-05,43.6,44.9,42.75,44.9,147827
1338,2021-10-04,45.3,45.3,44.1,44.1,203809
1338,2021-10-01,47.3,47.3,45,45.1,445369
1338,2021-09-30,46.6,47.3,45.85,47.1,387304
1338,2021-09-29,47.45,47.5,45.7,45.95,690685
1338,2021-09-28,47.2,47.95,47.15,47.25,494082
1338,2021-09-27,48.35,48.35,47.5,47.6,572601
1338,2021-09-24,49.4,49.4,48.1,48.35,454964
1338,2021-09-23,49.5,49.95,48.5,48.9,332088
1338,2021-09-22,49.75,49.75,49.35,49.4,192389
1338,2021-09-17,50.5,50.6,50,50.4,167869
1338,2021-09-16,51,51.4,50.3,50.3,241104
1338,2021-09-15,51.1,51.7,50.5,51,93100
1338,2021-09-14,51.2,51.3,50.1,50.3,346042
1338,2021-09-13,51,51.9,50.9,51.4,126534
1338,2021-09-10,51.4,51.8,51.1,51.1,143296
1338,2021-09-09,50.7,51.3,50.7,51.2,152334
1338,2021-09-08,51.7,52,50.7,50.7,355322
1338,2021-09-07,52,52.5,51.7,52,235772
1338,2021-09-06,53.9,53.9,52.1,52.2,473965
1338,2021-09-03,54.1,54.2,53.7,53.9,207011
1338,2021-09-02,54.3,54.5,53.9,54,267039
1338,2021-09-01,54.2,54.9,54.1,54.5,227398
1338,2021-08-31,54.7,54.7,53.9,54.1,358295
1338,2021-08-30,55.1,55.1,54,54.7,76546
1338,2021-08-27,54.4,54.6,53.7,54,162102
1338,2021-08-26,54.2,54.4,53.2,53.5,478652
1338,2021-08-25,54.5,55.1,54.4,54.4,175374
1338,2021-08-24,55,55.3,54,54.1,147352
1338,2021-08-23,53.4,54.8,53.4,54.6,108228
1338,2021-08-20,54.5,54.5,53.2,53.2,227545
1338,2021-08-19,55.9,55.9,54.3,54.3,102415
1338,2021-08-18,54.5,56,53.7,55.9,193631
1338,2021-08-17,56.1,56.1,54.5,54.5,285663
1338,2021-08-16,56.6,56.7,55.5,55.6,229798
1338,2021-08-13,58.3,58.3,56.8,56.8,268327
1338,2021-08-12,58.2,58.6,58.1,58.3,169008
1338,2021-08-11,59.2,59.4,58,58.1,215464
1338,2021-08-10,60.7,60.7,59.1,59.2,359360
1338,2021-08-09,62.1,62.1,60.6,60.7,324647
1338,2021-08-06,62.4,62.4,62.1,62.1,223075
1338,2021-08-05,63,63,62.2,62.4,169754
1338,2021-08-04,64,64,62.3,62.5,273653
1338,2021-08-03,63.8,64.5,63.1,63.3,277259
1338,2021-08-02,66.7,67.1,66.4,67.1,395217
1338,2021-07-30,66.9,67.2,66.5,66.5,232271
1338,2021-07-29,66.6,67,66.3,66.8,167181
1338,2021-07-28,67.6,67.8,65.5,66.5,315086
1338,2021-07-27,69.7,69.9,67.4,67.6,535597
1338,2021-07-26,69,69.7,68.8,69.3,553829
1338,2021-07-23,67.6,69,67.6,68.5,569718
1338,2021-07-22,66.6,67.9,66.6,67.4,334255
1338,2021-07-21,67.8,67.8,65.8,66,256159
1338,2021-07-20,67.8,67.8,66.7,66.8,297263
1338,2021-07-19,68.4,68.4,67.7,67.8,215987
1338,2021-07-16,67.3,68.4,67.3,68.2,440090
1338,2021-07-15,67,67.8,66.6,67.4,391827
1338,2021-07-14,67.5,67.6,66.1,66.5,290457
1338,2021-07-13,66.1,68.4,66,66.8,739946
1338,2021-07-12,66.5,66.6,65.7,65.7,415090
1338,2021-07-09,65.8,66.2,65.4,65.6,225007
1338,2021-07-08,66.6,66.6,66,66,153016
1338,2021-07-07,66.9,67.6,66.1,66.2,295173
1338,2021-07-06,67.4,68,66.8,66.9,281009
1338,2021-07-05,66.1,68.3,66.1,68,733326
1338,2021-07-02,65.1,66.6,65.1,65.8,324224
1338,2021-07-01,66.4,66.6,64.8,65,197738
1338,2021-06-30,66.4,66.4,65.4,66,161594
1338,2021-06-29,66.4,66.6,65.1,65.2,259216
1338,2021-06-28,66.4,66.6,65.6,66.3,306195
1338,2021-06-25,66.4,66.8,65.8,65.9,364337
1338,2021-06-24,67,67.3,65.9,66,462464
1338,2021-06-23,64.3,66.8,64.3,66.6,816215
1338,2021-06-22,64.2,64.3,63.5,63.7,211320
1338,2021-06-21,63.6,63.7,63.1,63.5,196227
1338,2021-06-18,64.1,64.5,63.9,63.9,187340
1338,2021-06-17,63.8,64.3,63.6,64.3,98425
1338,2021-06-16,64.4,65.2,63.4,63.8,249749
1338,2021-06-15,63.3,64.4,63.3,63.9,112149
1338,2021-06-11,63.3,64,63.2,63.3,167379
1338,2021-06-10,64,64,63.5,63.6,249195
1338,2021-06-09,63.8,64.4,63.8,64,115003
1338,2021-06-08,64.9,64.9,63.7,64.2,179710
1338,2021-06-07,64,64.8,62.5,64.1,262124
1338,2021-06-04,64.6,64.6,63.7,63.8,332146
1338,2021-06-03,64.9,66,64.5,64.8,468676
1338,2021-06-02,64.9,65.2,63.7,64.7,371111
1338,2021-06-01,63.3,64.7,63,64.7,403351
1338,2021-05-31,63.4,63.4,62.5,62.9,344060
1338,2021-05-28,62.4,63.5,62.4,62.8,282528
1338,2021-05-27,62,62.4,61.5,61.9,125018
1338,2021-05-26,61.9,62.4,61.6,62,217220
1338,2021-05-25,61.6,62.6,61.5,61.9,400635
1338,2021-05-24,59,62.1,58.8,61.4,557405
1338,2021-05-21,58.5,59.4,58.2,59.4,209047
1338,2021-05-20,58.6,59.2,58,58,221115
1338,2021-05-19,59,59.8,57.4,58.4,479071
1338,2021-05-18,56.2,59.2,55.7,59,1006721
1338,2021-05-17,56.5,58.4,54.8,55,819400
1338,2021-05-14,62.5,62.9,60.1,60.7,759403
1338,2021-05-13,62.1,63.2,60.2,61.5,1368152
1338,2021-05-12,65.5,65.5,60,64.2,1104715
1338,2021-05-11,68.5,68.5,64,65.1,1127399
1338,2021-05-10,68.6,69,67.6,67.8,617713
1338,2021-05-07,66.8,70,66.7,69.5,1488692
1338,2021-05-06,66.8,67.9,64.8,66.8,679111
1338,2021-05-05,66.8,67.6,65.1,66.5,491178
1338,2021-05-04,68.8,68.8,64,66.8,1128031
1338,2021-05-03,71,71,68.2,68.8,605216
1338,2021-04-29,70.4,71.6,70,70.8,1579699
1338,2021-04-28,69.2,71,67.5,70.4,2091817
1338,2021-04-27,69.4,70.2,68.4,69.2,390029
1338,2021-04-26,69.7,69.7,68.8,68.9,487515
1338,2021-04-23,68,70,67.9,69.7,482422
1338,2021-04-22,71.9,71.9,67.8,67.9,885545
1338,2021-04-21,71.7,71.7,70.5,71.1,330105
1338,2021-04-20,71.5,71.8,70.4,71.6,638516
1338,2021-04-19,71.5,71.7,70.2,71.5,931513
1338,2021-04-16,69.7,70.9,69.7,70,520182
1338,2021-04-15,69.8,69.9,68.8,69.7,348386
1338,2021-04-14,69.6,69.6,67,69,791444
1338,2021-04-13,73,73.3,68.6,68.6,1582657
1338,2021-04-12,70.3,72.5,70.3,72,2224095
1338,2021-04-09,70.6,70.9,69,69.2,565325
1338,2021-04-08,70.4,70.9,70.2,70.6,603212
1338,2021-04-07,70.5,71.9,70.2,70.4,1186370
1338,2021-04-06,70.2,70.5,69.4,70.3,1000780
1338,2021-04-01,70.5,70.7,69.5,69.6,559554
1338,2021-03-31,70,70.2,69,69.8,1156636
1338,2021-03-30,69.5,70.7,69.2,70,1805404
1338,2021-03-29,67.5,70.3,67.5,69.5,4543535
1338,2021-03-26,65.8,65.8,65.4,65.8,181421
1338,2021-03-25,66.1,66.4,65.2,65.6,280833
1338,2021-03-24,64.9,66.4,64.8,66.1,524636
1338,2021-03-23,65.4,65.8,64.5,64.6,351321
1338,2021-03-22,65.1,65.8,64.7,65.4,243038
1338,2021-03-19,65.5,66.1,64.9,65.1,272260
1338,2021-03-18,65.6,66.4,65.4,65.5,240084
1338,2021-03-17,66,66.8,65.3,65.5,382761
1338,2021-03-16,66.6,67.1,65.2,66,659031
1338,2021-03-15,64.6,65.7,64.4,65.7,351070
1338,2021-03-12,65.5,65.8,64.2,64.6,272269
1338,2021-03-11,64.4,65.8,64.4,65.4,1450823
1338,2021-03-10,63.8,65.2,63.6,64.4,612092
1338,2021-03-09,62.7,63.2,62,63.1,299225
1338,2021-03-08,63.5,63.6,62.6,62.7,200612
1338,2021-03-05,62.7,63.4,62.7,63,170391
1338,2021-03-04,64,64.5,63.1,63.3,238307
1338,2021-03-03,64.4,64.4,63.1,64,217884
1338,2021-03-02,66,66,63.6,63.7,357857
1338,2021-02-26,65.3,65.6,64.8,65.1,409361
1338,2021-02-25,66.7,67,65.9,65.9,362332
1338,2021-02-24,68.5,68.6,65.8,65.8,1392684
1338,2021-02-23,66.7,68,66.1,68,721502
1338,2021-02-22,67.2,67.5,66.6,66.7,479715
1338,2021-02-19,67.3,67.3,65.9,66.5,834364
1338,2021-02-18,63.1,67.7,63.1,67.7,1831799
1338,2021-02-17,62.6,63.6,62.3,63,349215
1338,2021-02-05,62.7,62.7,61.9,62.3,344294
1338,2021-02-04,62.7,63.2,62.5,62.5,168026
1338,2021-02-03,64.1,64.1,62.6,62.7,315220
1338,2021-02-02,62.2,63.5,62,62.9,357213
1338,2021-02-01,62.5,62.5,60.5,61.5,430368
1338,2021-01-29,66.4,66.5,62.5,62.5,699342
1338,2021-01-28,65.3,67.2,64.9,65.4,535138
1338,2021-01-27,64.9,67.2,64.4,66.6,977910
1338,2021-01-26,64.7,65.7,63.5,64.2,707627
1338,2021-01-25,65.6,65.9,64.6,64.8,509624
1338,2021-01-22,65,66.8,65,66.5,729800
1338,2021-01-21,65.8,66.9,64.7,65.2,585491
1338,2021-01-20,68.8,68.8,65,65,1571921
1338,2021-01-19,68.9,70,68.1,68.3,1003140
1338,2021-01-18,67.8,69.8,66.2,68.9,1227173
1338,2021-01-15,69.5,69.9,67.5,67.9,1268223
1338,2021-01-14,69.1,70.5,68.8,69.5,2194553
1338,2021-01-13,67.4,69.5,67.3,69.1,2063440
1338,2021-01-12,67.8,68.5,66.3,66.8,1596654
1338,2021-01-11,68.8,69.7,67.1,68.5,1440697
1338,2021-01-08,72.2,72.5,67.5,67.6,3693667
1338,2021-01-07,64.4,70.4,64.4,70.4,4106308
1338,2021-01-06,66,68.2,63.1,64,2542259
1338,2021-01-05,67.8,69.6,67.2,67.6,4482087
1338,2021-01-04,67,67.2,65.5,67.2,2929076
1338,2022-12-30,42.95,43,42.8,42.9,55111
1338,2022-12-29,43.65,43.65,42.5,42.85,203572
1338,2022-12-28,43.6,43.65,43.15,43.2,138129
1338,2022-12-27,44.05,44.05,43.5,43.7,100076
1338,2022-12-26,43.6,43.7,43.55,43.55,44090
1338,2022-12-23,43.7,43.85,43.4,43.6,50873
1338,2022-12-22,43.65,44,43.65,43.7,48628
1338,2022-12-21,43.5,43.8,43.35,43.5,87733
1338,2022-12-20,44.2,44.5,43.5,43.5,199736
1338,2022-12-19,44.8,44.8,44.25,44.25,118039
1338,2022-12-16,45.45,45.5,44.8,44.8,213358
1338,2022-12-15,46,46,45.45,45.7,118410
1338,2022-12-14,45.85,46,45.7,45.8,86272
1338,2022-12-13,45.85,46.25,45.55,45.55,125111
1338,2022-12-12,46.05,46.05,45.55,45.85,94947
1338,2022-12-09,45.8,46.5,45.65,46.5,205319
1338,2022-12-08,46.1,46.3,45.65,45.75,71589
1338,2022-12-07,46.65,46.65,45.55,45.7,124136
1338,2022-12-06,46.4,46.75,45.9,46,154163
1338,2022-12-05,46.3,46.6,46.05,46.4,198014
1338,2022-12-02,46.1,46.5,45.95,46.1,266195
1338,2022-12-01,46.25,46.6,45.7,45.9,230362
1338,2022-11-30,45.4,45.9,44.8,45.7,144229
1338,2022-11-29,44.25,45.25,43.65,45,253483
1338,2022-11-28,44.75,44.75,44.15,44.5,298183
1338,2022-11-25,45.4,45.65,45.1,45.1,125384
1338,2022-11-24,45.45,45.65,45.2,45.45,90409
1338,2022-11-23,45.55,45.7,45.2,45.3,66386
1338,2022-11-22,45.75,45.75,45.2,45.4,168085
1338,2022-11-21,45.85,46,45.7,45.8,48629
1338,2022-11-18,46.05,46.5,45.5,45.85,131204
1338,2022-11-17,45.1,46.3,45.1,46.1,102021
1338,2022-11-16,46.2,46.5,45.5,45.55,216542
1338,2022-11-15,45.15,46.8,45.15,46.2,178472
1338,2022-11-14,45,45.65,44.85,45.5,165391
1338,2022-11-11,46,46,44.8,44.95,316025
1338,2022-11-10,46.45,46.5,44.85,45,402794
1338,2022-11-09,46.9,47,46.65,46.75,175257
1338,2022-11-08,47,47.3,46.75,46.85,172071
1338,2022-11-07,46.1,46.85,46.05,46.7,190078
1338,2022-11-04,46.05,46.85,46.05,46.5,94038
1338,2022-11-03,45.8,46.1,45.65,45.95,126030
1338,2022-11-02,46.1,46.9,46.1,46.5,54567
1338,2022-11-01,45.3,46.45,45.3,46.1,103376
1338,2022-10-31,45,46.4,45,45.8,67011
1338,2022-10-28,46,46,44.8,45,161022
1338,2022-10-27,45.45,46.15,45.45,46.15,64182
1338,2022-10-26,45.6,46.1,44.9,45.2,217255
1338,2022-10-25,48,48,45.6,45.6,232258
1338,2022-10-24,49.1,49.1,47,47.1,105355
1338,2022-10-21,47.25,47.65,46.85,46.9,110108
1338,2022-10-20,48.3,48.3,46.85,47.2,264581
1338,2022-10-19,49.5,49.5,48.6,48.65,127564
1338,2022-10-18,49.6,50.3,48.65,49.25,107587
1338,2022-10-17,49.6,49.6,48.1,49.1,198052
1338,2022-10-14,49.25,50.7,49.25,49.75,123127
1338,2022-10-13,51.6,52.2,48.85,48.95,534455
1338,2022-10-12,52.2,52.2,51.1,51.7,222385
1338,2022-10-11,53.5,53.5,52,52.1,337551
1338,2022-10-07,54.7,55,54.5,54.5,53293
1338,2022-10-06,55,55,54.6,55,75201
1338,2022-10-05,55.4,55.4,54.9,55,96043
1338,2022-10-04,54.5,55.5,54.2,55.2,269452
1338,2022-10-03,53.6,55,53.5,54,114015
1338,2022-09-30,53.1,54.7,53.1,54.3,167655
1338,2022-09-29,54.4,54.9,54,54.2,84190
1338,2022-09-28,55.9,55.9,53.4,53.5,256194
1338,2022-09-27,53.5,55.5,53.5,54.8,122642
1338,2022-09-26,56.8,56.8,53.3,53.5,582819
1338,2022-09-23,56.9,58.4,56.7,56.8,286528
1338,2022-09-22,56.2,57.5,55.3,57,269419
1338,2022-09-21,57.9,57.9,56.1,56.1,187032
1338,2022-09-20,57.3,57.3,56.5,57.1,70106
1338,2022-09-19,56.9,57.5,56.7,56.9,116034
1338,2022-09-16,57.5,58,57.3,57.3,303443
1338,2022-09-15,57,58.6,57,58,661550
1338,2022-09-14,54.5,57.1,54.5,57,326561
1338,2022-09-13,54.6,57.2,54.6,56.1,469091
1338,2022-09-12,54.4,55.1,54.1,54.9,169441
1338,2022-09-08,53.1,54.5,53.1,54.3,147236
1338,2022-09-07,53,53.1,52.2,52.5,287629
1338,2022-09-06,53.8,54.3,53.1,53.4,323132
1338,2022-09-05,54.8,55.2,54,54,281138
1338,2022-09-02,55.5,55.7,54.5,54.6,207395
1338,2022-09-01,55.1,55.7,54.9,55.2,237324
1338,2022-08-31,55.3,55.9,55.2,55.8,179706
1338,2022-08-30,55.3,57.5,54.8,56,401336
1338,2022-08-29,54.5,55.6,53.4,55.1,1411672
1338,2022-08-26,58,58.9,57.7,58,167260
1338,2022-08-25,57.7,58.3,57.7,57.9,151192
1338,2022-08-24,57.5,57.9,57.3,57.6,96574
1338,2022-08-23,57,57.8,56.9,57.6,120278
1338,2022-08-22,57.3,58,57,57,204150
1338,2022-08-19,58.1,58.7,57.8,58.2,206104
1338,2022-08-18,58.9,58.9,58,58.7,247656
1338,2022-08-17,59.6,59.6,58.3,58.9,297934
1338,2022-08-16,58.3,59.7,58.1,59,741472
1338,2022-08-15,57.5,58.3,57.5,58.3,328646
1338,2022-08-12,57.9,58,57,57.4,176669
1338,2022-08-11,57.4,57.7,56.5,57.4,304072
1338,2022-08-10,55.8,57.6,55.5,56.9,398639
1338,2022-08-09,54.9,55.6,54.7,55.4,80022
1338,2022-08-08,54.9,55.1,54.5,55.1,51193
1338,2022-08-05,54.9,55.5,54.7,55.3,107008
1338,2022-08-04,54.9,55.3,53.6,54.8,298819
1338,2022-08-03,57.3,57.3,55,55,251415
1338,2022-08-02,56.2,57,55.4,56.9,418818
1338,2022-08-01,56.1,57.1,56.1,56.7,422696
1338,2022-07-29,54.5,56.2,54.5,56.1,522033
1338,2022-07-28,54.2,55.3,54.2,54.5,414129
1338,2022-07-27,52.7,53.8,52.7,53.8,145115
1338,2022-07-26,54.4,54.4,52.8,53.1,173280
1338,2022-07-25,54.2,54.2,53.6,54,119368
1338,2022-07-22,54.1,55.1,54.1,54.3,263018
1338,2022-07-21,53.7,54,52.5,53.9,321126
1338,2022-07-20,55.6,55.6,53.3,53.5,428941
1338,2022-07-19,55,55.4,54.6,54.8,118100
1338,2022-07-18,54.5,55.5,54.5,55,244069
1338,2022-07-15,55.1,55.4,54.4,54.7,249809
1338,2022-07-14,55,55.8,54.2,55.1,365495
1338,2022-07-13,58.1,58.5,57.5,57.5,289878
1338,2022-07-12,59.1,59.1,56,56.8,335279
1338,2022-07-11,59.7,59.7,58.4,58.4,312881
1338,2022-07-08,57.6,59.2,57.6,58.4,465580
1338,2022-07-07,57,57.6,55.2,57.5,298195
1338,2022-07-06,58.6,58.6,56,56,241286
1338,2022-07-05,57.6,58.7,56.8,57.8,322011
1338,2022-07-04,55.3,56.8,54.7,55.9,350013
1338,2022-07-01,58.4,58.7,55.4,55.5,469343
1338,2022-06-30,60.3,60.3,58.3,58.4,464346
1338,2022-06-29,60.2,60.5,59.4,59.6,616610
1338,2022-06-28,60,60.4,59.1,59.6,637110
1338,2022-06-27,59,59.5,58.3,58.8,748096
1338,2022-06-24,59.1,60.8,58.6,58.7,1449279
1338,2022-06-23,55.8,58.1,55.8,57.8,839666
1338,2022-06-22,56,56.5,55.2,55.5,261151
1338,2022-06-21,53.8,55.8,52.9,55.7,650364
1338,2022-06-20,55.7,56.5,52.2,52.2,612456
1338,2022-06-17,55.5,56.4,55,56.2,248032
1338,2022-06-16,57.9,57.9,55.5,55.9,384262
1338,2022-06-15,57.3,57.6,56.5,57.1,239324
1338,2022-06-14,58,58.3,55.8,57.3,637964
1338,2022-06-13,57.9,59.6,57.3,57.8,1510417
1338,2022-06-10,56.5,57.7,56.2,57.1,606124
1338,2022-06-09,56.4,56.7,55.7,56.1,141110
1338,2022-06-08,56.8,57,56.1,56.1,150009
1338,2022-06-07,56.1,57.2,56,56.1,219288
1338,2022-06-06,57,57.1,56,56.1,168020
1338,2022-06-02,56.9,57.5,56.5,56.9,437213
1338,2022-06-01,55.8,57.6,55.6,56.9,757631
1338,2022-05-31,55.8,56.1,55.4,55.5,211046
1338,2022-05-30,55.8,56,55.3,55.5,209176
1338,2022-05-27,55.4,55.9,54.8,55.1,226329
1338,2022-05-26,56,56,54.5,54.7,275480
1338,2022-05-25,53.5,56.4,53.2,55.3,946919
1338,2022-05-24,54,54.4,52.9,53,154163
1338,2022-05-23,53.7,54.8,53.2,53.9,319275
1338,2022-05-20,52.3,54.1,52.3,53.7,570670
1338,2022-05-19,51.1,52,51,51.9,115027
1338,2022-05-18,52,52.6,51.6,51.9,121020
1338,2022-05-17,51,51.7,51,51.4,80223
1338,2022-05-16,51.6,51.6,50.5,50.8,101010
1338,2022-05-13,50.6,51,50.2,50.9,118302
1338,2022-05-12,49.7,50.5,49.7,49.85,113122
1338,2022-05-11,49.95,50.9,49.6,50.4,165523
1338,2022-05-10,48.3,50.3,48.3,49.7,252162
1338,2022-05-09,50.5,50.5,49.45,49.45,138019
1338,2022-05-06,51.3,51.3,50.6,50.8,87194
1338,2022-05-05,51.3,52,51,51.6,329217
1338,2022-05-04,50.9,51.9,50.5,50.7,107132
1338,2022-05-03,51.5,51.5,50.7,50.9,40014
1338,2022-04-29,51.1,51.5,50.8,51.1,169427
1338,2022-04-28,51.7,51.7,50.6,50.8,143074
1338,2022-04-27,48.2,51.4,48.2,50.9,410665
1338,2022-04-26,52.1,52.1,50.6,51,173224
1338,2022-04-25,52.4,52.4,50.7,50.7,216600
1338,2022-04-22,53.6,53.6,52.7,52.9,104035
1338,2022-04-21,54.3,54.3,53.6,53.8,68538
1338,2022-04-20,53.8,54.4,53.3,54.3,198065
1338,2022-04-19,52.9,53.8,52.4,53.7,223086
1338,2022-04-18,53,53,52.3,52.3,70451
1338,2022-04-15,53.5,53.7,52.5,52.8,183081
1338,2022-04-14,53.9,54.4,53.5,53.5,123182
1338,2022-04-13,53.4,54.2,52.7,53.7,418034
1338,2022-04-12,52.5,53,51.6,52.6,281971
1338,2022-04-11,54.4,54.4,52.5,52.5,304069
1338,2022-04-08,54.8,55.6,54,54,307257
1338,2022-04-07,55.2,55.4,53.6,53.7,280550
1338,2022-04-06,54.2,55.6,53.5,55.6,648365
1338,2022-04-01,54.8,54.8,54,54.5,288354
1338,2022-03-31,55.5,55.5,55.1,55.1,173545
1338,2022-03-30,56.4,56.5,55,55.8,758069
1338,2022-03-29,57,57.2,56.5,56.8,77389
1338,2022-03-28,57.5,57.5,56.4,56.6,205407
1338,2022-03-25,58.7,58.7,57.5,57.5,127122
1338,2022-03-24,58.1,58.4,57.5,58.4,208072
1338,2022-03-23,59,59.3,58.2,58.3,314357
1338,2022-03-22,58.7,58.7,57.9,58.5,112081
1338,2022-03-21,58.7,58.7,57.8,57.9,290076
1338,2022-03-18,58.2,58.5,57.7,58.3,391124
1338,2022-03-17,55.6,59.5,55.5,58.9,1234378
1338,2022-03-16,56.6,56.7,54.3,54.9,621449
1338,2022-03-15,57.8,57.8,56.1,56.2,297680
1338,2022-03-14,59.1,59.1,57.6,57.8,340601
1338,2022-03-11,59.1,59.4,58.7,58.7,352063
1338,2022-03-10,57.5,59.5,57.5,58.8,983649
1338,2022-03-09,57.8,57.8,56.6,57.1,492037
1338,2022-03-08,57.6,57.8,56,57,455228
1338,2022-03-07,57.8,58.1,56.4,58,398388
1338,2022-03-04,58,58.4,57.4,58.1,284260
1338,2022-03-03,58.8,58.8,58,58,97087
1338,2022-03-02,58.7,58.7,58,58.3,86803
1338,2022-03-01,57.5,59,57.5,58.5,224142
1338,2022-02-25,58.9,58.9,57.7,58.2,161182
1338,2022-02-24,59,59.6,57.6,58.4,441088
1338,2022-02-23,58.9,59.9,58.7,59.5,347276
1338,2022-02-22,59.3,59.5,57.8,58.7,284746
1338,2022-02-21,59.5,59.5,58.7,59.3,172064
1338,2022-02-18,58.6,59.5,58.6,59.3,238419
1338,2022-02-17,60.8,60.8,59.2,59.3,385625
1338,2022-02-16,60.8,60.9,59.8,60.2,1105665
1338,2022-02-15,58.3,60.7,57.7,60.1,1837555
1338,2022-02-14,57.8,57.8,56.6,57.3,275600
1338,2022-02-11,57.5,58.3,57.3,57.9,355488
1338,2022-02-10,58.3,58.3,57.3,57.5,257544
1338,2022-02-09,58,58.3,57.2,57.8,558308
1338,2022-02-08,57,57.8,56.5,57.3,1062822
1338,2022-02-07,53.7,56.9,53.6,56.4,1045677
1338,2022-01-26,52.3,53.9,52.2,53.6,311190
1338,2022-01-25,52.5,52.5,51.8,52.3,153080
1338,2022-01-24,53,53.1,51.8,52.8,296026
1338,2022-01-21,54.2,54.5,53.5,53.5,241411
1338,2022-01-20,54.7,55,54.4,54.6,156031
1338,2022-01-19,55,55,54.5,54.9,85418
1338,2022-01-18,55,55.2,54.8,55,112792
1338,2022-01-17,55.2,55.2,54.8,55,204165
1338,2022-01-14,56.5,56.6,54.6,55.3,370317
1338,2022-01-13,55.3,57,55.2,56.5,523846
1338,2022-01-12,55.9,55.9,55,55.1,127084
1338,2022-01-11,56.5,57,55.3,55.3,496706
1338,2022-01-10,54,56,54,55.8,446054
1338,2022-01-07,54.5,54.5,53.6,53.9,93241
1338,2022-01-06,55,55.6,54.4,54.5,61079
1338,2022-01-05,55.5,55.5,54.6,55,167022
1338,2022-01-04,55.5,56.1,55.4,55.5,93145
1338,2022-01-03,56.5,56.6,55.3,55.4,274112
1338,2023-12-29,42.7,43,42.5,42.9,115187
1338,2023-12-28,42.9,43.9,42.5,42.7,245858
1338,2023-12-27,42.8,43.55,42.75,43.2,103342
1338,2023-12-26,42.95,43.35,42.65,42.9,161340
1338,2023-12-25,43.5,43.65,42.9,43.05,97081
1338,2023-12-22,43.6,43.85,43.3,43.4,124468
1338,2023-12-21,43.25,44.2,43,43.35,207827
1338,2023-12-20,43.8,43.95,42.85,43.7,291350
1338,2023-12-19,44,44,42.4,42.65,373448
1338,2023-12-18,44.4,44.5,43.3,43.9,154575
1338,2023-12-15,43.8,45.3,43.8,44.4,485974
1338,2023-12-14,44.9,44.95,43.6,43.8,322870
1338,2023-12-13,43.85,44.7,43.4,44.2,508368
1338,2023-12-12,43.1,43.8,42.5,43.8,252686
1338,2023-12-11,42.45,44.15,42.4,42.85,284540
1338,2023-12-08,42.4,43.1,42.4,42.4,151265
1338,2023-12-07,43,43.05,42.2,42.9,225458
1338,2023-12-06,42.8,43.95,41.55,43.3,372319
1338,2023-12-05,43.85,43.85,42.8,42.9,451677
1338,2023-12-04,43.95,44.9,43.75,43.95,895720
1338,2023-12-01,42.65,44.95,42.6,43.7,1186442
1338,2023-11-30,42.35,42.6,42,42.6,413323
1338,2023-11-29,41.9,42.7,41.6,42.1,463264
1338,2023-11-28,41.55,42.7,41.55,41.8,474585
1338,2023-11-27,42.25,42.6,41.65,41.7,484894
1338,2023-11-24,41.6,42.95,41.05,42.2,2590973
1338,2023-11-23,38,41.15,37.95,41.15,1869441
1338,2023-11-22,38.3,38.3,36.8,37.45,474049
1338,2023-11-21,38.5,38.7,38.3,38.3,124215
1338,2023-11-20,38.25,38.65,38.25,38.5,190247
1338,2023-11-17,37.85,38.55,37.85,38.15,303252
1338,2023-11-16,37.2,37.8,37.1,37.8,113549
1338,2023-11-15,36.8,37.05,36.8,37,40086
1338,2023-11-14,37.5,37.5,36.7,37,47013
1338,2023-11-13,36.9,36.9,36.5,36.6,31048
1338,2023-11-10,37.1,37.1,36.8,36.9,30025
1338,2023-11-09,37.55,37.55,37,37.1,65029
1338,2023-11-08,36.75,37.45,36.75,36.95,33108
1338,2023-11-07,36.6,36.85,36.55,36.75,59464
1338,2023-11-06,36.6,37,36.45,36.6,95304
1338,2023-11-03,36.8,37,36.75,36.75,18508
1338,2023-11-02,36.45,36.9,36.4,36.8,52061
1338,2023-11-01,36.25,36.3,36.1,36.25,28472
1338,2023-10-31,36.2,36.45,36.1,36.25,34084
1338,2023-10-30,36.2,36.75,36.15,36.25,39134
1338,2023-10-27,36.45,36.5,36.2,36.3,42011
1338,2023-10-26,36.5,36.5,36.35,36.45,23047
1338,2023-10-25,36.75,37.5,36.75,36.9,24027
1338,2023-10-24,36.2,36.8,36.2,36.7,68084
1338,2023-10-23,36.6,36.85,36.6,36.7,18248
1338,2023-10-20,37.25,37.25,36.85,37,37177
1338,2023-10-19,37.45,37.45,37.25,37.3,50364
1338,2023-10-18,37.7,37.7,37.35,37.4,35319
1338,2023-10-17,38.1,38.2,37.6,37.7,64842
1338,2023-10-16,38.2,38.2,37.6,37.85,44249
1338,2023-10-13,37.8,38.45,37.55,38,227702
1338,2023-10-12,37.2,38.7,36.2,37.8,183628
1338,2023-10-11,36.8,37.3,36.65,36.9,104304
1338,2023-10-06,37.75,37.9,37.6,37.75,47479
1338,2023-10-05,38.4,38.5,37.55,37.65,74498
1338,2023-10-04,38.65,38.75,37.8,38,89700
1338,2023-10-03,36.75,39.4,36.75,38.65,670541
1338,2023-10-02,36.6,36.6,36.1,36.4,50094
1338,2023-09-28,36.55,36.6,36.15,36.55,48381
1338,2023-09-27,36.55,36.75,36.4,36.6,55245
1338,2023-09-26,36.5,37.05,36.4,36.7,97784
1338,2023-09-25,37,37,36.5,36.75,42879
1338,2023-09-22,37,37.15,36.3,36.75,88391
1338,2023-09-21,37.85,37.85,36.5,36.6,72919
1338,2023-09-20,37.6,37.95,37,37.1,119121
1338,2023-09-19,38.05,38.2,37.55,37.6,123290
1338,2023-09-18,36.7,38.3,36.7,38.3,131390
1338,2023-09-15,37.8,38.5,37.25,37.4,81657
1338,2023-09-14,37.9,39.2,37.35,37.5,382263
1338,2023-09-13,37.5,38.3,37.5,37.65,162930
1338,2023-09-12,36.95,38.1,36.4,37.85,255204
1338,2023-09-11,37,37.75,36.35,36.6,281666
1338,2023-09-08,36.05,36.8,35.85,36.6,98224
1338,2023-09-07,36.2,36.3,35.95,36.1,78829
1338,2023-09-06,37,37,36.2,36.2,199012
1338,2023-09-05,37.6,37.8,37.1,37.2,157550
1338,2023-09-04,37.2,37.9,36.9,37,492455
1338,2023-09-01,38,38,36.3,36.65,522613
1338,2023-08-31,38.65,38.8,36.9,37.35,1262032
1338,2023-08-30,35,36.85,34.9,36.85,1050849
1338,2023-08-29,33.55,33.95,33.3,33.5,296915
1338,2023-08-28,35,35,34.05,34.25,126998
1338,2023-08-25,34.8,35.2,34.7,34.85,101857
1338,2023-08-24,35.5,35.5,34.7,34.85,87129
1338,2023-08-23,34.95,35.3,34.9,35,53232
1338,2023-08-22,34.75,35.25,34.6,34.95,282470
1338,2023-08-21,35.2,35.55,35,35,75244
1338,2023-08-18,34.9,35.8,34.5,35.2,286844
1338,2023-08-17,33.4,34.95,33.3,34.95,585628
1338,2023-08-16,34.55,34.55,33.45,33.5,252292
1338,2023-08-15,33.75,34.75,33.65,34.55,197611
1338,2023-08-14,35.1,35.1,33.7,34,271748
1338,2023-08-11,36.05,36.05,34.55,35.15,511277
1338,2023-08-10,38.1,38.1,36.25,36.35,391050
1338,2023-08-09,38.35,38.55,38.05,38.25,74555
1338,2023-08-08,38.45,38.45,38.05,38.35,144907
1338,2023-08-07,38.55,38.6,38.3,38.45,48261
1338,2023-08-04,38.8,38.8,38.15,38.45,98567
1338,2023-08-02,38.5,38.55,38.2,38.2,144047
1338,2023-08-01,38.5,38.55,38.2,38.4,115917
1338,2023-07-31,38.85,39,38.5,38.55,125415
1338,2023-07-28,38.55,38.95,38.35,38.85,87649
1338,2023-07-27,38.85,39,38.4,38.55,193691
1338,2023-07-26,38.4,39.8,38.4,38.6,262711
1338,2023-07-25,38.85,38.85,38,38.4,337033
1338,2023-07-24,39.7,39.8,38.8,38.85,223730
1338,2023-07-21,40.1,40.1,39.65,39.7,185928
1338,2023-07-20,40.05,40.35,40,40.15,184312
1338,2023-07-19,41.05,41.45,40.5,40.55,184160
1338,2023-07-18,41.2,41.5,40.9,41.1,145236
1338,2023-07-17,42.15,42.15,41.05,41.2,124315
1338,2023-07-14,43,43.2,42.9,43,155041
1338,2023-07-13,43.1,43.2,42.9,42.95,105400
1338,2023-07-12,43,43.1,42.9,43.05,74401
1338,2023-07-11,43.15,43.15,42.95,43,86352
1338,2023-07-10,43.5,43.5,42.8,43,214900
1338,2023-07-07,43.95,44,43,43.55,213356
1338,2023-07-06,44.55,44.55,44.05,44.15,115208
1338,2023-07-05,44.55,44.6,44.2,44.5,212356
1338,2023-07-04,44.85,44.85,44.55,44.55,53679
1338,2023-07-03,44.4,44.6,44.35,44.6,154079
1338,2023-06-30,44.3,44.5,44.05,44.4,163382
1338,2023-06-29,44.8,44.8,44.4,44.45,50541
1338,2023-06-28,44.65,44.7,44.4,44.45,63127
1338,2023-06-27,44.75,44.75,44.4,44.7,69408
1338,2023-06-26,45.3,45.3,44.75,44.75,108073
1338,2023-06-21,44.85,45.1,44.7,45.1,53311
1338,2023-06-20,45.2,45.2,44.75,44.8,64588
1338,2023-06-19,44.9,45.3,44.85,45.2,13230
1338,2023-06-16,45.55,45.55,45,45,115226
1338,2023-06-15,45.1,46.35,45,45.1,194192
1338,2023-06-14,44.85,44.85,44.5,44.8,82003
1338,2023-06-13,44.8,45,44.35,44.65,105725
1338,2023-06-12,45.15,45.15,44.35,44.4,102502
1338,2023-06-09,44.3,45.25,44.3,45.1,76407
1338,2023-06-08,44.55,44.65,44.3,44.5,45148
1338,2023-06-07,44.95,45.35,44.35,44.5,204828
1338,2023-06-06,45,45,44.7,44.95,43691
1338,2023-06-05,44.75,45.3,44.7,44.85,115895
1338,2023-06-02,44.8,44.8,44.5,44.7,87265
1338,2023-06-01,44.8,44.8,44.45,44.8,85596
1338,2023-05-31,45.4,45.45,44.5,44.8,137313
1338,2023-05-30,44.2,45.6,44.2,44.85,476496
1338,2023-05-29,43.35,44,43.2,43.45,126456
1338,2023-05-26,43.7,43.75,43.2,43.25,90127
1338,2023-05-25,44,44.1,43.65,43.65,29506
1338,2023-05-24,44.6,44.6,43.85,44.15,36399
1338,2023-05-23,43.8,44.45,43.8,44.3,68694
1338,2023-05-22,44.1,44.1,43.7,43.85,69880
1338,2023-05-19,43.55,43.9,43.35,43.6,66347
1338,2023-05-18,43.5,43.65,43,43.4,110318
1338,2023-05-17,42.8,42.95,42.55,42.9,113017
1338,2023-05-16,42.3,42.75,42.3,42.6,63471
1338,2023-05-15,42.85,43.05,42,42.3,182049
1338,2023-05-12,43.3,43.45,43,43.1,178787
1338,2023-05-11,43.95,44,43.1,43.35,135570
1338,2023-05-10,44.1,44.25,43.9,44.1,150073
1338,2023-05-09,45,45,44,44.3,121856
1338,2023-05-08,45.5,45.5,44.7,44.7,34909
1338,2023-05-05,44.55,44.75,44.55,44.6,43126
1338,2023-05-04,45,45,44.5,44.55,29766
1338,2023-05-03,44.45,44.55,44.2,44.45,28285
1338,2023-05-02,44.25,44.5,44.15,44.45,11069
1338,2023-04-28,44.3,44.3,43.85,44.25,54233
1338,2023-04-27,44,44.4,44,44.2,37045
1338,2023-04-26,43.4,43.95,43.4,43.95,57941
1338,2023-04-25,44.2,44.55,43.45,43.9,383866
1338,2023-04-24,44.4,44.5,44.1,44.15,86818
1338,2023-04-21,45.25,45.25,44.4,44.4,213988
1338,2023-04-20,45.75,45.75,45.2,45.25,94789
1338,2023-04-19,46.5,46.7,45.6,45.85,215610
1338,2023-04-18,46.05,46.35,45.7,46.05,124435
1338,2023-04-17,45.5,46.2,45.45,46.05,119317
1338,2023-04-14,45.5,45.6,45.3,45.45,81272
1338,2023-04-13,45.8,45.8,45.5,45.55,45481
1338,2023-04-12,45.75,45.85,45.75,45.85,49859
1338,2023-04-11,46,46.1,45.65,45.7,105041
1338,2023-04-10,45.4,45.7,45.25,45.45,52708
1338,2023-04-07,45.4,45.85,45.25,45.45,93013
1338,2023-04-06,45.3,45.65,45.3,45.35,49600
1338,2023-03-31,45.8,45.8,45.4,45.45,87026
1338,2023-03-30,45.75,45.85,45.55,45.6,77132
1338,2023-03-29,46,46.05,45.4,45.65,80590
1338,2023-03-28,45.95,46.15,45.7,45.8,89702
1338,2023-03-27,47,47.2,45.15,45.7,302555
1338,2023-03-24,46.8,47.05,45.9,47.05,144343
1338,2023-03-23,46.9,47,46.65,46.65,61145
1338,2023-03-22,45.75,47.1,45.5,46.8,384537
1338,2023-03-21,45.7,45.95,45.3,45.35,81297
1338,2023-03-20,45.1,46.05,45.1,45.35,25448
1338,2023-03-17,45.4,46.15,45,45.5,106435
1338,2023-03-16,45.05,45.4,45,45.4,110923
1338,2023-03-15,45.55,46,45.1,46,138198
1338,2023-03-14,45.7,46.15,45.5,45.55,59192
1338,2023-03-13,46.75,46.75,45.7,46.05,94997
1338,2023-03-10,46.8,47,45.75,47,196543
1338,2023-03-09,47.6,47.8,47.1,47.1,101326
1338,2023-03-08,48,48,47,47.95,116393
1338,2023-03-07,47.9,48.25,47.8,48,163220
1338,2023-03-06,47,47.85,46.9,47.8,332126
1338,2023-03-03,46.9,46.9,46.05,46.7,88707
1338,2023-03-02,45.35,46.45,45.3,46,46079
1338,2023-03-01,45.6,45.9,45.4,45.45,98163
1338,2023-02-24,46.7,46.7,45.9,46.05,113637
1338,2023-02-23,47,47,46.6,46.65,64132
1338,2023-02-22,45.8,46.75,45.8,46.75,57245
1338,2023-02-21,46.75,47.1,46.7,46.7,111074
1338,2023-02-20,46,46.8,46,46.7,149326
1338,2023-02-17,45.4,46.5,45.4,45.95,194053
1338,2023-02-16,45.35,45.5,44.9,45.4,67136
1338,2023-02-15,44.95,45.4,44.9,45.05,85056
1338,2023-02-14,44.9,45.75,44.9,45.1,53186
1338,2023-02-13,44.95,45.15,44.7,44.8,43095
1338,2023-02-10,45,45.45,44.8,44.8,157055
1338,2023-02-09,45.35,45.5,45,45.35,110434
1338,2023-02-08,45.65,46.2,45.3,45.35,47067
1338,2023-02-07,45.2,45.55,45,45.55,26117
1338,2023-02-06,45.55,45.9,45,45.3,95658
1338,2023-02-03,46,46.2,45.45,45.85,105690
1338,2023-02-02,46,46.2,45.8,46,161922
1338,2023-02-01,44.8,46.25,44.8,45.95,405558
1338,2023-01-31,44.45,44.9,44.45,44.6,180923
1338,2023-01-30,43.15,44.8,43.05,44.5,249243
1338,2023-01-17,43.1,43.1,42.6,42.8,81797
1338,2023-01-16,43.15,43.15,42.8,42.9,104143
1338,2023-01-13,43.3,43.35,43,43.15,66082
1338,2023-01-12,43.25,43.5,43.2,43.4,63009
1338,2023-01-11,44,44.25,42.9,43.25,136016
1338,2023-01-10,43.85,44.6,43.5,44,96014
1338,2023-01-09,43.6,44.1,43.4,43.85,106172
1338,2023-01-06,43.15,43.8,43.15,43.55,36070
1338,2023-01-05,43.15,43.75,43.15,43.35,66076
1338,2023-01-04,42.4,43.45,42.4,43,163279
1338,2023-01-03,42.6,42.6,41.8,42.35,141653
1338,2024-05-22,34.2,34.25,34.1,34.1,68960
1338,2024-05-21,34.3,34.3,34.1,34.3,38466
1338,2024-05-20,34.2,34.4,34.05,34.2,63367
1338,2024-05-17,34,34.3,34,34.2,73821
1338,2024-05-16,34.35,34.35,33.8,34,309625
1338,2024-05-15,34.2,34.4,34,34.05,93762
1338,2024-05-14,34,34.45,33.95,34.1,93541
1338,2024-05-13,33.8,34.1,33.7,34,70673
1338,2024-05-10,33.9,33.95,33.5,33.85,63695
1338,2024-05-09,33.45,33.9,33.4,33.45,45836
1338,2024-05-08,33.5,33.7,33.2,33.4,169374
1338,2024-05-07,33.9,33.9,33.45,33.55,100152
1338,2024-05-06,34.1,34.1,33.85,33.9,54972
1338,2024-05-03,33.75,34.15,33.75,33.9,18292
1338,2024-05-02,33.4,33.95,33.4,33.65,45413
1338,2024-04-30,33.55,33.95,33.3,33.4,62954
1338,2024-04-29,33.2,33.8,33.2,33.55,69946
1338,2024-04-26,33.5,34,33.45,33.5,51914
1338,2024-04-25,33.25,33.5,33.25,33.45,18295
1338,2024-04-24,33.85,33.85,33.45,33.5,42406
1338,2024-04-23,33.4,33.75,33.35,33.4,64133
1338,2024-04-22,33.1,34.5,33.1,33.65,74730
1338,2024-04-19,33.65,33.85,32.9,33.35,142393
1338,2024-04-18,33.9,34.4,33.55,34.1,303104
1338,2024-04-17,33.4,33.7,33.35,33.65,63212
1338,2024-04-16,34.5,34.5,33.15,33.4,278032
1338,2024-04-15,34.8,35,34.55,34.6,108484
1338,2024-04-12,35.2,35.2,35,35.05,71908
1338,2024-04-11,35.2,36.3,34.8,35.25,131637
1338,2024-04-10,35.65,35.65,34.95,35.15,225195
1338,2024-04-09,35.8,35.8,35.55,35.65,52347
1338,2024-04-08,35.8,35.95,35.8,35.8,46217
1338,2024-04-03,35.9,36.35,35.55,35.95,73122
1338,2024-04-02,35.75,35.9,35.7,35.75,62823
1338,2024-04-01,35.5,35.75,35.5,35.7,37503
1338,2024-03-29,35.6,35.7,35.3,35.6,24901
1338,2024-03-28,35.1,35.6,35.1,35.5,76093
1338,2024-03-27,35.05,35.6,35,35.1,48644
1338,2024-03-26,35,35.2,34.8,35.05,200199
1338,2024-03-25,35.5,35.5,34.95,35.05,53717
1338,2024-03-22,35.2,35.35,34.9,35.05,75142
1338,2024-03-21,35.15,35.3,35.1,35.2,98681
1338,2024-03-20,35.5,35.5,34.95,35.15,120132
1338,2024-03-19,35,35.8,35,35.35,102756
1338,2024-03-18,35.5,35.55,34.95,35.05,183308
1338,2024-03-15,36.65,36.65,35.35,36.05,293584
1338,2024-03-14,36.3,36.9,36.3,36.65,47858
1338,2024-03-13,37.2,37.2,36.65,36.8,113803
1338,2024-03-12,36.9,37.3,36.85,37.15,63377
1338,2024-03-11,37.05,37.4,36.85,37,53403
1338,2024-03-08,37.95,38,37.05,37.1,142393
1338,2024-03-07,39.35,39.35,37.9,38.15,116785
1338,2024-03-06,37.35,40,36.9,38.6,439522
1338,2024-03-05,37.65,37.7,37.3,37.35,61615
1338,2024-03-04,38.1,38.15,37.45,37.65,157809
1338,2024-03-01,38.35,38.35,38.05,38.1,67333
1338,2024-02-29,38.45,38.55,38.05,38.35,58406
1338,2024-02-27,39.15,39.15,38,38.4,189795
1338,2024-02-26,39.5,39.5,38.8,39,141856
1338,2024-02-23,39.9,39.9,39.2,39.5,83059
1338,2024-02-22,40.05,40.4,39.5,39.85,90350
1338,2024-02-21,39.5,40.8,39.5,39.85,107391
1338,2024-02-20,39.85,39.95,39.5,39.8,32168
1338,2024-02-19,39.25,40,39.25,39.8,56587
1338,2024-02-16,38.85,39.65,38.8,39.25,97861
1338,2024-02-15,39.15,40.15,38.6,38.85,98248
1338,2024-02-05,38.9,39.6,38.9,39.3,31137
1338,2024-02-02,39.35,39.35,39.15,39.2,48446
1338,2024-02-01,38.95,39.3,38.95,39,50412
1338,2024-01-31,38.95,39.1,38.8,39.1,15424
1338,2024-01-30,39.8,39.8,38.9,39.05,61162
1338,2024-01-29,39,39.7,38.8,39.6,112349
1338,2024-01-26,40.35,40.35,39.15,39.35,29267
1338,2024-01-25,39.35,39.35,38.6,39,149347
1338,2024-01-24,38.75,39.7,38.7,39,89507
1338,2024-01-23,38.9,39.2,38.65,39,94137
1338,2024-01-22,39.45,39.5,38.75,39.25,78786
1338,2024-01-19,38.6,39.7,38.6,39.5,46044
1338,2024-01-18,39,39,38.2,38.55,67550
1338,2024-01-17,40.05,40.2,38.7,39,186094
1338,2024-01-16,40.9,40.9,40.15,40.2,144125
1338,2024-01-15,40.65,41.8,40.65,41,38710
1338,2024-01-12,40.8,41.05,40.6,40.7,97103
1338,2024-01-11,41.3,42.05,40.9,41,92028
1338,2024-01-10,42.65,42.65,41.1,41.1,56957
1338,2024-01-09,42,42.5,40.7,41.4,196958
1338,2024-01-08,42.65,42.65,41.75,41.75,96180
1338,2024-01-05,42.5,43,42.15,42.3,81563
1338,2024-01-04,42.6,42.6,42.4,42.5,29196
1338,2024-01-03,42.6,43.1,42.4,42.6,85200
1338,2024-01-02,42.95,43.5,42.65,42.65,89303
